# Time	[Z]	[mu2]	[mZ]	[mF]	[F]	[mP]	[PE]	[PG]	[PM]	[STAT]	(R3).Flux	(R4).Flux	(R5).Flux	(R6).Flux	
0	4647.72	19615	49.668	538.299	538299	290.115	4665.01	4354.01	52248.1	2.45454e+06	9.27882e-10	9.44375e-11	1.33758e-10	9.80751e-10	
1e-09	4647.72	19615	49.668	538.299	538299	290.115	4665.01	4354.01	52248.1	2.45454e+06	9.27882e-10	9.44375e-11	1.33758e-10	9.80751e-10	
2e-09	4647.72	19615	49.668	538.299	538299	290.115	4665.01	4354.01	52248.1	2.45454e+06	9.27882e-10	9.44375e-11	1.33758e-10	9.80751e-10	
1.0002e-05	4647.72	19615	49.6682	538.299	538299	290.115	4665.01	4354.01	52248.1	2.45454e+06	9.27882e-10	9.44378e-11	1.33758e-10	9.80751e-10	
2.0002e-05	4647.72	19615	49.6684	538.299	538299	290.115	4665.01	4354.01	52248.1	2.45454e+06	9.27882e-10	9.44381e-11	1.33758e-10	9.8075e-10	
3.0002e-05	4647.72	19615	49.6685	538.299	538299	290.115	4665.01	4354.01	52248.1	2.45454e+06	9.27882e-10	9.44385e-11	1.33758e-10	9.8075e-10	
0.000130002	4647.72	19615	49.6703	538.299	538299	290.115	4665.01	4354.01	52248.1	2.45454e+06	9.27882e-10	9.44418e-11	1.33757e-10	9.80749e-10	
0.000230002	4647.72	19614.9	49.6721	538.299	538299	290.115	4665.01	4354.01	52248.1	2.45454e+06	9.27882e-10	9.44452e-11	1.33757e-10	9.80747e-10	
0.000330002	4647.72	19614.9	49.6739	538.299	538299	290.115	4665.01	4354.01	52248.1	2.45454e+06	9.27882e-10	9.44485e-11	1.33757e-10	9.80746e-10	
0.000430002	4647.72	19614.9	49.6757	538.299	538299	290.115	4665.01	4354.01	52248.1	2.45454e+06	9.27882e-10	9.44518e-11	1.33757e-10	9.80745e-10	
0.00143	4647.72	19614.6	49.6936	538.299	538299	290.115	4665.01	4354.01	52248.1	2.45454e+06	9.27882e-10	9.44853e-11	1.33756e-10	9.80731e-10	
0.00243	4647.72	19614.3	49.7115	538.299	538299	290.115	4665.01	4354.01	52248.1	2.45454e+06	9.27882e-10	9.45186e-11	1.33755e-10	9.80717e-10	
0.00343	4647.72	19614	49.7293	538.299	538299	290.115	4665.01	4354.01	52248.1	2.45454e+06	9.27882e-10	9.4552e-11	1.33753e-10	9.80702e-10	
0.00443	4647.72	19613.8	49.7471	538.299	538299	290.115	4665.01	4354.01	52248.1	2.45454e+06	9.27882e-10	9.45852e-11	1.33752e-10	9.80688e-10	
0.01443	4647.74	19611	49.924	538.299	538299	290.115	4665.01	4354.01	52248.1	2.45454e+06	9.27882e-10	9.49154e-11	1.3374e-10	9.80548e-10	
0.02443	4647.77	19608.1	50.0983	538.299	538299	290.115	4665.03	4354.01	52248.1	2.45454e+06	9.27882e-10	9.52408e-11	1.33728e-10	9.80407e-10	
0.03443	4647.82	19605.3	50.2703	538.299	538299	290.115	4665.05	4354.01	52248.1	2.45454e+06	9.27882e-10	9.55615e-11	1.33716e-10	9.80266e-10	
0.04443	4647.89	19602.5	50.4398	538.299	538299	290.116	4665.08	4354.01	52248.1	2.45454e+06	9.27882e-10	9.58777e-11	1.33705e-10	9.80125e-10	
0.05443	4647.97	19599.7	50.607	538.299	538299	290.116	4665.12	4354.01	52248.1	2.45454e+06	9.27882e-10	9.61893e-11	1.33693e-10	9.79984e-10	
0.15443	4649.65	19571.4	52.1563	538.299	538299	290.127	4665.85	4354.08	52248.1	2.45454e+06	9.27882e-10	9.90702e-11	1.33577e-10	9.78571e-10	
0.25443	4652.72	19543	53.5043	538.299	538299	290.148	4667.2	4354.29	52248.1	2.45454e+06	9.27882e-10	1.01565e-10	1.33465e-10	9.77152e-10	
0.35443	4657.01	19514.6	54.6784	538.299	538299	290.177	4669.11	4354.73	52248.2	2.45454e+06	9.27882e-10	1.03725e-10	1.33356e-10	9.75729e-10	
0.45443	4662.36	19486.1	55.7022	538.299	538299	290.215	4671.51	4355.42	52248.4	2.45454e+06	9.27882e-10	1.05598e-10	1.3325e-10	9.74303e-10	
0.55443	4668.62	19457.5	56.5962	538.299	538299	290.259	4674.34	4356.41	52248.7	2.45454e+06	9.27882e-10	1.07223e-10	1.33148e-10	9.72876e-10	
0.65443	4675.67	19429	57.3781	538.299	538299	290.31	4677.57	4357.7	52249.2	2.45454e+06	9.27882e-10	1.08632e-10	1.33048e-10	9.7145e-10	
0.826002	4689.33	19380.1	58.5013	538.299	538299	290.41	4683.88	4360.64	52250.8	2.45454e+06	9.27882e-10	1.10633e-10	1.32883e-10	9.69005e-10	
0.997575	4704.61	19331.3	59.4021	538.299	538299	290.526	4691.03	4364.47	52253.3	2.45454e+06	9.27882e-10	1.12208e-10	1.32724e-10	9.66567e-10	
1.16915	4721.16	19282.8	60.1297	538.299	538299	290.653	4698.86	4369.15	52257	2.45454e+06	9.27882e-10	1.13453e-10	1.32571e-10	9.6414e-10	
1.34072	4738.72	19234.5	60.7227	538.299	538299	290.791	4707.25	4374.61	52262.2	2.45454e+06	9.27881e-10	1.14442e-10	1.32423e-10	9.61725e-10	
1.51229	4757.09	19186.5	61.2112	538.299	538299	290.937	4716.09	4380.75	52269.1	2.45454e+06	9.27881e-10	1.15231e-10	1.32279e-10	9.59324e-10	
1.68386	4776.11	19138.8	61.6184	538.299	538299	291.09	4725.3	4387.51	52277.7	2.45454e+06	9.27881e-10	1.15866e-10	1.32139e-10	9.56939e-10	
1.85544	4795.65	19091.4	61.9626	538.299	538299	291.249	4734.8	4394.79	52288.3	2.45454e+06	9.27881e-10	1.1638e-10	1.32003e-10	9.54571e-10	
2.02701	4815.61	19044.4	62.2577	538.299	538299	291.413	4744.55	4402.53	52300.9	2.45454e+06	9.27881e-10	1.16803e-10	1.3187e-10	9.5222e-10	
2.19858	4835.93	18997.7	62.515	538.299	538299	291.581	4754.49	4410.66	52315.6	2.45454e+06	9.27881e-10	1.17153e-10	1.31739e-10	9.49887e-10	
2.37015	4856.53	18951.4	62.7428	538.299	538299	291.752	4764.59	4419.11	52332.4	2.45454e+06	9.27881e-10	1.17447e-10	1.3161e-10	9.47572e-10	
2.56819	4880.62	18898.5	62.978	538.299	538299	291.952	4776.39	4429.2	52354.6	2.45454e+06	9.27881e-10	1.17735e-10	1.31464e-10	9.44923e-10	
2.76623	4904.97	18846	63.1907	538.299	538299	292.155	4788.32	4439.59	52379.7	2.45454e+06	9.27881e-10	1.1798e-10	1.31321e-10	9.423e-10	
2.96426	4929.56	18794	63.3869	538.299	538299	292.36	4800.33	4450.22	52407.8	2.45454e+06	9.2788e-10	1.18195e-10	1.3118e-10	9.39701e-10	
3.1623	4954.34	18742.5	63.571	538.299	538299	292.566	4812.4	4461.03	52438.8	2.45454e+06	9.2788e-10	1.18386e-10	1.31041e-10	9.37127e-10	
3.36034	4979.31	18691.6	63.7463	538.299	538299	292.773	4824.51	4471.98	52472.7	2.45454e+06	9.2788e-10	1.18562e-10	1.30903e-10	9.34578e-10	
3.55837	5004.43	18641.1	63.9152	538.299	538299	292.981	4836.63	4483.04	52509.5	2.45454e+06	9.2788e-10	1.18725e-10	1.30767e-10	9.32054e-10	
3.80046	5035.34	18580	64.1159	538.299	538299	293.235	4851.47	4496.67	52558.4	2.45454e+06	9.2788e-10	1.18914e-10	1.30602e-10	9.29002e-10	
4.04254	5066.46	18519.7	64.3123	538.299	538299	293.489	4866.29	4510.37	52611.3	2.45454e+06	9.2788e-10	1.19095e-10	1.3044e-10	9.25986e-10	
4.28463	5097.77	18460.1	64.5063	538.299	538299	293.743	4881.09	4524.11	52668.2	2.45454e+06	9.27879e-10	1.19272e-10	1.30279e-10	9.23007e-10	
4.52671	5129.27	18401.3	64.6991	538.299	538299	293.996	4895.84	4537.87	52729	2.45454e+06	9.27879e-10	1.19447e-10	1.3012e-10	9.20063e-10	
4.7688	5160.94	18343.1	64.8916	538.299	538299	294.247	4910.54	4551.63	52793.5	2.45454e+06	9.27879e-10	1.19622e-10	1.29962e-10	9.17154e-10	
5.07831	5201.7	18269.7	65.1381	538.299	538299	294.568	4929.25	4569.18	52881.1	2.45454e+06	9.27879e-10	1.19846e-10	1.29763e-10	9.13486e-10	
5.38782	5242.74	18197.5	65.3859	538.299	538299	294.886	4947.86	4586.67	52974.4	2.45454e+06	9.27878e-10	1.20074e-10	1.29565e-10	9.09874e-10	
5.69733	5284.06	18126.3	65.6356	538.299	538299	295.202	4966.35	4604.08	53072.9	2.45454e+06	9.27878e-10	1.20305e-10	1.2937e-10	9.06316e-10	
6.00684	5325.67	18056.3	65.8876	538.299	538299	295.515	4984.71	4621.4	53176.3	2.45454e+06	9.27878e-10	1.2054e-10	1.29177e-10	9.02813e-10	
6.31635	5367.56	17987.3	66.1421	538.299	538299	295.826	5002.95	4638.62	53284.5	2.45454e+06	9.27878e-10	1.20781e-10	1.28986e-10	8.99363e-10	
6.69541	5419.25	17904.2	66.4574	538.299	538299	296.204	5025.11	4659.55	53423	2.45454e+06	9.27877e-10	1.21083e-10	1.28755e-10	8.95208e-10	
7.07446	5471.38	17822.6	66.7771	538.299	538299	296.577	5047.07	4680.31	53567.7	2.45454e+06	9.27877e-10	1.21393e-10	1.28527e-10	8.9113e-10	
7.45352	5523.93	17742.5	67.1011	538.299	538299	296.947	5068.83	4700.89	53718.1	2.45454e+06	9.27877e-10	1.21712e-10	1.28301e-10	8.87127e-10	
7.83258	5576.92	17663.9	67.4297	538.299	538299	297.312	5090.38	4721.27	53873.7	2.45454e+06	9.27876e-10	1.22039e-10	1.28078e-10	8.83197e-10	
8.20739	5629.75	17587.6	67.7591	538.299	538299	297.669	5111.49	4741.25	54032.4	2.45454e+06	9.27876e-10	1.22372e-10	1.27861e-10	8.79382e-10	
8.58219	5683.02	17512.7	68.0932	538.299	538299	298.023	5132.39	4761.04	54195.5	2.45454e+06	9.27875e-10	1.22713e-10	1.27646e-10	8.75636e-10	
8.957	5736.73	17439.1	68.4319	538.299	538299	298.372	5153.1	4780.64	54362.6	2.45454e+06	9.27875e-10	1.23064e-10	1.27433e-10	8.71956e-10	
9.33181	5790.89	17366.8	68.7754	538.299	538299	298.718	5173.6	4800.06	54533.3	2.45454e+06	9.27875e-10	1.23423e-10	1.27224e-10	8.68342e-10	
10.0576	5897.03	17230.5	69.4543	538.299	538299	299.376	5212.74	4837.12	54873.1	2.45454e+06	9.27874e-10	1.24145e-10	1.26824e-10	8.61526e-10	
10.7833	6004.9	17098.8	70.1518	538.299	538299	300.02	5251.13	4873.48	55223.3	2.45454e+06	9.27873e-10	1.24901e-10	1.26435e-10	8.5494e-10	
11.5091	6114.54	16971.5	70.8684	538.299	538299	300.651	5288.78	4909.15	55582	2.45454e+06	9.27872e-10	1.25693e-10	1.26054e-10	8.48575e-10	
12.2348	6225.98	16848.4	71.6049	538.299	538299	301.267	5325.71	4944.14	55947.4	2.45454e+06	9.27871e-10	1.26522e-10	1.25682e-10	8.42421e-10	
12.9197	6332.85	16736	72.3185	538.299	538299	301.836	5359.9	4976.54	56297	2.45454e+06	9.2787e-10	1.27337e-10	1.25339e-10	8.36799e-10	
13.6046	6441.41	16627	73.0508	538.299	538299	302.394	5393.47	5008.34	56650	2.45454e+06	9.27869e-10	1.28186e-10	1.25003e-10	8.3135e-10	
14.2895	6551.71	16521.3	73.8023	538.299	538299	302.94	5426.42	5039.56	57005.5	2.45454e+06	9.27868e-10	1.29069e-10	1.24674e-10	8.26067e-10	
14.9744	6663.79	16418.8	74.5737	538.299	538299	303.474	5458.76	5070.22	57362.6	2.45454e+06	9.27867e-10	1.29987e-10	1.24353e-10	8.20942e-10	
15.2751	6713.57	16374.8	74.9187	538.299	538299	303.706	5472.78	5083.49	57519.6	2.45454e+06	9.27866e-10	1.30401e-10	1.24214e-10	8.1874e-10	
15.5758	6763.71	16331.3	75.2678	538.299	538299	303.935	5486.68	5096.66	57676.6	2.45454e+06	9.27866e-10	1.30822e-10	1.24076e-10	8.16567e-10	
15.8764	6814.21	16288.4	75.6209	538.299	538299	304.162	5500.47	5109.73	57833.7	2.45454e+06	9.27865e-10	1.3125e-10	1.2394e-10	8.14422e-10	
16.507	6921.31	16200.3	76.3747	538.299	538299	304.632	5529.03	5136.79	58163	2.45454e+06	9.27864e-10	1.32171e-10	1.23658e-10	8.10013e-10	
17.1375	7030.08	16114.4	77.1472	538.299	538299	305.093	5557.12	5163.4	58491.6	2.45454e+06	9.27863e-10	1.33124e-10	1.23381e-10	8.0572e-10	
17.7681	7140.55	16030.8	77.9389	538.299	538299	305.546	5584.74	5189.56	58819.1	2.45454e+06	9.27861e-10	1.3411e-10	1.2311e-10	8.01539e-10	
18.5491	7279.84	15930.2	78.9469	538.299	538299	306.096	5618.34	5221.38	59222.7	2.45454e+06	9.2786e-10	1.35376e-10	1.2278e-10	7.96508e-10	
19.3301	7421.92	15832.7	79.9865	538.299	538299	306.633	5651.27	5252.56	59623.5	2.45454e+06	9.27858e-10	1.36696e-10	1.22458e-10	7.91633e-10	
20.1111	7566.93	15738.1	81.059	538.299	538299	307.159	5683.56	5283.12	60020.9	2.45454e+06	9.27856e-10	1.38069e-10	1.22143e-10	7.86905e-10	
20.8921	7714.97	15646.3	82.1657	538.299	538299	307.673	5715.23	5313.1	60414.5	2.45454e+06	9.27854e-10	1.39498e-10	1.21834e-10	7.82316e-10	
22.0574	7941.8	15514.2	83.8838	538.299	538299	308.421	5761.4	5356.77	60994.1	2.45454e+06	9.27851e-10	1.41738e-10	1.21386e-10	7.75712e-10	
23.2227	8176.16	15387.5	85.6866	538.299	538299	309.148	5806.35	5399.27	61563.5	2.45454e+06	9.27847e-10	1.44113e-10	1.2095e-10	7.69375e-10	
24.388	8418.57	15265.6	87.58	538.299	538299	309.853	5850.18	5440.67	62122.3	2.45454e+06	9.27843e-10	1.4663e-10	1.20526e-10	7.63282e-10	
25.5534	8669.62	15148.2	89.5702	538.299	538299	310.541	5892.98	5481.07	62670.1	2.45454e+06	9.27839e-10	1.49298e-10	1.20113e-10	7.57412e-10	
26.7187	8929.96	15034.8	91.6642	538.299	538299	311.211	5934.85	5520.57	63207	2.45454e+06	9.27834e-10	1.52124e-10	1.19709e-10	7.5174e-10	
28.1068	9253.21	14904.3	94.305	538.299	538299	311.99	5983.66	5566.56	63832.3	2.45454e+06	9.27828e-10	1.55711e-10	1.19239e-10	7.45216e-10	
29.495	9592.02	14778.2	97.1185	538.299	538299	312.751	6031.49	5611.56	64442.5	2.45454e+06	9.27821e-10	1.59556e-10	1.18779e-10	7.38911e-10	
30.8832	9947.94	14655.8	100.121	538.299	538299	313.496	6078.52	5655.74	65038.6	2.45454e+06	9.27813e-10	1.63678e-10	1.18326e-10	7.32792e-10	
32.2714	10322.7	14536.5	103.33	538.299	538299	314.23	6124.95	5699.29	65621.6	2.45454e+06	9.27804e-10	1.68099e-10	1.17879e-10	7.26826e-10	
33.6595	10718.3	14419.6	106.766	538.299	538299	314.955	6170.98	5742.4	66192.6	2.45454e+06	9.27793e-10	1.72844e-10	1.17435e-10	7.20982e-10	
35.3579	11233.8	14279	111.311	538.299	538299	315.835	6227.07	5794.81	66877.2	2.45454e+06	9.27779e-10	1.7913e-10	1.16894e-10	7.13952e-10	
37.0562	11788.5	14140.1	116.274	538.299	538299	316.713	6283.29	5847.22	67549.2	2.45454e+06	9.27761e-10	1.85996e-10	1.1635e-10	7.07003e-10	
38.7546	12387.8	14001.5	121.707	538.299	538299	317.597	6340.1	5900.04	68212	2.45454e+06	9.27741e-10	1.935e-10	1.158e-10	7.00077e-10	
40.4529	13037.8	13862.4	127.666	538.299	538299	318.494	6397.95	5953.68	68869.3	2.45454e+06	9.27716e-10	2.01709e-10	1.15239e-10	6.93119e-10	
42.1513	13745.9	13721.4	134.213	538.299	538299	319.41	6457.36	6008.63	69525.3	2.45454e+06	9.27686e-10	2.10687e-10	1.14661e-10	6.86072e-10	
43.8496	14520.2	13577.6	141.415	538.299	538299	320.356	6518.88	6065.38	70184.5	2.45454e+06	9.2765e-10	2.20503e-10	1.14062e-10	6.78879e-10	
45.5479	15370.2	13429.7	149.34	538.299	538299	321.338	6583.11	6124.46	70851.8	2.45454e+06	9.27605e-10	2.31219e-10	1.13436e-10	6.71483e-10	
46.8891	16101.8	13309.2	156.154	538.299	538299	322.146	6636.16	6173.16	71387.8	2.45454e+06	9.27563e-10	2.40353e-10	1.12919e-10	6.6546e-10	
48.2303	16893	13184.9	163.492	538.299	538299	322.988	6691.63	6223.99	71935.1	2.45454e+06	9.27512e-10	2.50101e-10	1.12378e-10	6.59246e-10	
49.5715	17749.9	13056.3	171.382	538.299	538299	323.869	6749.88	6277.27	72496.5	2.45454e+06	9.27451e-10	2.60471e-10	1.1181e-10	6.52815e-10	
50.9127	18679.1	12922.8	179.844	538.299	538299	324.793	6811.27	6333.34	73075.1	2.45454e+06	9.27379e-10	2.71458e-10	1.11213e-10	6.46142e-10	
52.2539	19687.6	12784.1	188.89	538.299	538299	325.767	6876.18	6392.54	73674.5	2.45454e+06	9.27292e-10	2.83038e-10	1.10584e-10	6.39204e-10	
53.5951	20782.5	12639.6	198.518	538.299	538299	326.794	6944.97	6455.23	74297.9	2.45454e+06	9.27186e-10	2.95165e-10	1.09919e-10	6.31982e-10	
54.9363	21970.8	12489.3	208.714	538.299	538299	327.881	7018.01	6521.75	74949.1	2.45454e+06	9.27059e-10	3.07769e-10	1.09217e-10	6.24463e-10	
56.2775	23259.3	12332.8	219.442	538.299	538299	329.03	7095.64	6592.42	75631.7	2.45454e+06	9.26904e-10	3.20749e-10	1.08476e-10	6.16639e-10	
57.6187	24654.5	12170.2	230.649	538.299	538299	330.246	7178.16	6667.54	76349.5	2.45454e+06	9.26716e-10	3.33981e-10	1.07693e-10	6.0851e-10	
58.9599	26161.7	12001.7	242.262	538.299	538299	331.532	7265.8	6747.36	77105.9	2.45454e+06	9.26488e-10	3.4731e-10	1.0687e-10	6.00084e-10	
59.1532	26388.5	11976.9	243.964	538.299	538299	331.723	7278.87	6759.26	77218.4	2.45454e+06	9.26451e-10	3.49229e-10	1.06748e-10	5.98846e-10	
59.3465	26617.7	11952	245.672	538.299	538299	331.916	7292.05	6771.27	77331.7	2.45454e+06	9.26413e-10	3.51146e-10	1.06625e-10	5.97602e-10	
59.5399	26849.3	11927.1	247.386	538.299	538299	332.11	7305.34	6783.37	77445.9	2.45454e+06	9.26375e-10	3.53061e-10	1.06501e-10	5.96353e-10	
59.7332	27083.4	11902	249.106	538.299	538299	332.306	7318.74	6795.58	77561.1	2.45454e+06	9.26335e-10	3.54972e-10	1.06377e-10	5.95098e-10	
59.9265	27320	11876.8	250.831	538.299	538299	332.503	7332.25	6807.9	77677.1	2.45454e+06	9.26294e-10	3.5688e-10	1.06251e-10	5.93838e-10	
60.3132	27800.5	11826	254.295	538.299	538299	332.901	7359.6	6832.83	77912	2.45454e+06	9.26208e-10	3.60681e-10	1.05998e-10	5.91301e-10	
60.6998	28291	11774.9	257.777	538.299	538299	333.306	7387.4	6858.19	78150.6	2.45454e+06	9.26118e-10	3.6446e-10	1.05741e-10	5.88743e-10	
61.0864	28791.4	11723.3	261.272	538.299	538299	333.716	7415.65	6883.95	78393.1	2.45454e+06	9.26022e-10	3.68213e-10	1.05481e-10	5.86165e-10	
61.4731	29301.8	11671.4	264.779	538.299	538299	334.133	7444.34	6910.13	78639.5	2.45454e+06	9.25921e-10	3.71935e-10	1.05218e-10	5.83569e-10	
62.0373	30064.6	11594.9	269.912	538.299	538299	334.751	7487.01	6949.09	79006.2	2.45454e+06	9.25764e-10	3.77302e-10	1.04829e-10	5.79747e-10	
62.6016	30848.8	11517.8	275.054	538.299	538299	335.381	7530.62	6988.92	79381.4	2.45454e+06	9.25594e-10	3.82579e-10	1.04434e-10	5.7589e-10	
63.1658	31654.3	11440	280.196	538.299	538299	336.023	7575.15	7029.63	79765.5	2.45454e+06	9.2541e-10	3.87753e-10	1.04032e-10	5.72001e-10	
63.7301	32480.9	11361.7	285.329	538.299	538299	336.677	7620.59	7071.2	80158.4	2.45454e+06	9.25211e-10	3.92812e-10	1.03624e-10	5.68083e-10	
64.4794	33611.2	11256.9	292.117	538.299	538299	337.563	7682.31	7127.71	80694.2	2.45454e+06	9.24922e-10	3.99332e-10	1.03075e-10	5.62844e-10	
65.2287	34777.8	11151.4	298.854	538.299	538299	338.467	7745.54	7185.67	81246.1	2.45454e+06	9.24604e-10	4.05602e-10	1.02517e-10	5.57571e-10	
65.978	35980.2	11045.5	305.521	538.299	538299	339.39	7810.21	7245.03	81814.2	2.45454e+06	9.24253e-10	4.11598e-10	1.01951e-10	5.52275e-10	
66.7274	37217.2	10939.3	312.099	538.299	538299	340.329	7876.25	7305.71	82398.5	2.45454e+06	9.23866e-10	4.17302e-10	1.01378e-10	5.46966e-10	
67.4767	38487.8	10833.1	318.574	538.299	538299	341.284	7943.57	7367.64	82998.8	2.45454e+06	9.23442e-10	4.22699e-10	1.008e-10	5.41655e-10	
68.3613	40029.2	10707.9	326.064	538.299	538299	342.428	8024.54	7442.24	83728.1	2.45454e+06	9.2289e-10	4.28657e-10	1.00111e-10	5.35395e-10	
69.2459	41613.2	10583.3	333.368	538.299	538299	343.589	8106.97	7518.31	84479.1	2.45454e+06	9.22276e-10	4.34159e-10	9.9417e-11	5.29163e-10	
70.1305	43237.3	10459.5	340.471	538.299	538299	344.763	8190.68	7595.68	85251.3	2.45454e+06	9.21598e-10	4.39197e-10	9.87204e-11	5.22975e-10	
71.015	44898.5	10336.9	347.36	538.299	538299	345.948	8275.47	7674.17	86043.7	2.45454e+06	9.20851e-10	4.43774e-10	9.80227e-11	5.16846e-10	
71.8996	46593.9	10215.8	354.025	538.299	538299	347.141	8361.13	7753.59	86855.5	2.45454e+06	9.20031e-10	4.47895e-10	9.73255e-11	5.10791e-10	
72.9582	48663.6	10073.2	361.7	538.299	538299	348.574	8464.51	7849.6	87850.6	2.45454e+06	9.18948e-10	4.52248e-10	9.64942e-11	5.03659e-10	
74.0169	50772.3	9933.39	369.043	538.299	538299	350.01	8568.51	7946.36	88869.6	2.45454e+06	9.1775e-10	4.55994e-10	9.56688e-11	4.96669e-10	
75.0755	52914.5	9796.8	376.054	538.299	538299	351.443	8672.78	8043.54	89909.9	2.45454e+06	9.1643e-10	4.5917e-10	9.48516e-11	4.8984e-10	
76.1341	55084.9	9663.67	382.738	538.299	538299	352.87	8777.01	8140.84	90968.7	2.45454e+06	9.14983e-10	4.61815e-10	9.40446e-11	4.83183e-10	
77.1927	57277.8	9534.2	389.104	538.299	538299	354.286	8880.91	8237.97	92043.5	2.45454e+06	9.13408e-10	4.63969e-10	9.32498e-11	4.7671e-10	
78.2513	59488.2	9408.54	395.163	538.299	538299	355.687	8984.2	8334.67	93131.2	2.45454e+06	9.11699e-10	4.65675e-10	9.24686e-11	4.70427e-10	
80.0317	63230.9	9206.02	404.697	538.299	538299	358.004	9155.92	8495.68	94981.9	2.45454e+06	9.08523e-10	4.6765e-10	9.11887e-11	4.60301e-10	
81.4963	66320.1	9047.77	411.962	538.299	538299	359.865	9294.73	8626.05	96516.2	2.45454e+06	9.05622e-10	4.68547e-10	9.017e-11	4.52389e-10	
82.961	69406.5	8896.98	418.749	538.299	538299	361.68	9430.91	8754.09	98053.7	2.45454e+06	9.02466e-10	4.6889e-10	8.91835e-11	4.44849e-10	
84.4256	72480.1	8753.42	425.097	538.299	538299	363.446	9564.18	8879.52	99587.8	2.45454e+06	8.99058e-10	4.68767e-10	8.82296e-11	4.37671e-10	
85.8902	75532.3	8616.8	431.046	538.299	538299	365.163	9694.38	9002.13	101113	2.45454e+06	8.95408e-10	4.68251e-10	8.73079e-11	4.3084e-10	
87.3548	78555.8	8486.76	436.631	538.299	538299	366.829	9821.41	9121.81	102624	2.45454e+06	8.91526e-10	4.67407e-10	8.64175e-11	4.24338e-10	
88.8194	81544.6	8362.88	441.887	538.299	538299	368.445	9945.29	9238.54	104116	2.45454e+06	8.87424e-10	4.66289e-10	8.55572e-11	4.18144e-10	
90.2841	84493.9	8244.76	446.849	538.299	538299	370.013	10066.1	9352.36	105587	2.45454e+06	8.83117e-10	4.64944e-10	8.47254e-11	4.12238e-10	
91.7487	87400.3	8131.94	451.546	538.299	538299	371.534	10183.9	9463.35	107034	2.45454e+06	8.78618e-10	4.6341e-10	8.39203e-11	4.06597e-10	
93.2133	90261.3	8024.01	456.004	538.299	538299	373.011	10298.8	9571.65	108454	2.45454e+06	8.73942e-10	4.61717e-10	8.31401e-11	4.01201e-10	
94.6779	93075.7	7920.56	460.251	538.299	538299	374.448	10411.2	9677.41	109848	2.45454e+06	8.69103e-10	4.59891e-10	8.23828e-11	3.96028e-10	
96.1425	95842.9	7821.18	464.31	538.299	538299	375.847	10521	9780.83	111214	2.45454e+06	8.64115e-10	4.57954e-10	8.16465e-11	3.91059e-10	
97.6072	98563.3	7725.51	468.203	538.299	538299	377.211	10628.7	9882.08	112553	2.45454e+06	8.5899e-10	4.55924e-10	8.09292e-11	3.86276e-10	
98.7783	100706	7651.44	471.207	538.299	538299	378.279	10713.3	9961.61	113604	2.45454e+06	8.548e-10	4.5424e-10	8.03681e-11	3.82572e-10	
99.9494	102820	7579.35	474.126	538.299	538299	379.328	10796.7	10040	114638	2.45454e+06	8.50536e-10	4.52509e-10	7.98171e-11	3.78968e-10	
101.12	104906	7509.08	476.969	538.299	538299	380.361	10879.1	10117.4	115657	2.45454e+06	8.462e-10	4.50737e-10	7.92754e-11	3.75454e-10	
102.292	106966	7440.49	479.744	538.299	538299	381.377	10960.5	10193.8	116659	2.45454e+06	8.41798e-10	4.48928e-10	7.87421e-11	3.72024e-10	
103.463	109002	7373.43	482.456	538.299	538299	382.38	11041.1	10269.3	117647	2.45454e+06	8.37332e-10	4.47084e-10	7.82163e-11	3.68672e-10	
104.634	111015	7307.78	485.114	538.299	538299	383.37	11120.9	10344.2	118622	2.45454e+06	8.32804e-10	4.45207e-10	7.76974e-11	3.65389e-10	
105.805	113006	7243.43	487.724	538.299	538299	384.349	11200.1	10418.3	119583	2.45454e+06	8.28218e-10	4.433e-10	7.71846e-11	3.62171e-10	
106.976	114977	7180.24	490.292	538.299	538299	385.318	11278.7	10492	120532	2.45454e+06	8.23574e-10	4.41365e-10	7.66772e-11	3.59012e-10	
108.147	116930	7118.13	492.822	538.299	538299	386.278	11356.9	10565.1	121470	2.45454e+06	8.18873e-10	4.39401e-10	7.61745e-11	3.55906e-10	
109.626	119372	7041.09	495.972	538.299	538299	387.48	11455.1	10657	122640	2.45454e+06	8.12858e-10	4.36884e-10	7.55457e-11	3.52055e-10	
111.104	121793	6965.41	499.081	538.299	538299	388.673	11552.9	10748.4	123797	2.45454e+06	8.06752e-10	4.34324e-10	7.49222e-11	3.48271e-10	
112.583	124197	6890.93	502.158	538.299	538299	389.858	11650.5	10839.6	124941	2.45454e+06	8.00554e-10	4.31722e-10	7.43028e-11	3.44546e-10	
114.061	126586	6817.47	505.212	538.299	538299	391.038	11748.1	10930.7	126074	2.45454e+06	7.94261e-10	4.29076e-10	7.36863e-11	3.40873e-10	
115.539	128966	6744.88	508.25	538.299	538299	392.216	11845.9	11021.8	127200	2.45454e+06	7.87868e-10	4.26385e-10	7.30718e-11	3.37244e-10	
117.779	132564	6636.26	512.842	538.299	538299	393.999	11994.6	11160.5	128895	2.45454e+06	7.77983e-10	4.2222e-10	7.21419e-11	3.31813e-10	
120.019	136165	6528.84	517.443	538.299	538299	395.788	12144.8	11300.3	130583	2.45454e+06	7.67838e-10	4.1794e-10	7.12101e-11	3.26442e-10	
122.259	139785	6422.18	522.077	538.299	538299	397.59	12297	11441.8	132271	2.45454e+06	7.57406e-10	4.13534e-10	7.02729e-11	3.21109e-10	
124.499	143441	6315.86	526.769	538.299	538299	399.412	12451.8	11585.6	133966	2.45454e+06	7.46656e-10	4.08989e-10	6.93265e-11	3.15793e-10	
126.739	147149	6209.47	531.544	538.299	538299	401.262	12609.9	11732.4	135675	2.45454e+06	7.35554e-10	4.04289e-10	6.83672e-11	3.10474e-10	
129.305	151487	6086.95	537.152	538.299	538299	403.425	12796	11905	137659	2.45454e+06	7.2235e-10	3.9869e-10	6.72472e-11	3.04347e-10	
131.872	155947	5963.2	542.943	538.299	538299	405.648	12988.6	12083.4	139683	2.45454e+06	7.08566e-10	3.92834e-10	6.60993e-11	2.9816e-10	
134.439	160561	5837.63	548.96	538.299	538299	407.942	13189	12268.8	141758	2.45454e+06	6.9413e-10	3.86686e-10	6.49172e-11	2.91882e-10	
137.006	165363	5709.64	555.252	538.299	538299	410.322	13398.4	12462.3	143897	2.45454e+06	6.78962e-10	3.80204e-10	6.36942e-11	2.85482e-10	
139.572	170394	5578.61	561.87	538.299	538299	412.803	13618.6	12665.5	146114	2.45454e+06	6.62974e-10	3.73344e-10	6.24232e-11	2.7893e-10	
142.139	175696	5443.91	568.873	538.299	538299	415.403	13851.1	12879.9	148424	2.45454e+06	6.46073e-10	3.66054e-10	6.10965e-11	2.72196e-10	
144.975	181932	5290.05	577.136	538.299	538299	418.436	14124.8	13132.1	151106	2.45454e+06	6.26216e-10	3.57429e-10	5.95559e-11	2.64503e-10	
147.812	188640	5130.09	586.046	538.299	538299	421.662	14419	13402.7	153946	2.45454e+06	6.04986e-10	3.48125e-10	5.7926e-11	2.56505e-10	
150.648	195911	4963.21	595.714	538.299	538299	425.111	14737	13695	156975	2.45454e+06	5.8225e-10	3.38047e-10	5.61947e-11	2.4816e-10	
153.485	203849	4788.63	606.264	538.299	538299	428.815	15082.4	14012.1	160224	2.45454e+06	5.57888e-10	3.27097e-10	5.43502e-11	2.39431e-10	
156.321	212580	4605.7	617.832	538.299	538299	432.808	15459.2	14357.8	163728	2.45454e+06	5.3181e-10	3.15172e-10	5.23812e-11	2.30285e-10	
159.157	222245	4413.97	630.562	538.299	538299	437.121	15871.6	14736	167526	2.45454e+06	5.0398e-10	3.02179e-10	5.02782e-11	2.20698e-10	
161.452	230861	4252.32	641.81	538.299	538299	440.867	16234.2	15068.4	170843	2.45454e+06	4.80211e-10	2.9083e-10	4.84745e-11	2.12616e-10	
163.747	240290	4084.96	653.985	538.299	538299	444.856	16625.1	15426.7	174403	2.45454e+06	4.55406e-10	2.78705e-10	4.65784e-11	2.04248e-10	
166.041	250636	3912.31	667.147	538.299	538299	449.099	17045.9	15812.6	178228	2.45454e+06	4.29708e-10	2.65801e-10	4.45926e-11	1.95616e-10	
168.336	262004	3735.09	681.334	538.299	538299	453.597	17497.8	16227.3	182342	2.45454e+06	4.03339e-10	2.52149e-10	4.25242e-11	1.86754e-10	
170.171	271902	3590.75	693.424	538.299	538299	457.375	17882	16580.2	185851	2.45454e+06	3.81965e-10	2.40738e-10	4.08183e-11	1.79538e-10	
172.007	282571	3444.9	706.157	538.299	538299	461.303	18285.9	16951.6	189562	2.45454e+06	3.60542e-10	2.28952e-10	3.9076e-11	1.72245e-10	
173.842	294053	3298.41	719.493	538.299	538299	465.368	18708.6	17340.9	193481	2.45454e+06	3.39287e-10	2.16872e-10	3.73086e-11	1.6492e-10	
175.677	306379	3152.29	733.366	538.299	538299	469.549	19148.4	17746.7	197606	2.45454e+06	3.18436e-10	2.04601e-10	3.55298e-11	1.57615e-10	
177.513	319568	3007.68	747.685	538.299	538299	473.821	19602.9	18166.9	201932	2.45454e+06	2.98229e-10	1.92262e-10	3.37551e-11	1.50384e-10	
179.348	333617	2865.75	762.328	538.299	538299	478.151	20068.9	18598.8	206450	2.45454e+06	2.78896e-10	1.79991e-10	3.20012e-11	1.43287e-10	
180.83	345573	2753.92	774.291	538.299	538299	481.665	20450.9	18953.7	210224	2.45454e+06	2.64067e-10	1.7023e-10	3.06122e-11	1.37696e-10	
182.312	358049	2645.23	786.287	538.299	538299	485.172	20835.5	19311.9	214100	2.45454e+06	2.50034e-10	1.60684e-10	2.9257e-11	1.32261e-10	
183.794	371009	2540.21	798.228	538.299	538299	488.649	21220.4	19671.1	218062	2.45454e+06	2.3687e-10	1.51424e-10	2.79439e-11	1.27011e-10	
185.275	384405	2439.38	810.022	538.299	538299	492.075	21602.9	20029.1	222092	2.45454e+06	2.24621e-10	1.42515e-10	2.66804e-11	1.21969e-10	
186.757	398179	2343.12	821.58	538.299	538299	495.429	21980.4	20383.2	226171	2.45454e+06	2.13315e-10	1.34013e-10	2.54729e-11	1.17156e-10	
188.239	412262	2251.79	832.82	538.299	538299	498.69	22350.4	20731.3	230277	2.45454e+06	2.02955e-10	1.25964e-10	2.43266e-11	1.12589e-10	
189.721	426579	2165.59	843.667	538.299	538299	501.841	22710.6	21071	234387	2.45454e+06	1.93525e-10	1.18399e-10	2.3245e-11	1.08279e-10	
191.203	441047	2084.67	854.056	538.299	538299	504.866	23059	21400.4	238478	2.45454e+06	1.84991e-10	1.11339e-10	2.22306e-11	1.04233e-10	
192.685	455583	2009.07	863.939	538.299	538299	507.753	23393.8	21717.7	242527	2.45454e+06	1.77309e-10	1.04793e-10	2.12844e-11	1.00454e-10	
194.167	470100	1938.77	873.275	538.299	538299	510.492	23713.4	22021.4	246511	2.45454e+06	1.70424e-10	9.87585e-11	2.04061e-11	9.69383e-11	
195.648	484514	1873.65	882.043	538.299	538299	513.076	24017	22310.4	250409	2.45454e+06	1.64275e-10	9.3224e-11	1.95945e-11	9.36824e-11	
197.13	498745	1813.56	890.229	538.299	538299	515.503	24303.6	22583.9	254202	2.45454e+06	1.58799e-10	8.81711e-11	1.88477e-11	9.0678e-11	
198.799	514456	1751.66	898.749	538.299	538299	518.046	24605.7	22872.6	258327	2.45454e+06	1.53359e-10	8.30286e-11	1.80807e-11	8.75831e-11	
200.467	529745	1695.54	906.546	538.299	538299	520.39	24885.7	23140.8	262277	2.45454e+06	1.48606e-10	7.84266e-11	1.73876e-11	8.47768e-11	
202.136	544528	1644.8	913.643	538.299	538299	522.54	25143.9	23388.5	266037	2.45454e+06	1.44456e-10	7.43223e-11	1.67634e-11	8.22401e-11	
203.804	558739	1599.07	920.077	538.299	538299	524.504	25380.9	23616.2	269594	2.45454e+06	1.40834e-10	7.06717e-11	1.62027e-11	7.99534e-11	
205.473	572323	1557.93	925.887	538.299	538299	526.292	25597.5	23824.7	272942	2.45454e+06	1.37673e-10	6.74313e-11	1.57001e-11	7.78966e-11	
207.141	585240	1521.01	931.117	538.299	538299	527.913	25794.8	24014.8	276078	2.45454e+06	1.34913e-10	6.45594e-11	1.52506e-11	7.60503e-11	
208.809	597465	1487.91	935.814	538.299	538299	529.381	25974	24187.6	279000	2.45454e+06	1.325e-10	6.20169e-11	1.4849e-11	7.43955e-11	
210.478	608983	1458.28	940.023	538.299	538299	530.705	26136.3	24344.3	281711	2.45454e+06	1.30389e-10	5.97675e-11	1.44907e-11	7.29142e-11	
212.146	619790	1431.8	943.788	538.299	538299	531.897	26282.9	24485.9	284217	2.45454e+06	1.28539e-10	5.77782e-11	1.41712e-11	7.15898e-11	
213.815	629892	1408.13	947.151	538.299	538299	532.97	26415	24613.7	286526	2.45454e+06	1.26915e-10	5.60191e-11	1.38866e-11	7.04065e-11	
215.483	639302	1387	950.153	538.299	538299	533.933	26534	24728.7	288644	2.45454e+06	1.25489e-10	5.44636e-11	1.36332e-11	6.935e-11	
217.152	648039	1368.14	952.829	538.299	538299	534.796	26640.9	24832.2	290584	2.45454e+06	1.24233e-10	5.30877e-11	1.34075e-11	6.84071e-11	
219.113	657486	1348.56	955.606	538.299	538299	535.697	26752.8	24940.5	292648	2.45454e+06	1.22945e-10	5.16713e-11	1.31737e-11	6.74278e-11	
221.075	666082	1331.44	958.031	538.299	538299	536.488	26851.1	25035.8	294496	2.45454e+06	1.21833e-10	5.04439e-11	1.29698e-11	6.65718e-11	
223.037	673879	1316.47	960.146	538.299	538299	537.181	26937.6	25119.5	296146	2.45454e+06	1.2087e-10	4.93795e-11	1.2792e-11	6.58236e-11	
224.999	680929	1303.39	961.993	538.299	538299	537.789	27013.5	25193.1	297614	2.45454e+06	1.20035e-10	4.84558e-11	1.26369e-11	6.51697e-11	
226.96	687287	1291.96	963.604	538.299	538299	538.322	27080.2	25257.7	298919	2.45454e+06	1.19309e-10	4.76535e-11	1.25015e-11	6.45982e-11	
228.922	693007	1281.97	965.011	538.299	538299	538.789	27138.6	25314.4	300076	2.45454e+06	1.18678e-10	4.6956e-11	1.23833e-11	6.40985e-11	
230.884	698142	1273.23	966.239	538.299	538299	539.198	27189.9	25364.1	301099	2.45454e+06	1.18128e-10	4.63491e-11	1.22801e-11	6.36616e-11	
232.845	702743	1265.59	967.312	538.299	538299	539.556	27234.9	25407.7	302004	2.45454e+06	1.17649e-10	4.58206e-11	1.219e-11	6.32795e-11	
234.807	706857	1258.9	968.249	538.299	538299	539.869	27274.3	25445.9	302803	2.45454e+06	1.1723e-10	4.536e-11	1.21112e-11	6.29451e-11	
236.769	710530	1253.05	969.068	538.299	538299	540.144	27308.8	25479.4	303507	2.45454e+06	1.16863e-10	4.49583e-11	1.20423e-11	6.26525e-11	
238.73	713805	1247.92	969.785	538.299	538299	540.385	27339.2	25508.8	304128	2.45454e+06	1.16543e-10	4.46076e-11	1.1982e-11	6.23962e-11	
240.692	716722	1243.44	970.412	538.299	538299	540.596	27365.7	25534.5	304674	2.45454e+06	1.16262e-10	4.43013e-11	1.19292e-11	6.21718e-11	
242.654	719316	1239.5	970.96	538.299	538299	540.781	27389.1	25557.1	305155	2.45454e+06	1.16016e-10	4.40336e-11	1.1883e-11	6.19751e-11	
244.616	721621	1236.06	971.441	538.299	538299	540.943	27409.5	25577	305577	2.45454e+06	1.158e-10	4.37994e-11	1.18425e-11	6.18028e-11	
246.577	723666	1233.03	971.862	538.299	538299	541.085	27427.5	25594.4	305949	2.45454e+06	1.15611e-10	4.35944e-11	1.18071e-11	6.16517e-11	
248.539	725481	1230.38	972.231	538.299	538299	541.21	27443.3	25609.7	306276	2.45454e+06	1.15445e-10	4.34149e-11	1.1776e-11	6.15191e-11	
250.501	727089	1228.06	972.554	538.299	538299	541.32	27457.1	25623.1	306563	2.45454e+06	1.15299e-10	4.32576e-11	1.17487e-11	6.14028e-11	
252.462	728513	1226.01	972.838	538.299	538299	541.416	27469.2	25634.8	306815	2.45454e+06	1.15171e-10	4.31198e-11	1.17247e-11	6.13007e-11	
254.684	729930	1224	973.118	538.299	538299	541.511	27481.2	25646.4	307064	2.45454e+06	1.15044e-10	4.29841e-11	1.17012e-11	6.12001e-11	
256.905	731162	1222.26	973.359	538.299	538299	541.593	27491.6	25656.5	307279	2.45454e+06	1.14935e-10	4.2867e-11	1.16808e-11	6.11132e-11	
259.126	732234	1220.76	973.567	538.299	538299	541.663	27500.5	25665.1	307464	2.45454e+06	1.1484e-10	4.2766e-11	1.16632e-11	6.10382e-11	
261.348	733166	1219.47	973.747	538.299	538299	541.724	27508.2	25672.6	307625	2.45454e+06	1.14759e-10	4.26788e-11	1.1648e-11	6.09734e-11	
263.569	733976	1218.35	973.902	538.299	538299	541.777	27514.9	25679.1	307763	2.45454e+06	1.14688e-10	4.26036e-11	1.16349e-11	6.09174e-11	
266.304	734829	1217.18	974.064	538.299	538299	541.832	27521.9	25685.8	307908	2.45454e+06	1.14614e-10	4.25249e-11	1.16212e-11	6.08588e-11	
269.038	735545	1216.2	974.2	538.299	538299	541.878	27527.7	25691.5	308029	2.45454e+06	1.14552e-10	4.24591e-11	1.16097e-11	6.08098e-11	
271.772	736146	1215.38	974.313	538.299	538299	541.917	27532.6	25696.2	308130	2.45454e+06	1.145e-10	4.24042e-11	1.16002e-11	6.07689e-11	
274.506	736651	1214.69	974.408	538.299	538299	541.949	27536.7	25700.2	308214	2.45454e+06	1.14456e-10	4.23583e-11	1.15921e-11	6.07346e-11	
277.24	737075	1214.12	974.487	538.299	538299	541.976	27540.1	25703.5	308285	2.45454e+06	1.1442e-10	4.23198e-11	1.15854e-11	6.0706e-11	
280.706	737516	1213.53	974.569	538.299	538299	542.004	27543.7	25706.9	308358	2.45454e+06	1.14382e-10	4.228e-11	1.15785e-11	6.06763e-11	
284.172	737869	1213.05	974.635	538.299	538299	542.026	27546.5	25709.7	308416	2.45454e+06	1.14352e-10	4.22483e-11	1.15729e-11	6.06526e-11	
287.638	738150	1212.67	974.687	538.299	538299	542.044	27548.7	25711.9	308463	2.45454e+06	1.14328e-10	4.2223e-11	1.15685e-11	6.06337e-11	
291.104	738376	1212.37	974.729	538.299	538299	542.058	27550.5	25713.6	308500	2.45454e+06	1.14309e-10	4.22028e-11	1.1565e-11	6.06186e-11	
294.57	738556	1212.13	974.762	538.299	538299	542.07	27552	25715	308529	2.45454e+06	1.14293e-10	4.21867e-11	1.15622e-11	6.06065e-11	
298.036	738701	1211.94	974.789	538.299	538299	542.079	27553.1	25716.1	308553	2.45454e+06	1.14281e-10	4.21738e-11	1.15599e-11	6.05969e-11	
302.968	738857	1211.73	974.817	538.299	538299	542.089	27554.4	25717.3	308578	2.45454e+06	1.14268e-10	4.21598e-11	1.15575e-11	6.05865e-11	
307.899	738971	1211.58	974.838	538.299	538299	542.096	27555.3	25718.2	308597	2.45454e+06	1.14258e-10	4.21496e-11	1.15557e-11	6.05789e-11	
312.83	739054	1211.47	974.854	538.299	538299	542.101	27555.9	25718.8	308610	2.45454e+06	1.14251e-10	4.21423e-11	1.15544e-11	6.05734e-11	
317.762	739115	1211.39	974.865	538.299	538299	542.105	27556.4	25719.3	308620	2.45454e+06	1.14246e-10	4.21369e-11	1.15535e-11	6.05694e-11	
322.693	739158	1211.33	974.873	538.299	538299	542.107	27556.8	25719.6	308627	2.45454e+06	1.14242e-10	4.2133e-11	1.15528e-11	6.05664e-11	
327.625	739190	1211.29	974.879	538.299	538299	542.109	27557	25719.9	308632	2.45454e+06	1.14239e-10	4.21302e-11	1.15523e-11	6.05643e-11	
335.612	739224	1211.24	974.885	538.299	538299	542.112	27557.3	25720.1	308638	2.45454e+06	1.14237e-10	4.21271e-11	1.15518e-11	6.05621e-11	
343.599	739244	1211.21	974.888	538.299	538299	542.113	27557.5	25720.3	308641	2.45454e+06	1.14235e-10	4.21253e-11	1.15514e-11	6.05607e-11	
351.586	739257	1211.2	974.891	538.299	538299	542.114	27557.5	25720.4	308643	2.45454e+06	1.14234e-10	4.21243e-11	1.15513e-11	6.05599e-11	
359.573	739264	1211.19	974.892	538.299	538299	542.114	27557.6	25720.4	308644	2.45454e+06	1.14233e-10	4.21236e-11	1.15511e-11	6.05594e-11	
367.56	739268	1211.18	974.893	538.299	538299	542.114	27557.6	25720.5	308645	2.45454e+06	1.14233e-10	4.21232e-11	1.15511e-11	6.05591e-11	
375.547	739271	1211.18	974.893	538.299	538299	542.114	27557.7	25720.5	308646	2.45454e+06	1.14233e-10	4.2123e-11	1.1551e-11	6.0559e-11	
387.608	739273	1211.18	974.894	538.299	538299	542.115	27557.7	25720.5	308646	2.45454e+06	1.14232e-10	4.21228e-11	1.1551e-11	6.05588e-11	
399.668	739274	1211.18	974.894	538.299	538299	542.115	27557.7	25720.5	308646	2.45454e+06	1.14232e-10	4.21227e-11	1.1551e-11	6.05588e-11	
411.729	739274	1211.17	974.894	538.299	538299	542.115	27557.7	25720.5	308646	2.45454e+06	1.14232e-10	4.21227e-11	1.1551e-11	6.05587e-11	
423.79	739275	1211.17	974.894	538.299	538299	542.115	27557.7	25720.5	308646	2.45454e+06	1.14232e-10	4.21226e-11	1.1551e-11	6.05587e-11	
435.851	739275	1211.17	974.894	538.299	538299	542.115	27557.7	25720.5	308646	2.45454e+06	1.14232e-10	4.21226e-11	1.1551e-11	6.05587e-11	
447.912	739275	1211.17	974.894	538.299	538299	542.115	27557.7	25720.5	308646	2.45454e+06	1.14232e-10	4.21226e-11	1.1551e-11	6.05587e-11	
465.434	739275	1211.17	974.894	538.299	538299	542.115	27557.7	25720.5	308646	2.45454e+06	1.14232e-10	4.21226e-11	1.1551e-11	6.05587e-11	
482.955	739275	1211.17	974.894	538.299	538299	542.115	27557.7	25720.5	308646	2.45454e+06	1.14232e-10	4.21226e-11	1.1551e-11	6.05587e-11	
500	739275	1211.17	974.894	538.299	538299	542.115	27557.7	25720.5	308646	2.45454e+06	1.14232e-10	4.21226e-11	1.1551e-11	6.05587e-11	
