# Time	[Z]	[mu2]	[mZ]	[mF]	[F]	[mP]	[PE]	[PG]	[PM]	
0	3859.65	22322.1	46.2593	587.713	587713	4.26426e-25	6.3026e-24	5.90407e-24	7.11088e-23	
1e-09	3859.65	22322.1	46.2593	587.713	587713	4.26426e-25	6.3026e-24	5.90407e-24	7.11088e-23	
2e-09	3859.65	22322.1	46.2593	587.713	587713	4.26426e-25	6.3026e-24	5.90407e-24	7.11088e-23	
1.0002e-05	3859.65	22322.1	46.2595	587.713	587713	4.26421e-25	6.3026e-24	5.90407e-24	7.11088e-23	
2.0002e-05	3859.65	22322.1	46.2596	587.713	587713	4.26417e-25	6.3026e-24	5.90407e-24	7.11088e-23	
3.0002e-05	3859.65	22322.1	46.2598	587.713	587713	4.26412e-25	6.3026e-24	5.90407e-24	7.11088e-23	
0.000130002	3859.65	22322.1	46.2615	587.713	587713	4.26367e-25	6.30259e-24	5.90407e-24	7.11088e-23	
0.000230002	3859.65	22322.1	46.2632	587.713	587713	4.26322e-25	6.30259e-24	5.90406e-24	7.11088e-23	
0.000330002	3859.65	22322	46.2649	587.713	587713	4.26277e-25	6.30259e-24	5.90406e-24	7.11088e-23	
0.000430002	3859.65	22322	46.2666	587.713	587713	4.26231e-25	6.30259e-24	5.90406e-24	7.11088e-23	
0.00143	3859.65	22321.7	46.2835	587.713	587713	4.25779e-25	6.30255e-24	5.90402e-24	7.11088e-23	
0.00243	3859.65	22321.4	46.3004	587.713	587713	4.25327e-25	6.30251e-24	5.90398e-24	7.11087e-23	
0.00343	3859.65	22321.2	46.3173	587.713	587713	4.24875e-25	6.30245e-24	5.90394e-24	7.11087e-23	
0.00443	3859.65	22320.9	46.3342	587.713	587713	4.24424e-25	6.30239e-24	5.9039e-24	7.11086e-23	
0.01443	3859.67	22318.1	46.5014	587.713	587713	4.19939e-25	6.30113e-24	5.9035e-24	7.11083e-23	
0.02443	3859.69	22315.2	46.6663	587.713	587713	4.15501e-25	6.2988e-24	5.90309e-24	7.11078e-23	
0.03443	3859.74	22312.4	46.8288	587.713	587713	4.1111e-25	6.29543e-24	5.90263e-24	7.11074e-23	
0.04443	3859.79	22309.6	46.989	587.713	587713	4.06766e-25	6.29106e-24	5.90211e-24	7.1107e-23	
0.05443	3859.86	22306.8	47.1469	587.713	587713	4.02468e-25	6.28571e-24	5.90153e-24	7.11066e-23	
0.123635	3860.7	22287.2	48.1804	587.713	587713	3.73946e-25	6.22394e-24	5.89437e-24	7.11032e-23	
0.19284	3862.12	22267.6	49.117	587.713	587713	3.47451e-25	6.12478e-24	5.87915e-24	7.10986e-23	
0.262046	3864.06	22247.9	49.9662	587.713	587713	3.22838e-25	5.99546e-24	5.85313e-24	7.10914e-23	
0.331251	3866.48	22228.2	50.7363	587.713	587713	2.99974e-25	5.84218e-24	5.81462e-24	7.10803e-23	
0.400456	3869.33	22208.5	51.435	587.713	587713	2.78733e-25	5.67025e-24	5.76279e-24	7.10638e-23	
0.469661	3872.57	22188.7	52.0692	587.713	587713	2.59001e-25	5.48423e-24	5.69741e-24	7.10401e-23	
0.554703	3877.02	22164.4	52.7695	587.713	587713	2.36661e-25	5.24198e-24	5.59894e-24	7.0999e-23	
0.639745	3881.94	22140.1	53.3922	587.713	587713	2.16253e-25	4.99025e-24	5.48165e-24	7.0942e-23	
0.724786	3887.27	22115.8	53.9464	587.713	587713	1.9761e-25	4.73385e-24	5.34729e-24	7.08665e-23	
0.809828	3892.97	22091.5	54.4401	587.713	587713	1.80579e-25	4.47671e-24	5.19796e-24	7.07704e-23	
0.894869	3898.98	22067.2	54.8805	587.713	587713	1.65019e-25	4.22189e-24	5.03588e-24	7.06518e-23	
0.979911	3905.28	22043	55.2739	587.713	587713	1.50804e-25	3.97184e-24	4.86335e-24	7.05092e-23	
1.06495	3911.83	22018.8	55.6258	587.713	587713	1.37817e-25	3.72841e-24	4.68261e-24	7.03415e-23	
1.14999	3918.59	21994.7	55.9411	587.713	587713	1.25951e-25	3.49301e-24	4.49581e-24	7.0148e-23	
1.23504	3925.55	21970.6	56.224	587.713	587713	1.1511e-25	3.26666e-24	4.30495e-24	6.99282e-23	
1.32008	3932.68	21946.6	56.4784	587.713	587713	1.05204e-25	3.05006e-24	4.11185e-24	6.96819e-23	
1.42313	3941.52	21917.5	56.7533	587.713	587713	9.43388e-26	2.80128e-24	3.87718e-24	6.93482e-23	
1.52619	3950.56	21888.6	56.9964	587.713	587713	8.45984e-26	2.56785e-24	3.64418e-24	6.89766e-23	
1.62925	3959.75	21859.8	57.2123	587.713	587713	7.58665e-26	2.34982e-24	3.41499e-24	6.85681e-23	
1.73231	3969.08	21831.1	57.4047	587.713	587713	6.80382e-26	2.14697e-24	3.1914e-24	6.81242e-23	
1.83537	3978.53	21802.5	57.5769	587.713	587713	6.10199e-26	1.9589e-24	2.97482e-24	6.76465e-23	
1.93842	3988.09	21774.1	57.7319	587.713	587713	5.47275e-26	1.78504e-24	2.76635e-24	6.71371e-23	
2.06078	3999.54	21740.5	57.8967	587.713	587713	4.80962e-26	1.59618e-24	2.53051e-24	6.64938e-23	
2.18313	4011.1	21707	58.0441	587.713	587713	4.22704e-26	1.42524e-24	2.30817e-24	6.58122e-23	
2.30548	4022.74	21673.7	58.1769	587.713	587713	3.71522e-26	1.27096e-24	2.09986e-24	6.5096e-23	
2.42784	4034.45	21640.6	58.2975	587.713	587713	3.26553e-26	1.13207e-24	1.90575e-24	6.4349e-23	
2.55019	4046.22	21607.7	58.4079	587.713	587713	2.87041e-26	1.0073e-24	1.72576e-24	6.35747e-23	
2.67254	4058.04	21575	58.5099	587.713	587713	2.52323e-26	8.95437e-25	1.55958e-24	6.27767e-23	
2.81156	4071.51	21538	58.6172	587.713	587713	2.17956e-26	7.82531e-25	1.38694e-24	6.18456e-23	
2.95058	4085.03	21501.3	58.7172	587.713	587713	1.88281e-26	6.83192e-25	1.23068e-24	6.0893e-23	
3.0896	4098.57	21464.8	58.8111	587.713	587713	1.62657e-26	5.95942e-25	1.0898e-24	5.99233e-23	
3.22862	4112.14	21428.6	58.9002	587.713	587713	1.40529e-26	5.19429e-25	9.63269e-25	5.89406e-23	
3.36764	4125.73	21392.6	58.9853	587.713	587713	1.21419e-26	4.52423e-25	8.49981e-25	5.79484e-23	
3.50665	4139.34	21356.8	59.0672	587.713	587713	1.04914e-26	3.93814e-25	7.48849e-25	5.69503e-23	
3.64567	4152.95	21321.3	59.1466	587.713	587713	9.06578e-27	3.42605e-25	6.58808e-25	5.5949e-23	
3.78469	4166.58	21286	59.2238	587.713	587713	7.83439e-27	2.97905e-25	5.78835e-25	5.49474e-23	
3.92371	4180.21	21250.9	59.2994	587.713	587713	6.77066e-27	2.58921e-25	5.07958e-25	5.39478e-23	
4.08831	4196.36	21209.7	59.3873	587.713	587713	5.6968e-27	2.19191e-25	4.34557e-25	5.27698e-23	
4.25291	4212.5	21168.9	59.4737	587.713	587713	4.79366e-27	1.85466e-25	3.71242e-25	5.16005e-23	
4.4175	4228.66	21128.3	59.559	587.713	587713	4.03403e-27	1.56862e-25	3.1675e-25	5.04426e-23	
4.5821	4244.81	21088.1	59.6435	587.713	587713	3.39507e-27	1.32618e-25	2.69946e-25	4.92981e-23	
4.7467	4260.96	21048.1	59.7275	587.713	587713	2.85755e-27	1.12084e-25	2.2982e-25	4.81688e-23	
4.91129	4277.11	21008.5	59.811	587.713	587713	2.40533e-27	9.47022e-26	1.95474e-25	4.70561e-23	
5.07589	4293.26	20969.2	59.8943	587.713	587713	2.02484e-27	7.99956e-26	1.6612e-25	4.59613e-23	
5.24049	4309.41	20930.2	59.9774	587.713	587713	1.70468e-27	6.75581e-26	1.41066e-25	4.48853e-23	
5.40509	4325.56	20891.6	60.0604	587.713	587713	1.43525e-27	5.70436e-26	1.19707e-25	4.38287e-23	
5.56968	4341.7	20853.2	60.1434	587.713	587713	1.20851e-27	4.81578e-26	1.01518e-25	4.27922e-23	
5.73428	4357.84	20815.1	60.2264	587.713	587713	1.01767e-27	4.06505e-26	8.60447e-26	4.17759e-23	
5.89888	4373.99	20777.4	60.3094	587.713	587713	8.57033e-28	3.43096e-26	7.28924e-26	4.07803e-23	
6.06348	4390.12	20739.9	60.3926	587.713	587713	7.2181e-28	2.89549e-26	6.17223e-26	3.98055e-23	
6.22807	4406.26	20702.7	60.4759	587.713	587713	6.07971e-28	2.4434e-26	5.22423e-26	3.88513e-23	
6.39267	4422.4	20665.8	60.5593	587.713	587713	5.12125e-28	2.06177e-26	4.42021e-26	3.79179e-23	
6.55727	4438.53	20629.2	60.6429	587.713	587713	4.31423e-28	1.73965e-26	3.73868e-26	3.70051e-23	
6.70348	4452.87	20597	60.7173	587.713	587713	3.70492e-28	1.49594e-26	3.22116e-26	3.62114e-23	
6.84968	4467.2	20564.9	60.7919	587.713	587713	3.18186e-28	1.28634e-26	2.77468e-26	3.54337e-23	
6.99589	4481.53	20533.1	60.8666	587.713	587713	2.73281e-28	1.10608e-26	2.38964e-26	3.46718e-23	
7.1421	4495.86	20501.5	60.9414	587.713	587713	2.34727e-28	9.51083e-27	2.05768e-26	3.39254e-23	
7.28831	4510.19	20470.2	61.0164	587.713	587713	2.01624e-28	8.178e-27	1.77157e-26	3.31945e-23	
7.43452	4524.52	20439	61.0916	587.713	587713	1.732e-28	7.03196e-27	1.52503e-26	3.24787e-23	
7.58073	4538.85	20408.1	61.1669	587.713	587713	1.48792e-28	6.04656e-27	1.31264e-26	3.17778e-23	
7.72693	4553.18	20377.3	61.2424	587.713	587713	1.27831e-28	5.1993e-27	1.12971e-26	3.10917e-23	
7.87314	4567.51	20346.8	61.3181	587.713	587713	1.0983e-28	4.47082e-27	9.72183e-27	3.04199e-23	
8.01935	4581.84	20316.5	61.3939	587.713	587713	9.43687e-29	3.84449e-27	8.36553e-27	2.97624e-23	
8.20379	4599.92	20278.6	61.4898	587.713	587713	7.7937e-29	3.17807e-27	6.92043e-27	2.89528e-23	
8.38822	4618	20241	61.586	587.713	587713	6.43723e-29	2.62728e-27	5.72444e-27	2.81648e-23	
8.57266	4636.09	20203.8	61.6824	587.713	587713	5.31733e-29	2.17204e-27	4.73478e-27	2.7398e-23	
8.75709	4654.17	20166.8	61.7792	587.713	587713	4.39266e-29	1.79577e-27	3.91598e-27	2.66519e-23	
8.94153	4672.26	20130.2	61.8762	587.713	587713	3.62911e-29	1.48475e-27	3.23864e-27	2.59258e-23	
9.12596	4690.35	20093.9	61.9734	587.713	587713	2.99856e-29	1.22768e-27	2.67836e-27	2.52194e-23	
9.3104	4708.45	20058	62.071	587.713	587713	2.47778e-29	1.01517e-27	2.21497e-27	2.4532e-23	
9.49483	4726.54	20022.3	62.1688	587.713	587713	2.04762e-29	8.39494e-28	1.83174e-27	2.38633e-23	
9.67927	4744.65	19987	62.267	587.713	587713	1.6923e-29	6.94265e-28	1.51481e-27	2.32127e-23	
9.8637	4762.75	19951.9	62.3654	587.713	587713	1.39875e-29	5.74196e-28	1.25273e-27	2.25798e-23	
10.0481	4780.86	19917.2	62.4641	587.713	587713	1.15622e-29	4.74924e-28	1.036e-27	2.1964e-23	
10.2326	4798.97	19882.7	62.563	587.713	587713	9.55826e-30	3.92842e-28	8.56793e-28	2.1365e-23	
10.417	4817.09	19848.6	62.6623	587.713	587713	7.9023e-30	3.24968e-28	7.08604e-28	2.07823e-23	
10.6014	4835.21	19814.7	62.7619	587.713	587713	6.53379e-30	2.6884e-28	5.86064e-28	2.02155e-23	
10.7859	4853.34	19781.2	62.8617	587.713	587713	5.40273e-30	2.22422e-28	4.84735e-28	1.9664e-23	
10.9703	4871.48	19747.9	62.9618	587.713	587713	4.46783e-30	1.84031e-28	4.00942e-28	1.91276e-23	
11.1547	4889.62	19714.9	63.0622	587.713	587713	3.69502e-30	1.52278e-28	3.31649e-28	1.86058e-23	
11.3392	4907.76	19682.2	63.1629	587.713	587713	3.05613e-30	1.26013e-28	2.74346e-28	1.80983e-23	
11.5236	4925.91	19649.8	63.2639	587.713	587713	2.52792e-30	1.04285e-28	2.26956e-28	1.76045e-23	
11.7081	4944.07	19617.7	63.3652	587.713	587713	2.09117e-30	8.631e-29	1.87762e-28	1.71242e-23	
11.8925	4962.23	19585.8	63.4668	587.713	587713	1.73002e-30	7.14384e-29	1.55346e-28	1.6657e-23	
12.0769	4980.4	19554.2	63.5686	587.713	587713	1.43135e-30	5.91335e-29	1.28533e-28	1.62026e-23	
12.2614	4998.58	19522.9	63.6708	587.713	587713	1.18434e-30	4.89516e-29	1.06356e-28	1.57605e-23	
12.4458	5016.76	19491.9	63.7732	587.713	587713	9.80032e-31	4.05258e-29	8.80099e-29	1.53305e-23	
12.6302	5034.95	19461.1	63.876	587.713	587713	8.11033e-31	3.35527e-29	7.28334e-29	1.49122e-23	
12.8147	5053.15	19430.6	63.979	587.713	587713	6.71229e-31	2.77815e-29	6.02779e-29	1.45053e-23	
12.9991	5071.35	19400.3	64.0824	587.713	587713	5.55567e-31	2.30045e-29	4.98901e-29	1.41095e-23	
13.1835	5089.57	19370.3	64.186	587.713	587713	4.5987e-31	1.90504e-29	4.12952e-29	1.37246e-23	
13.368	5107.79	19340.5	64.2899	587.713	587713	3.80686e-31	1.5777e-29	3.41833e-29	1.33501e-23	
13.5524	5126.02	19311	64.3941	587.713	587713	3.1516e-31	1.3067e-29	2.82982e-29	1.29858e-23	
13.7368	5144.25	19281.8	64.4986	587.713	587713	2.60933e-31	1.08233e-29	2.34279e-29	1.26315e-23	
13.9213	5162.5	19252.8	64.6034	587.713	587713	2.16052e-31	8.96542e-30	1.93971e-29	1.22869e-23	
14.1057	5180.75	19224	64.7085	587.713	587713	1.78904e-31	7.42701e-30	1.60609e-29	1.19516e-23	
14.2901	5199.01	19195.5	64.8139	587.713	587713	1.48154e-31	6.15301e-30	1.32995e-29	1.16255e-23	
14.4746	5217.28	19167.3	64.9196	587.713	587713	1.22699e-31	5.0979e-30	1.10136e-29	1.13083e-23	
14.659	5235.56	19139.2	65.0256	587.713	587713	1.01624e-31	4.22401e-30	9.1212e-30	1.09997e-23	
14.8434	5253.85	19111.4	65.132	587.713	587713	8.41753e-32	3.50016e-30	7.5545e-30	1.06996e-23	
15.0466	5274.01	19081.1	65.2494	587.713	587713	6.84098e-32	2.84586e-30	6.13905e-30	1.03785e-23	
15.2497	5294.17	19051	65.3672	587.713	587713	5.56019e-32	2.31406e-30	4.98922e-30	1.00671e-23	
15.4528	5314.35	19021.2	65.4853	587.713	587713	4.51958e-32	1.88179e-30	4.05509e-30	9.76495e-24	
15.6559	5334.53	18991.7	65.6038	587.713	587713	3.67404e-32	1.53039e-30	3.29613e-30	9.47192e-24	
15.8591	5354.73	18962.5	65.7227	587.713	587713	2.98693e-32	1.24471e-30	2.67944e-30	9.18767e-24	
16.0622	5374.95	18933.5	65.842	587.713	587713	2.42853e-32	1.01244e-30	2.17831e-30	8.91196e-24	
16.2653	5395.17	18904.8	65.9616	587.713	587713	1.97468e-32	8.23581e-31	1.77105e-30	8.64452e-24	
16.4784	5416.39	18875	66.0875	587.713	587713	1.58965e-32	6.63283e-31	1.42557e-30	8.37263e-24	
16.6914	5437.63	18845.4	66.2137	587.713	587713	1.27981e-32	5.34231e-31	1.14759e-30	8.1093e-24	
16.9045	5458.89	18816.2	66.3404	587.713	587713	1.03045e-32	4.30325e-31	9.23896e-31	7.85425e-24	
17.1175	5480.15	18787.2	66.4675	587.713	587713	8.29746e-33	3.46658e-31	7.43871e-31	7.60722e-24	
17.3306	5501.44	18758.5	66.595	587.713	587713	6.68195e-33	2.79281e-31	5.98977e-31	7.36796e-24	
17.5436	5522.73	18730	66.7229	587.713	587713	5.38145e-33	2.25019e-31	4.82349e-31	7.13622e-24	
17.7566	5544.04	18701.9	66.8512	587.713	587713	4.33443e-33	1.81315e-31	3.88463e-31	6.91177e-24	
17.9697	5565.37	18674	66.9799	587.713	587713	3.49142e-33	1.46111e-31	3.12878e-31	6.69439e-24	
18.1827	5586.71	18646.3	67.1091	587.713	587713	2.81261e-33	1.17751e-31	2.52022e-31	6.48384e-24	
18.3958	5608.07	18618.9	67.2387	587.713	587713	2.26597e-33	9.49043e-32	2.0302e-31	6.27991e-24	
18.6338	5631.95	18588.6	67.3839	587.713	587713	1.78002e-33	7.4585e-32	1.59463e-31	6.05962e-24	
18.8719	5655.85	18558.7	67.5297	587.713	587713	1.39844e-33	5.86223e-32	1.25265e-31	5.84707e-24	
19.1099	5679.77	18529	67.676	587.713	587713	1.09877e-33	4.60805e-32	9.84111e-32	5.64196e-24	
19.348	5703.71	18499.7	67.8228	587.713	587713	8.63401e-34	3.62254e-32	7.7322e-32	5.44406e-24	
19.586	5727.67	18470.6	67.9701	587.713	587713	6.7852e-34	2.84807e-32	6.07583e-32	5.25309e-24	
19.8241	5751.66	18441.9	68.118	587.713	587713	5.33281e-34	2.2394e-32	4.77477e-32	5.06882e-24	
20.1455	5784.07	18403.6	68.3185	587.713	587713	3.85303e-34	1.61893e-32	3.44935e-32	4.83025e-24	
20.4669	5816.52	18365.8	68.5199	587.713	587713	2.78429e-34	1.17054e-32	2.49221e-32	4.60291e-24	
20.7883	5849.01	18328.5	68.7223	587.713	587713	2.01232e-34	8.46469e-33	1.80097e-32	4.38626e-24	
21.1097	5881.54	18291.7	68.9257	587.713	587713	1.45466e-34	6.12234e-33	1.30171e-32	4.17981e-24	
21.4311	5914.11	18255.4	69.13	587.713	587713	1.05171e-34	4.42882e-33	9.4099e-33	3.98308e-24	
21.7525	5946.73	18219.7	69.3354	587.713	587713	7.60505e-35	3.20429e-33	6.80355e-33	3.79561e-24	
22.0739	5979.38	18184.4	69.5417	587.713	587713	5.50033e-35	2.31873e-33	4.92005e-33	3.61696e-24	
22.3953	6012.08	18149.6	69.749	587.713	587713	3.9787e-35	1.67816e-33	3.55844e-33	3.44673e-24	
22.7167	6044.82	18115.3	69.9572	587.713	587713	2.87851e-35	1.21475e-33	2.57413e-33	3.2845e-24	
23.1234	6086.31	18072.5	70.2222	587.713	587713	1.91165e-35	8.0725e-34	1.7093e-33	3.09011e-24	
23.5302	6127.87	18030.5	70.4888	587.713	587713	1.26914e-35	5.36281e-34	1.13457e-33	2.90723e-24	
23.9369	6169.51	17989.1	70.757	587.713	587713	8.4314e-36	3.56499e-34	7.53576e-34	2.73517e-24	
24.3436	6211.22	17948.5	71.0268	587.713	587713	5.60622e-36	2.37183e-34	5.01075e-34	2.57329e-24	
24.7503	6253.01	17908.5	71.2982	587.713	587713	3.72733e-36	1.57788e-34	3.33106e-34	2.421e-24	
25.157	6294.87	17869.2	71.5713	587.713	587713	2.47887e-36	1.05003e-34	2.21441e-34	2.27772e-24	
25.5637	6336.81	17830.5	71.846	587.713	587713	1.64947e-36	6.99093e-35	1.47361e-34	2.14291e-24	
25.9704	6378.83	17792.5	72.1224	587.713	587713	1.09755e-36	4.65434e-35	9.80747e-35	2.01609e-24	
26.3654	6419.72	17756.1	72.3924	587.713	587713	7.39091e-37	3.13622e-35	6.59919e-35	1.90011e-24	
26.7604	6460.69	17720.3	72.664	587.713	587713	4.97835e-37	2.11361e-35	4.44435e-35	1.79079e-24	
27.1554	6501.73	17685.1	72.9371	587.713	587713	3.35355e-37	1.42447e-35	2.99682e-35	1.68777e-24	
27.5504	6542.86	17650.4	73.2119	587.713	587713	2.25959e-37	9.60411e-36	2.01707e-35	1.59067e-24	
27.9454	6584.07	17616.3	73.4883	587.713	587713	1.52288e-37	6.47644e-36	1.35771e-35	1.49916e-24	
28.732	6666.39	17549.8	74.0436	587.713	587713	6.97563e-38	2.96619e-36	6.37803e-36	1.33232e-24	
29.5186	6749.06	17485.4	74.6055	587.713	587713	3.36599e-38	1.44331e-36	3.09851e-36	1.18404e-24	
30.3052	6832.09	17422.8	75.174	587.713	587713	1.12969e-38	5.36273e-37	-1.10219e-37	1.05226e-24	
31.0918	6915.49	17362	75.7492	587.713	587713	1.4786e-40	4.41342e-38	-1.15756e-36	9.35149e-25	
31.8784	6999.29	17303	76.3314	587.713	587713	3.38155e-39	7.80081e-38	2.58025e-36	8.31073e-25	
32.665	7083.49	17245.5	76.9206	587.713	587713	7.21858e-40	3.62884e-38	1.58217e-36	7.38579e-25	
32.9293	7111.87	17226.6	77.1201	587.713	587713	-8.78158e-40	1.29585e-38	-3.36311e-37	7.09873e-25	
33.1936	7140.31	17207.9	77.3205	587.713	587713	-2.07418e-40	6.31237e-39	2.74177e-37	6.82283e-25	
33.4578	7168.79	17189.3	77.5217	587.713	587713	-2.34261e-40	-7.16756e-40	2.72609e-37	6.55765e-25	
33.7221	7197.32	17170.9	77.7237	587.713	587713	-2.54255e-40	3.49103e-39	-1.34343e-37	6.30278e-25	
33.9864	7225.91	17152.6	77.9265	587.713	587713	-1.51384e-40	-1.47125e-39	3.17995e-38	6.05781e-25	
34.2761	7257.3	17132.8	78.1499	587.713	587713	-1.0446e-40	-3.24838e-39	1.03998e-37	5.80021e-25	
34.5658	7288.75	17113.2	78.3742	587.713	587713	-8.75273e-41	-3.02879e-40	-3.68171e-38	5.55356e-25	
34.8555	7320.27	17093.7	78.5995	587.713	587713	-6.58718e-41	-3.31207e-40	-4.47945e-38	5.3174e-25	
35.1452	7351.86	17074.5	78.8259	587.713	587713	-4.88035e-41	-1.08428e-39	-3.26818e-39	5.09128e-25	
35.532	7394.12	17049.1	79.1297	587.713	587713	-3.35066e-41	-6.9389e-40	-1.01153e-38	4.80433e-25	
35.9187	7436.51	17024	79.4354	587.713	587713	-2.30262e-41	-1.55259e-40	-3.04147e-38	4.53355e-25	
36.3054	7479.01	16999.2	79.743	587.713	587713	-1.5658e-41	-3.10789e-40	-1.33501e-38	4.27804e-25	
36.6922	7521.65	16974.8	80.0525	587.713	587713	-1.06673e-41	-3.92158e-40	1.52514e-39	4.03692e-25	
37.3062	7589.59	16936.5	80.5478	587.713	587713	-5.8235e-42	5.73591e-41	-1.77531e-38	3.68173e-25	
37.9202	7657.87	16899	81.0481	587.713	587713	-3.11294e-42	1.10675e-40	-2.86154e-38	3.35778e-25	
38.5342	7726.49	16862.2	81.5534	587.713	587713	-1.70003e-42	-5.57327e-40	1.9693e-38	3.06235e-25	
39.1482	7795.47	16826	82.0639	587.713	587713	-9.72753e-43	-2.94389e-40	2.73521e-38	2.7929e-25	
39.7622	7864.81	16790.5	82.5796	587.713	587713	-5.24281e-43	5.59962e-40	-4.00951e-38	2.54716e-25	
40.8216	7985.35	16730.7	83.4822	587.713	587713	-2.09726e-43	-3.66747e-39	2.00367e-37	2.17292e-25	
41.881	8107.1	16672.6	84.4013	587.713	587713	-4.02867e-43	-1.70121e-38	1.59809e-36	1.85367e-25	
42.0199	8123.16	16665.1	84.5231	587.713	587713	-3.90569e-43	-1.61224e-38	1.56289e-36	1.81543e-25	
42.1589	8139.24	16657.6	84.6453	587.713	587713	-3.42063e-43	-1.2867e-38	1.23204e-36	1.77799e-25	
42.2978	8155.35	16650.1	84.7677	587.713	587713	-2.87948e-43	-9.46254e-39	8.67205e-37	1.74131e-25	
42.4368	8171.47	16642.7	84.8904	587.713	587713	-2.4936e-43	-7.37203e-39	6.5455e-37	1.70539e-25	
42.5757	8187.62	16635.3	85.0134	587.713	587713	-2.22986e-43	-6.23328e-39	5.55793e-37	1.67022e-25	
42.7147	8203.8	16628	85.1367	587.713	587713	-1.97719e-43	-5.16124e-39	4.6112e-37	1.63577e-25	
42.9714	8233.74	16614.4	85.3654	587.713	587713	-1.40179e-43	-2.30202e-39	1.78135e-37	1.57397e-25	
43.2281	8263.76	16600.9	85.5951	587.713	587713	-8.25957e-44	4.84821e-40	-1.11816e-37	1.51451e-25	
43.4849	8293.86	16587.6	85.8259	587.713	587713	-4.77495e-44	1.51576e-39	-2.08902e-37	1.45729e-25	
43.7416	8324.05	16574.3	86.0577	587.713	587713	-3.45484e-44	1.12512e-39	-1.4828e-37	1.40224e-25	
43.9984	8354.31	16561.1	86.2906	587.713	587713	-2.99813e-44	4.67211e-40	-6.2792e-38	1.34926e-25	
44.6247	8428.5	16529.2	86.8635	587.713	587713	-5.22124e-44	-2.15677e-39	2.464e-37	1.22827e-25	
45.251	8503.21	16497.7	87.443	587.713	587713	-5.50989e-44	-2.1906e-39	2.43587e-37	1.11813e-25	
45.7289	8560.58	16474	87.8897	587.713	587713	-3.32425e-44	-7.31271e-40	7.07885e-38	1.04079e-25	
46.2068	8618.26	16450.6	88.3406	587.713	587713	-1.46313e-44	2.91952e-41	-1.19792e-38	9.6879e-26	
46.6847	8676.27	16427.3	88.7955	587.713	587713	-8.8963e-45	-2.05302e-40	2.45115e-38	9.01774e-26	
47.1625	8734.62	16404.3	89.2546	587.713	587713	-8.93147e-45	-4.42545e-40	5.37598e-38	8.39394e-26	
47.6404	8793.32	16381.6	89.718	587.713	587713	-7.00276e-45	-1.70375e-40	1.62257e-38	7.81329e-26	
48.2544	8869.25	16352.6	90.3198	587.713	587713	-1.51866e-45	3.17645e-40	-4.39156e-38	7.12591e-26	
48.8683	8945.79	16324	90.929	587.713	587713	3.29901e-45	3.51856e-40	-4.03588e-38	6.499e-26	
49.4822	9022.95	16295.7	91.5458	587.713	587713	3.20575e-45	9.48136e-42	5.82007e-39	5.92725e-26	
50.0961	9100.77	16267.6	92.1704	587.713	587713	2.93046e-46	-1.53208e-40	2.05329e-38	5.4058e-26	
50.7101	9179.26	16239.9	92.803	587.713	587713	-8.19139e-46	-1.35818e-42	-3.03287e-39	4.93022e-26	
51.324	9258.45	16212.4	93.4438	587.713	587713	3.16592e-46	9.50366e-41	-1.17763e-38	4.49648e-26	
52.0213	9349.28	16181.5	94.1819	587.713	587713	1.70626e-45	2.3465e-41	2.15101e-39	4.04991e-26	
52.7187	9441.07	16150.9	94.9313	587.713	587713	1.18177e-45	-7.86936e-41	1.32542e-38	3.64769e-26	
53.416	9533.86	16120.5	95.6922	587.713	587713	-9.51058e-47	-5.58589e-41	5.79771e-39	3.28542e-26	
54.1133	9627.7	16090.4	96.4652	587.713	587713	-4.3754e-46	2.03851e-41	-4.53528e-39	2.95913e-26	
54.8107	9722.63	16060.5	97.2504	587.713	587713	5.3963e-47	3.35272e-41	-3.81248e-39	2.66525e-26	
55.508	9818.68	16030.8	98.0484	587.713	587713	3.44363e-46	-5.09242e-42	2.00388e-39	2.40055e-26	
56.2896	9927.74	15997.7	98.9585	587.713	587713	1.16405e-46	-4.5432e-41	5.93054e-39	2.13498e-26	
57.0712	10038.3	15964.9	99.8858	587.713	587713	-1.88291e-46	-2.74752e-41	2.63313e-39	1.89879e-26	
57.8528	10150.5	15932.2	100.831	587.713	587713	-1.45472e-46	7.60346e-42	-1.25372e-39	1.68873e-26	
58.6344	10264.4	15899.7	101.794	587.713	587713	5.5138e-47	1.04901e-41	-8.32247e-40	1.5019e-26	
59.416	10380	15867.2	102.777	587.713	587713	9.77757e-47	-5.94397e-42	1.04715e-39	1.33575e-26	
60.1976	10497.5	15834.9	103.779	587.713	587713	-4.27849e-48	-8.77754e-42	8.40361e-40	1.18798e-26	
60.9793	10616.9	15802.6	104.803	587.713	587713	-5.95076e-47	1.61225e-42	-4.63993e-40	1.05655e-26	
61.7609	10738.2	15770.4	105.847	587.713	587713	-1.57223e-47	5.71217e-42	-6.05432e-40	9.39667e-27	
62.5425	10861.6	15738.2	106.914	587.713	587713	3.04359e-47	2.14041e-43	1.67711e-40	8.35713e-27	
63.3241	10987.3	15706	108.004	587.713	587713	1.86386e-47	-3.42921e-42	3.99312e-40	7.43258e-27	
64.1057	11115.1	15673.7	109.118	587.713	587713	-1.23007e-47	-8.19361e-43	-3.06536e-41	6.61032e-27	
64.8873	11245.4	15641.3	110.257	587.713	587713	-1.47503e-47	1.93098e-42	-2.50461e-40	5.87903e-27	
65.6689	11378.1	15608.9	111.422	587.713	587713	2.82016e-48	8.88641e-43	-2.64373e-41	5.22864e-27	
66.4505	11513.4	15576.3	112.614	587.713	587713	9.58617e-48	-1.00471e-42	1.4932e-40	4.6502e-27	
67.2321	11651.4	15543.6	113.834	587.713	587713	1.21157e-48	-7.48456e-43	4.36591e-41	4.13575e-27	
68.0137	11792.3	15510.7	115.083	587.713	587713	-5.32213e-48	4.63155e-43	-8.37008e-41	3.67822e-27	
68.7953	11936	15477.6	116.362	587.713	587713	-2.3127e-48	5.51759e-43	-4.21076e-41	3.2713e-27	
69.577	12082.9	15444.3	117.674	587.713	587713	2.46873e-48	-1.71883e-43	4.37189e-41	2.9094e-27	
70.3586	12233	15410.7	119.017	587.713	587713	2.10852e-48	-3.72506e-43	3.38545e-41	2.58753e-27	
71.1402	12386.4	15376.9	120.396	587.713	587713	-8.4132e-49	2.98719e-44	-2.06718e-41	2.30128e-27	
71.9218	12543.4	15342.7	121.809	587.713	587713	-1.50295e-48	2.34079e-43	-2.45784e-41	2.04669e-27	
72.7034	12704	15308.2	123.26	587.713	587713	5.6617e-50	2.90719e-44	8.20632e-42	1.82027e-27	
73.485	12868.5	15273.3	124.748	587.713	587713	9.39744e-49	-1.37409e-43	1.66014e-41	1.61889e-27	
74.2666	13037	15238	126.277	587.713	587713	2.89785e-49	-4.55937e-44	-2.00583e-42	1.43979e-27	
75.0482	13209.6	15202.4	127.847	587.713	587713	-4.43051e-49	7.48928e-44	-1.0567e-41	1.28051e-27	
75.8298	13386.7	15166.2	129.461	587.713	587713	-2.9578e-49	4.30626e-44	-7.0048e-43	1.13885e-27	
76.6114	13568.3	15129.6	131.119	587.713	587713	1.76297e-49	-3.71341e-44	6.36471e-42	1.01286e-27	
77.3931	13754.8	15092.4	132.824	587.713	587713	2.31613e-49	-3.38738e-44	1.59495e-42	9.00808e-28	
78.1747	13946.2	15054.8	134.577	587.713	587713	-3.18366e-50	1.5879e-44	-3.6191e-42	8.01153e-28	
78.9563	14142.9	15016.5	136.38	587.713	587713	-1.45979e-49	2.3949e-44	-1.64242e-42	7.12522e-28	
79.7379	14345.1	14977.6	138.235	587.713	587713	-2.5376e-50	-4.8752e-45	1.92333e-42	6.33696e-28	
80.5195	14553	14938.1	140.145	587.713	587713	7.87302e-50	-1.56471e-44	1.36137e-42	5.63591e-28	
81.3011	14766.9	14898	142.11	587.713	587713	3.88519e-50	-1.81332e-46	-9.32704e-43	5.01241e-28	
82.0827	14987	14857.1	144.133	587.713	587713	-3.48991e-50	9.5419e-45	-1.0074e-42	4.45789e-28	
82.8643	15213.7	14815.5	146.217	587.713	587713	-3.34791e-50	2.04159e-45	3.88716e-43	3.96472e-28	
83.6459	15447.2	14773.1	148.362	587.713	587713	1.0697e-50	-5.42816e-45	6.90308e-43	3.52611e-28	
84.4275	15687.8	14729.9	150.572	587.713	587713	2.30585e-50	-2.34807e-45	-1.12451e-43	3.13602e-28	
85.2092	15935.9	14685.8	152.848	587.713	587713	4.89054e-52	2.84784e-45	-4.44858e-43	2.78908e-28	
85.9908	16191.8	14640.9	155.192	587.713	587713	-1.35598e-50	2.01362e-45	-1.23937e-44	2.48053e-28	
86.7724	16455.8	14595.1	157.608	587.713	587713	-4.27984e-51	-1.33593e-45	2.71145e-43	2.20611e-28	
87.554	16728.3	14548.3	160.095	587.713	587713	6.81991e-51	-1.50297e-45	5.73092e-44	1.96205e-28	
88.3356	17009.7	14500.5	162.657	587.713	587713	4.72959e-51	5.13716e-46	-1.56151e-43	1.74499e-28	
89.1172	17300.4	14451.8	165.296	587.713	587713	-2.53747e-51	1.02402e-45	-6.38496e-44	1.55194e-28	
89.8988	17600.6	14402	168.013	587.713	587713	-3.62818e-51	-1.07286e-46	8.42729e-44	1.38025e-28	
90.6804	17910.9	14351	170.81	587.713	587713	3.05355e-52	-6.48587e-46	5.46986e-44	1.22756e-28	
91.462	18231.7	14299	173.689	587.713	587713	2.18363e-51	-6.5564e-47	-4.17695e-44	1.09175e-28	
92.2436	18563.3	14245.8	176.652	587.713	587713	4.62649e-52	3.83776e-46	-4.12834e-44	9.70974e-29	
93.0253	18906.3	14191.5	179.698	587.713	587713	-1.16143e-51	1.17791e-46	1.81027e-44	8.63556e-29	
93.8069	19261.1	14135.9	182.831	587.713	587713	-6.34116e-52	-2.111e-46	2.86981e-44	7.68022e-29	
94.5885	19628	14079.1	186.05	587.713	587713	4.90485e-52	-1.14823e-46	-5.86231e-45	6.83056e-29	
95.3701	20007.7	14021.1	189.356	587.713	587713	5.2105e-52	1.05994e-46	-1.87171e-44	6.0749e-29	
96.1517	20400.5	13961.7	192.75	587.713	587713	-1.34896e-52	9.1738e-47	1.6855e-46	5.40284e-29	
96.9333	20806.9	13901	196.231	587.713	587713	-3.49131e-52	-4.63221e-47	1.1537e-44	4.80513e-29	
97.7149	21227.3	13839.1	199.799	587.713	587713	-2.34367e-53	-6.55317e-47	2.01435e-45	4.27354e-29	
98.4965	21662.3	13775.7	203.453	587.713	587713	2.00389e-52	1.50963e-47	-6.72252e-45	3.80077e-29	
99.2781	22112.3	13711.1	207.192	587.713	587713	7.24941e-53	4.31705e-47	-2.47278e-45	3.38029e-29	
100.06	22577.7	13645.1	211.014	587.713	587713	-9.82794e-53	-5.05865e-49	3.67863e-45	3.00633e-29	
100.929	23114	13570	215.36	587.713	587713	-1.15427e-52	-5.48219e-47	5.08864e-45	2.6388e-29	
101.798	23670.5	13493.3	219.803	587.713	587713	7.53905e-54	-4.33797e-47	2.4914e-46	2.3162e-29	
102.668	24247.7	13415	224.337	587.713	587713	7.54824e-53	2.59087e-48	-2.82648e-45	2.03304e-29	
103.537	24846.2	13335	228.959	587.713	587713	3.38849e-53	2.17418e-47	-1.45479e-45	1.78449e-29	
104.406	25466.4	13253.4	233.662	587.713	587713	-1.88714e-53	5.23043e-48	5.38319e-46	1.56634e-29	
105.276	26108.7	13170.3	238.439	587.713	587713	-1.44877e-53	-8.18986e-48	3.21787e-46	1.37485e-29	
106.235	26843.7	13076.8	243.787	587.713	587713	2.61238e-53	-5.30829e-48	-1.10868e-45	1.19059e-29	
107.194	27606.4	12981.6	249.205	587.713	587713	3.87359e-53	6.2389e-48	-1.36897e-45	1.03104e-29	
108.153	28397.3	12884.8	254.682	587.713	587713	1.41685e-53	7.7202e-48	-2.61733e-46	8.9286e-30	
109.113	29216.4	12786.4	260.203	587.713	587713	-9.16022e-54	5.98652e-49	5.43804e-46	7.73202e-30	
110.072	30063.8	12686.6	265.757	587.713	587713	-8.51452e-54	-4.04376e-48	3.2419e-46	6.6958e-30	
111.031	30939.5	12585.5	271.33	587.713	587713	3.26223e-54	-1.85123e-48	-2.14517e-46	5.79845e-30	
112.116	31963.4	12470	277.635	587.713	587713	1.17405e-53	3.82883e-48	-4.94891e-46	4.92796e-30	
113.2	33022.6	12353.3	283.925	587.713	587713	6.01816e-54	5.25334e-48	-9.65341e-47	4.18817e-30	
114.285	34116.5	12235.7	290.182	587.713	587713	-3.14636e-54	1.41666e-48	2.44891e-46	3.55943e-30	
115.369	35244.2	12117.4	296.386	587.713	587713	-5.35753e-54	-2.07768e-48	2.83512e-46	3.02508e-30	
116.454	36404.5	11998.8	302.519	587.713	587713	-1.0119e-54	-2.01408e-48	-6.81453e-47	2.57094e-30	
117.538	37596.2	11880.1	308.565	587.713	587713	2.60162e-54	4.30315e-49	-1.31873e-46	2.18499e-30	
118.794	39012.8	11743	315.435	587.713	587713	1.57278e-54	1.36211e-48	4.75275e-47	1.80994e-30	
120.049	40466.7	11606.6	322.147	587.713	587713	-1.28413e-54	-1.45269e-49	1.13168e-46	1.49928e-30	
121.305	41954.9	11471.3	328.683	587.713	587713	-1.24812e-54	-7.99224e-49	-1.04831e-47	1.24193e-30	
122.56	43474.1	11337.5	335.029	587.713	587713	5.21589e-55	6.30961e-50	-6.4958e-47	1.02876e-30	
123.816	45021.2	11205.6	341.173	587.713	587713	8.73371e-55	5.03312e-49	4.43096e-48	8.52179e-31	
125.071	46592.5	11075.9	347.11	587.713	587713	-1.49699e-55	-2.04987e-51	3.96286e-47	7.05906e-31	
126.557	48479	10925.5	353.86	587.713	587713	-1.62538e-54	-1.07753e-48	4.69619e-47	5.6486e-31	
128.043	50388.4	10779	360.307	587.713	587713	-1.42415e-54	-1.08263e-48	-3.68683e-47	4.52002e-31	
129.53	52314.8	10636.8	366.451	587.713	587713	-1.68478e-55	-2.16095e-49	-2.93976e-47	3.61696e-31	
131.016	54252.3	10499.1	372.297	587.713	587713	5.49421e-55	4.66405e-49	-3.30521e-47	2.8943e-31	
132.502	56195.1	10366	377.85	587.713	587713	2.56113e-55	2.60926e-49	4.45311e-47	2.31601e-31	
133.988	58137.7	10237.7	383.121	587.713	587713	-2.44402e-55	-1.40964e-49	-1.27219e-47	1.85327e-31	
135.83	60537.1	10085.4	389.277	587.713	587713	-2.80797e-55	-1.84728e-49	-4.36977e-47	1.40605e-31	
137.672	62919.2	9940.58	395.038	587.713	587713	1.33369e-55	1.13065e-49	-8.25597e-48	1.06681e-31	
139.514	65275.9	9803.05	400.428	587.713	587713	2.04725e-55	1.08126e-49	1.82527e-47	8.09423e-32	
141.355	67600	9672.63	405.471	587.713	587713	-5.36941e-56	-7.19551e-50	1.18731e-48	6.14113e-32	
143.197	69885.3	9549.06	410.193	587.713	587713	-1.31034e-55	-5.96578e-50	-1.08874e-47	4.65922e-32	
145.039	72126.6	9432.03	414.616	587.713	587713	2.42517e-56	4.53059e-50	3.91022e-49	3.53501e-32	
147.403	74932.6	9290.85	419.894	587.713	587713	4.34917e-55	4.21001e-49	4.71831e-47	2.48097e-32	
149.767	77652.7	9159.15	424.764	587.713	587713	4.72579e-55	1.91163e-49	5.18405e-47	1.74225e-32	
152.132	80282.4	9036.18	429.269	587.713	587713	1.75375e-55	3.00386e-49	3.09195e-47	1.22384e-32	
154.496	82819.5	8921.19	433.446	587.713	587713	-1.51307e-55	-6.45553e-49	-3.53447e-47	8.59496e-33	
156.86	85263.1	8813.49	437.331	587.713	587713	-1.24803e-55	8.57513e-49	1.60419e-47	6.03398e-33	
159.224	87614	8712.42	440.954	587.713	587713	6.27342e-57	-1.78257e-48	-6.93251e-47	4.23624e-33	
162.022	90278.7	8600.56	444.942	587.713	587713	5.66063e-56	-1.93171e-48	-6.59349e-47	2.79065e-33	
164.819	92820.8	8496.23	448.644	587.713	587713	-2.88801e-56	2.06675e-49	6.9206e-48	1.84041e-33	
167.617	95246	8398.62	452.094	587.713	587713	-4.56409e-56	5.86608e-49	1.81904e-47	1.21301e-33	
170.414	97560.9	8307	455.324	587.713	587713	1.58565e-56	-3.18101e-49	-1.0716e-47	7.98202e-34	
173.212	99772.4	8220.76	458.358	587.713	587713	2.81507e-56	-2.54398e-49	-7.39255e-48	5.25199e-34	
176.009	101887	8139.34	461.221	587.713	587713	-1.11958e-56	2.33302e-49	7.72119e-48	3.46275e-34	
179.295	104258	8049.2	464.39	587.713	587713	-7.0152e-56	1.45145e-48	4.70049e-47	2.13756e-34	
182.58	106516	7964.33	467.377	587.713	587713	-5.24938e-56	3.49627e-49	8.2259e-48	1.32607e-34	
185.865	108673	7884.11	470.205	587.713	587713	-3.26815e-58	5.68375e-49	2.08182e-47	8.19987e-35	
189.15	110738	7808.04	472.894	587.713	587713	2.77352e-56	-1.71699e-48	-6.11502e-47	5.03167e-35	
192.436	112720	7735.63	475.461	587.713	587713	6.05775e-57	2.01194e-48	7.70198e-47	3.087e-35	
195.721	114628	7666.49	477.922	587.713	587713	-1.21215e-56	-3.23132e-48	-1.25962e-46	1.91644e-35	
200.174	117111	7577.34	481.111	587.713	587713	-9.08568e-57	-1.53591e-48	-5.87495e-47	1.05558e-35	
204.627	119490	7492.74	484.158	587.713	587713	8.65176e-57	9.19831e-49	3.58822e-47	5.93721e-36	
209.08	121781	7412.01	487.085	587.713	587713	4.06903e-57	1.44043e-49	4.57044e-48	3.11428e-36	
213.534	123999	7334.57	489.915	587.713	587713	-5.99848e-57	-5.07192e-49	-1.92138e-47	1.5084e-36	
217.987	126156	7259.88	492.667	587.713	587713	-1.28474e-57	1.10968e-49	4.83161e-48	8.13023e-37	
222.44	128266	7187.49	495.357	587.713	587713	4.16585e-57	2.16493e-49	7.81426e-48	5.39984e-37	
228.262	130970	7095.6	498.806	587.713	587713	4.02682e-57	-5.12659e-50	-2.64769e-48	3.67996e-37	
234.084	133634	7006.06	502.208	587.713	587713	-2.0833e-57	-1.18349e-49	-4.18027e-48	1.52151e-37	
239.906	136282	6918.08	505.593	587.713	587713	-1.33182e-57	4.58647e-50	1.89091e-48	1.93819e-39	
245.727	138935	6830.95	508.991	587.713	587713	1.74006e-57	2.86083e-50	8.52245e-49	-2.9248e-39	
251.549	141615	6743.95	512.431	587.713	587713	2.26486e-58	-3.0951e-50	-1.14065e-48	4.14551e-38	
257.371	144345	6656.39	515.943	587.713	587713	-1.27294e-57	-5.99405e-52	8.05876e-50	3.54082e-38	
265.278	148180	6535.3	520.89	587.713	587713	-1.31378e-57	3.41686e-50	1.28625e-48	-3.90219e-38	
273.185	152223	6409.96	526.127	587.713	587713	5.52166e-58	5.58418e-52	-3.93925e-50	-6.63331e-38	
279.568	155697	6304.25	530.642	587.713	587713	-2.02912e-57	1.95933e-50	1.17505e-48	-1.03044e-38	
285.95	159415	6193.11	535.492	587.713	587713	-2.72725e-57	6.17229e-50	2.48617e-48	1.88401e-38	
292.333	163444	6075.07	540.766	587.713	587713	3.57065e-57	-2.70061e-50	-1.94528e-48	-1.47488e-38	
297.504	166992	5973.18	545.425	587.713	587713	3.23999e-57	-2.92757e-50	-1.34267e-48	-2.95524e-38	
302.675	170851	5864.52	550.508	587.713	587713	-8.53505e-58	1.34854e-50	7.30995e-49	-1.32034e-38	
307.846	175088	5747.82	556.106	587.713	587713	-8.63674e-58	4.92926e-51	1.23927e-49	4.83809e-39	
313.017	179788	5621.58	562.33	587.713	587713	1.05737e-57	-8.58913e-51	-4.04948e-49	4.33631e-39	
317.155	183952	5512.54	567.856	587.713	587713	-1.66949e-57	3.79001e-50	1.80121e-48	3.3415e-40	
321.293	188546	5395.24	573.962	587.713	587713	-2.78809e-57	2.19013e-50	7.75109e-49	1.4555e-39	
325.432	193652	5268.55	580.755	587.713	587713	2.79368e-57	-7.86887e-50	-3.86036e-48	3.55296e-39	
329.57	199372	5131.17	588.365	587.713	587713	4.84799e-57	-2.61825e-50	-7.13339e-49	1.50546e-39	
333.708	205830	4981.71	596.947	587.713	587713	-4.93183e-57	1.59756e-49	7.7835e-48	-1.62588e-39	
337.846	213180	4818.72	606.688	587.713	587713	-8.38008e-57	9.19239e-51	-6.8726e-49	-1.08207e-39	
341.094	219698	4680.35	615.29	587.713	587713	-8.20122e-58	-8.02314e-50	-4.14941e-48	5.88837e-40	
344.343	226994	4532.12	624.861	587.713	587713	2.45481e-57	1.06806e-50	8.63432e-49	8.85066e-40	
347.591	235195	4373.54	635.532	587.713	587713	-5.25203e-58	3.45306e-50	1.5763e-48	1.04332e-40	
350.226	242615	4237.11	645.089	587.713	587713	3.552e-58	-7.07984e-50	-3.23775e-48	-3.11328e-41	
352.862	250817	4093.73	655.529	587.713	587713	3.05045e-57	-1.57688e-50	2.69861e-50	2.28705e-40	
355.497	259895	3943.66	666.914	587.713	587713	5.24033e-58	1.5526e-49	7.41087e-48	2.76031e-40	
358.132	269949	3787.42	679.29	587.713	587713	-4.22182e-57	8.81073e-51	-9.58058e-49	3.95525e-41	
360.327	279138	3653.19	690.371	587.713	587713	-3.03403e-57	-1.00053e-49	-5.22364e-48	-5.78007e-41	
362.521	289128	3515.94	702.152	587.713	587713	2.61463e-58	-6.58927e-51	1.56429e-49	-1.25913e-41	
364.716	299968	3376.54	714.605	587.713	587713	8.84146e-58	4.87577e-50	2.33936e-48	4.42575e-41	
366.911	311695	3236.03	727.675	587.713	587713	-5.08881e-58	-5.62388e-51	-6.00879e-49	3.45508e-41	
369.105	324331	3095.6	741.281	587.713	587713	-7.23716e-58	-2.79789e-50	-1.27452e-48	-3.959e-42	
371.3	337881	2956.54	755.309	587.713	587713	3.03084e-58	6.52838e-51	5.155e-49	-1.56343e-41	
373.495	352319	2820.21	769.616	587.713	587713	5.22696e-58	1.53299e-50	6.59441e-49	-4.00864e-43	
375.689	367596	2687.92	784.038	587.713	587713	-2.07862e-58	-5.43919e-51	-3.73737e-49	1.09601e-41	
377.884	383627	2560.92	798.394	587.713	587713	-3.95736e-58	-8.07916e-51	-3.21538e-49	6.33455e-42	
379.705	397424	2460.31	810.126	587.713	587713	2.05165e-58	8.65406e-51	3.26444e-49	2.0243e-42	
381.527	411583	2364.58	821.585	587.713	587713	3.00351e-58	1.45135e-51	-1.46043e-49	2.63872e-42	
383.348	426015	2274.12	832.677	587.713	587713	-3.36259e-58	-1.92253e-50	-8.12881e-49	4.25769e-42	
385.169	440620	2189.2	843.319	587.713	587713	-4.51946e-58	-1.30609e-51	2.49515e-49	3.29916e-42	
386.991	455295	2109.95	853.446	587.713	587713	3.33034e-58	2.84697e-50	1.18042e-48	1.16566e-42	
388.812	469936	2036.42	863.006	587.713	587713	5.85226e-58	-2.18349e-51	-5.4436e-49	4.32191e-43	
390.634	484438	1968.54	871.966	587.713	587713	-3.2014e-58	-4.10069e-50	-1.63611e-48	9.92667e-43	
392.455	498706	1906.18	880.307	587.713	587713	-7.44549e-58	1.02058e-50	1.11276e-48	1.22605e-42	
394.276	512651	1849.11	888.022	587.713	587713	2.89787e-58	5.84612e-50	2.22972e-48	6.74974e-43	
396.098	526192	1797.07	895.121	587.713	587713	9.45156e-58	-2.49352e-50	-2.07226e-48	1.5272e-43	
397.919	539262	1749.79	901.623	587.713	587713	-2.23142e-58	-8.17747e-50	-2.94867e-48	1.62578e-43	
399.408	549560	1714.43	906.513	587.713	587713	-9.57436e-58	-1.09342e-50	5.66304e-49	2.67967e-43	
400.622	557676	1687.68	910.226	587.713	587713	-5.03194e-58	1.68976e-50	7.2267e-49	2.28713e-43	
401.836	565532	1662.69	913.705	587.713	587713	3.71451e-59	-2.06409e-51	-4.70872e-49	1.4616e-43	
403.05	573119	1639.36	916.961	587.713	587713	7.72112e-59	-1.2862e-50	-4.68364e-49	1.05594e-43	
404.263	580431	1617.59	920.005	587.713	587713	-1.25866e-58	3.35475e-52	2.84151e-49	1.06706e-43	
405.477	587464	1597.31	922.848	587.713	587713	-1.50869e-58	8.28175e-51	3.17759e-49	1.05647e-43	
406.691	594217	1578.41	925.499	587.713	587713	-5.11767e-60	6.51832e-52	-1.47424e-49	8.50673e-44	
408.444	603474	1553.38	929.014	587.713	587713	2.97666e-58	-1.71001e-50	-7.43581e-49	2.55404e-44	
410.198	612149	1530.83	932.186	587.713	587713	2.5341e-58	-9.17977e-51	-1.92957e-49	-1.20255e-44	
411.951	620253	1510.52	935.044	587.713	587713	-1.14862e-60	5.78867e-51	3.01378e-49	-7.68694e-45	
413.704	627800	1492.25	937.617	587.713	587713	-9.31415e-59	3.53375e-51	5.10129e-50	8.75028e-45	
415.458	634810	1475.82	939.931	587.713	587713	3.91891e-60	-3.89536e-51	-1.85043e-49	1.06775e-44	
417.211	641304	1461.05	942.011	587.713	587713	6.72326e-59	-1.87331e-51	-1.63118e-50	1.63086e-45	
419.193	648055	1446.13	944.11	587.713	587713	3.02532e-59	4.55514e-51	3.10028e-49	-7.3287e-45	
421.175	654214	1432.92	945.969	587.713	587713	-4.71908e-59	7.46587e-51	3.09564e-49	-6.05881e-45	
423.158	659819	1421.22	947.615	587.713	587713	-5.6428e-59	1.15448e-51	1.36707e-50	-3.2902e-46	
425.14	664908	1410.85	949.072	587.713	587713	-8.94485e-60	-1.98746e-51	-1.34769e-49	2.00551e-45	
427.122	669519	1401.67	950.362	587.713	587713	2.37263e-59	-2.63018e-51	-6.33147e-50	3.2549e-46	
429.105	673690	1393.54	951.504	587.713	587713	1.33709e-59	1.87066e-51	7.66658e-50	-1.47358e-45	
431.986	679039	1383.34	952.934	587.713	587713	-3.75882e-59	9.63277e-52	4.71444e-50	-1.14126e-45	
434.867	683636	1374.79	954.133	587.713	587713	-3.67666e-59	-1.7012e-51	-6.11294e-50	1.73302e-45	
437.749	687576	1367.62	955.137	587.713	587713	5.06478e-60	-5.2845e-52	-1.93267e-50	2.84127e-45	
440.63	690945	1361.6	955.979	587.713	587713	1.78685e-59	8.74094e-52	3.36302e-50	1.4218e-45	
443.511	693819	1356.54	956.686	587.713	587713	-2.34483e-60	7.18823e-53	2.37903e-51	-6.95047e-47	
446.392	696267	1352.3	957.279	587.713	587713	-1.16329e-59	-4.8476e-52	-1.83654e-50	-1.4003e-46	
449.827	698711	1348.12	957.862	587.713	587713	-6.92427e-60	-2.09908e-51	-8.29704e-50	1.05281e-45	
453.262	700723	1344.72	958.336	587.713	587713	1.29267e-59	7.97532e-52	3.39196e-50	1.69891e-45	
456.696	702375	1341.95	958.722	587.713	587713	1.28592e-59	-1.57994e-51	-6.89804e-50	1.11956e-45	
460.131	703732	1339.7	959.035	587.713	587713	4.31272e-60	4.54378e-51	1.9259e-49	2.08902e-46	
463.565	704843	1337.87	959.29	587.713	587713	-7.82827e-60	-7.38373e-51	-3.21126e-49	-1.37356e-46	
467	705754	1336.38	959.498	587.713	587713	-3.02572e-60	1.26274e-50	5.62444e-49	4.87901e-47	
471.106	706628	1334.96	959.696	587.713	587713	5.28081e-60	1.06922e-50	4.55835e-49	3.46497e-46	
475.212	707315	1333.85	959.851	587.713	587713	3.20637e-60	-3.0072e-51	-1.38214e-49	2.37006e-46	
479.318	707855	1332.98	959.972	587.713	587713	-2.53762e-60	-2.26128e-51	-8.9247e-50	-3.86037e-47	
480	707933	1332.85	959.989	587.713	587713	-1.66435e-60	-4.97316e-52	-1.76221e-50	-3.34497e-47	
