# Time	[Z]	[mu2]	[mZ]	[mF]	[F]	[mP]	[PE]	[PG]	[PM]	[STAT]	
0	4647.72	19615	49.668	538.299	538299	290.115	4665.01	4354.01	52248.1	2.45454e+06	
1e-09	4647.72	19615	49.668	538.299	538299	290.115	4665.01	4354.01	52248.1	2.45454e+06	
2e-09	4647.72	19615	49.668	538.299	538299	290.115	4665.01	4354.01	52248.1	2.45454e+06	
1.0002e-05	4647.72	19615	49.6682	538.299	538299	290.115	4665.01	4354.01	52248.1	2.45454e+06	
2.0002e-05	4647.72	19615	49.6684	538.299	538299	290.115	4665.01	4354.01	52248.1	2.45454e+06	
3.0002e-05	4647.72	19615	49.6685	538.299	538299	290.115	4665.01	4354.01	52248.1	2.45454e+06	
0.000130002	4647.72	19615	49.6703	538.299	538299	290.115	4665.01	4354.01	52248.1	2.45454e+06	
0.000230002	4647.72	19614.9	49.6721	538.299	538299	290.115	4665.01	4354.01	52248.1	2.45454e+06	
0.000330002	4647.72	19614.9	49.6739	538.299	538299	290.115	4665.01	4354.01	52248.1	2.45454e+06	
0.000430002	4647.72	19614.9	49.6757	538.299	538299	290.115	4665.01	4354.01	52248.1	2.45454e+06	
0.00143	4647.72	19614.6	49.6936	538.299	538299	290.115	4665.01	4354.01	52248.1	2.45454e+06	
0.00243	4647.72	19614.3	49.7115	538.299	538299	290.115	4665.01	4354.01	52248.1	2.45454e+06	
0.00343	4647.72	19614	49.7293	538.299	538299	290.115	4665.01	4354.01	52248.1	2.45454e+06	
0.00443	4647.72	19613.8	49.7471	538.299	538299	290.115	4665.01	4354.01	52248.1	2.45454e+06	
0.01443	4647.74	19611	49.924	538.299	538299	290.115	4665.01	4354.01	52248.1	2.45454e+06	
0.02443	4647.77	19608.1	50.0983	538.299	538299	290.115	4665.03	4354.01	52248.1	2.45454e+06	
0.03443	4647.82	19605.3	50.2703	538.299	538299	290.115	4665.05	4354.01	52248.1	2.45454e+06	
0.04443	4647.89	19602.5	50.4398	538.299	538299	290.116	4665.08	4354.01	52248.1	2.45454e+06	
0.05443	4647.97	19599.7	50.607	538.299	538299	290.116	4665.12	4354.01	52248.1	2.45454e+06	
0.15443	4649.65	19571.4	52.1563	538.299	538299	290.127	4665.85	4354.08	52248.1	2.45454e+06	
0.25443	4652.72	19543	53.5043	538.299	538299	290.148	4667.2	4354.29	52248.1	2.45454e+06	
0.35443	4657.01	19514.6	54.6784	538.299	538299	290.177	4669.11	4354.73	52248.2	2.45454e+06	
0.45443	4662.36	19486.1	55.7022	538.299	538299	290.215	4671.51	4355.42	52248.4	2.45454e+06	
0.55443	4668.62	19457.5	56.5962	538.299	538299	290.259	4674.34	4356.41	52248.7	2.45454e+06	
0.65443	4675.67	19429	57.3781	538.299	538299	290.31	4677.57	4357.7	52249.2	2.45454e+06	
0.826002	4689.33	19380.1	58.5013	538.299	538299	290.41	4683.88	4360.64	52250.8	2.45454e+06	
0.997575	4704.61	19331.3	59.4021	538.299	538299	290.526	4691.03	4364.47	52253.3	2.45454e+06	
1.16915	4721.16	19282.8	60.1297	538.299	538299	290.653	4698.86	4369.15	52257	2.45454e+06	
1.34072	4738.72	19234.5	60.7227	538.299	538299	290.791	4707.25	4374.61	52262.2	2.45454e+06	
1.51229	4757.09	19186.5	61.2112	538.299	538299	290.937	4716.09	4380.75	52269.1	2.45454e+06	
1.68386	4776.11	19138.8	61.6184	538.299	538299	291.09	4725.3	4387.51	52277.7	2.45454e+06	
1.85544	4795.65	19091.4	61.9626	538.299	538299	291.249	4734.8	4394.79	52288.3	2.45454e+06	
2.02701	4815.61	19044.4	62.2577	538.299	538299	291.413	4744.55	4402.53	52300.9	2.45454e+06	
2.19858	4835.93	18997.7	62.515	538.299	538299	291.581	4754.49	4410.66	52315.6	2.45454e+06	
2.37015	4856.53	18951.4	62.7428	538.299	538299	291.752	4764.59	4419.11	52332.4	2.45454e+06	
2.56819	4880.62	18898.5	62.978	538.299	538299	291.952	4776.39	4429.2	52354.6	2.45454e+06	
2.76623	4904.97	18846	63.1907	538.299	538299	292.155	4788.32	4439.59	52379.7	2.45454e+06	
2.96426	4929.56	18794	63.3869	538.299	538299	292.36	4800.33	4450.22	52407.8	2.45454e+06	
3.1623	4954.34	18742.5	63.571	538.299	538299	292.566	4812.4	4461.03	52438.8	2.45454e+06	
3.36034	4979.31	18691.6	63.7463	538.299	538299	292.773	4824.51	4471.98	52472.7	2.45454e+06	
3.55837	5004.43	18641.1	63.9152	538.299	538299	292.981	4836.63	4483.04	52509.5	2.45454e+06	
3.80046	5035.34	18580	64.1159	538.299	538299	293.235	4851.47	4496.67	52558.4	2.45454e+06	
4.04254	5066.46	18519.7	64.3123	538.299	538299	293.489	4866.29	4510.37	52611.3	2.45454e+06	
4.28463	5097.77	18460.1	64.5063	538.299	538299	293.743	4881.09	4524.11	52668.2	2.45454e+06	
4.52671	5129.27	18401.3	64.6991	538.299	538299	293.996	4895.84	4537.87	52729	2.45454e+06	
4.7688	5160.94	18343.1	64.8916	538.299	538299	294.247	4910.54	4551.63	52793.5	2.45454e+06	
5.07831	5201.7	18269.7	65.1381	538.299	538299	294.568	4929.25	4569.18	52881.1	2.45454e+06	
5.38782	5242.74	18197.5	65.3859	538.299	538299	294.886	4947.86	4586.67	52974.4	2.45454e+06	
5.69733	5284.06	18126.3	65.6356	538.299	538299	295.202	4966.35	4604.08	53072.9	2.45454e+06	
6.00684	5325.67	18056.3	65.8876	538.299	538299	295.515	4984.71	4621.4	53176.3	2.45454e+06	
6.31635	5367.56	17987.3	66.1421	538.299	538299	295.826	5002.95	4638.62	53284.5	2.45454e+06	
6.69541	5419.25	17904.2	66.4574	538.299	538299	296.204	5025.11	4659.55	53423	2.45454e+06	
7.07446	5471.38	17822.6	66.7771	538.299	538299	296.577	5047.07	4680.31	53567.7	2.45454e+06	
7.45352	5523.93	17742.5	67.1011	538.299	538299	296.947	5068.83	4700.89	53718.1	2.45454e+06	
7.83258	5576.92	17663.9	67.4297	538.299	538299	297.312	5090.38	4721.27	53873.7	2.45454e+06	
8.20739	5629.75	17587.6	67.7591	538.299	538299	297.669	5111.49	4741.25	54032.4	2.45454e+06	
8.58219	5683.02	17512.7	68.0932	538.299	538299	298.023	5132.39	4761.04	54195.5	2.45454e+06	
8.957	5736.73	17439.1	68.4319	538.299	538299	298.372	5153.1	4780.64	54362.6	2.45454e+06	
9.33181	5790.89	17366.8	68.7754	538.299	538299	298.718	5173.6	4800.06	54533.3	2.45454e+06	
10.0576	5897.03	17230.5	69.4543	538.299	538299	299.376	5212.74	4837.12	54873.1	2.45454e+06	
10.7833	6004.9	17098.8	70.1518	538.299	538299	300.02	5251.13	4873.48	55223.3	2.45454e+06	
11.5091	6114.54	16971.5	70.8684	538.299	538299	300.651	5288.78	4909.15	55582	2.45454e+06	
12.2348	6225.98	16848.4	71.6049	538.299	538299	301.267	5325.71	4944.14	55947.4	2.45454e+06	
12.9197	6332.85	16736	72.3185	538.299	538299	301.836	5359.9	4976.54	56297	2.45454e+06	
13.6046	6441.41	16627	73.0508	538.299	538299	302.394	5393.47	5008.34	56650	2.45454e+06	
14.2895	6551.71	16521.3	73.8023	538.299	538299	302.94	5426.42	5039.56	57005.5	2.45454e+06	
14.9744	6663.79	16418.8	74.5737	538.299	538299	303.474	5458.76	5070.22	57362.6	2.45454e+06	
15.2751	6713.57	16374.8	74.9187	538.299	538299	303.706	5472.78	5083.49	57519.6	2.45454e+06	
15.5758	6763.71	16331.3	75.2678	538.299	538299	303.935	5486.68	5096.66	57676.6	2.45454e+06	
15.8764	6814.21	16288.4	75.6209	538.299	538299	304.162	5500.47	5109.73	57833.7	2.45454e+06	
16.507	6921.31	16200.3	76.3747	538.299	538299	304.632	5529.03	5136.79	58163	2.45454e+06	
17.1375	7030.08	16114.4	77.1472	538.299	538299	305.093	5557.12	5163.4	58491.6	2.45454e+06	
17.7681	7140.55	16030.8	77.9389	538.299	538299	305.546	5584.74	5189.56	58819.1	2.45454e+06	
18.5491	7279.83	15930.2	78.9469	538.299	538299	306.096	5618.34	5221.38	59222.7	2.45454e+06	
19.3301	7421.92	15832.7	79.9865	538.299	538299	306.633	5651.27	5252.56	59623.5	2.45454e+06	
20.1111	7566.93	15738.1	81.059	538.299	538299	307.159	5683.55	5283.12	60020.9	2.45454e+06	
20.8921	7714.97	15646.3	82.1657	538.299	538299	307.673	5715.23	5313.1	60414.5	2.45454e+06	
22.0557	7941.46	15514.4	83.8812	538.299	538299	308.42	5761.33	5356.71	60993.2	2.45454e+06	
23.2193	8175.45	15387.9	85.6812	538.299	538299	309.145	5806.22	5399.14	61561.8	2.45454e+06	
24.3828	8417.48	15266.2	87.5713	538.299	538299	309.85	5849.98	5440.49	62119.8	2.45454e+06	
25.5464	8668.11	15148.9	89.5581	538.299	538299	310.537	5892.73	5480.84	62666.9	2.45454e+06	
26.71	8928	15035.6	91.6483	538.299	538299	311.206	5934.54	5520.28	63203	2.45454e+06	
28.0982	9251.14	14905.1	94.288	538.299	538299	311.985	5983.36	5566.27	63828.4	2.45454e+06	
29.4863	9589.84	14779	97.1002	538.299	538299	312.746	6031.19	5611.28	64438.7	2.45454e+06	
30.8744	9945.62	14656.6	100.101	538.299	538299	313.491	6078.22	5655.46	65034.9	2.45454e+06	
32.2625	10320.2	14537.3	103.309	538.299	538299	314.225	6124.65	5699.02	65617.9	2.45454e+06	
33.6506	10715.7	14420.4	106.743	538.299	538299	314.95	6170.68	5742.12	66189	2.45454e+06	
35.3423	11228.9	14280.3	111.267	538.299	538299	315.826	6226.55	5794.33	66871	2.45454e+06	
37.0339	11780.9	14141.9	116.206	538.299	538299	316.702	6282.55	5846.53	67540.4	2.45454e+06	
38.7256	12377.1	14003.9	121.61	538.299	538299	317.582	6339.12	5899.13	68200.7	2.45454e+06	
40.4172	13023.6	13865.3	127.535	538.299	538299	318.475	6396.72	5952.55	68855.6	2.45454e+06	
42.1089	13727.5	13725	134.042	538.299	538299	319.387	6455.86	6007.24	69509	2.45454e+06	
43.8006	14496.8	13581.8	141.197	538.299	538299	320.328	6517.07	6063.71	70165.4	2.45454e+06	
45.4922	15341	13434.6	149.067	538.299	538299	321.305	6580.95	6122.48	70829.7	2.45454e+06	
46.8345	16070.9	13314.2	155.866	538.299	538299	322.113	6633.95	6171.14	71365.8	2.45454e+06	
48.1768	16860.2	13190	163.189	538.299	538299	322.954	6689.37	6221.91	71913	2.45454e+06	
49.5191	17715.1	13061.4	171.063	538.299	538299	323.833	6747.55	6275.14	72474.2	2.45454e+06	
50.8614	18642.2	12928	179.509	538.299	538299	324.757	6808.86	6331.14	73052.7	2.45454e+06	
52.2038	19648.4	12789.4	188.541	538.299	538299	325.729	6873.68	6390.27	73651.6	2.45454e+06	
53.5461	20740.9	12645	198.156	538.299	538299	326.756	6942.38	6452.88	74274.6	2.45454e+06	
54.8884	21926.6	12494.7	208.34	538.299	538299	327.841	7015.32	6519.31	74925.3	2.45454e+06	
56.2307	23212.6	12338.3	219.059	538.299	538299	328.989	7092.85	6589.88	75607.3	2.45454e+06	
57.573	24605.1	12175.8	230.26	538.299	538299	330.204	7175.27	6664.91	76324.4	2.45454e+06	
58.9153	26109.8	12007.4	241.87	538.299	538299	331.488	7262.81	6744.63	77080.1	2.45454e+06	
59.1096	26337.1	11982.5	243.579	538.299	538299	331.68	7275.91	6756.57	77192.9	2.45454e+06	
59.3039	26566.9	11957.5	245.295	538.299	538299	331.873	7289.13	6768.61	77306.6	2.45454e+06	
59.4982	26799.2	11932.5	247.016	538.299	538299	332.068	7302.46	6780.76	77421.3	2.45454e+06	
59.6925	27034	11907.3	248.743	538.299	538299	332.264	7315.91	6793.01	77536.8	2.45454e+06	
59.8868	27271.2	11881.9	250.476	538.299	538299	332.462	7329.46	6805.36	77653.2	2.45454e+06	
60.2754	27753.1	11831	253.956	538.299	538299	332.862	7356.91	6830.38	77888.9	2.45454e+06	
60.664	28245.1	11779.6	257.453	538.299	538299	333.268	7384.81	6855.82	78128.4	2.45454e+06	
61.0526	28747.1	11727.8	260.966	538.299	538299	333.68	7413.16	6881.68	78371.7	2.45454e+06	
61.4412	29259.3	11675.7	264.49	538.299	538299	334.098	7441.96	6907.96	78619	2.45454e+06	
62.0056	30021.2	11599.3	269.623	538.299	538299	334.716	7484.59	6946.88	78985.3	2.45454e+06	
62.5701	30804.5	11522.1	274.767	538.299	538299	335.345	7528.16	6986.68	79360.3	2.45454e+06	
63.1346	31609.1	11444.3	279.911	538.299	538299	335.987	7572.66	7027.35	79744	2.45454e+06	
63.699	32434.9	11366	285.047	538.299	538299	336.641	7618.07	7068.89	80136.6	2.45454e+06	
64.4482	33563.3	11261.3	291.836	538.299	538299	337.525	7679.71	7125.33	80671.6	2.45454e+06	
65.1973	34728.2	11155.9	298.573	538.299	538299	338.429	7742.86	7183.22	81222.7	2.45454e+06	
65.9465	35928.8	11050	305.242	538.299	538299	339.351	7807.46	7242.5	81789.9	2.45454e+06	
66.6956	37164.1	10943.8	311.823	538.299	538299	340.289	7873.43	7303.11	82373.4	2.45454e+06	
67.4448	38433	10837.6	318.3	538.299	538299	341.243	7940.67	7364.97	82972.9	2.45454e+06	
68.3271	39968.9	10712.7	325.778	538.299	538299	342.383	8021.38	7439.33	83699.5	2.45454e+06	
69.2095	41547.3	10588.4	333.072	538.299	538299	343.541	8103.56	7515.15	84447.8	2.45454e+06	
70.0919	43165.6	10464.9	340.165	538.299	538299	344.711	8187.01	7592.28	85217.1	2.45454e+06	
70.9742	44821.1	10342.6	347.047	538.299	538299	345.893	8271.54	7670.52	86006.7	2.45454e+06	
71.8566	46510.7	10221.7	353.706	538.299	538299	347.082	8356.95	7749.71	86815.5	2.45454e+06	
72.9132	48574.7	10079.2	361.381	538.299	538299	348.513	8460.1	7845.5	87807.8	2.45454e+06	
73.9699	50678	9939.52	368.724	538.299	538299	349.946	8563.89	7942.05	88823.9	2.45454e+06	
75.0266	52814.9	9803.04	375.737	538.299	538299	351.377	8667.96	8039.04	89861.4	2.45454e+06	
76.0832	54980	9669.98	382.424	538.299	538299	352.801	8772.01	8136.16	90917.5	2.45454e+06	
77.1399	57167.9	9540.57	388.794	538.299	538299	354.215	8875.74	8233.13	91989.5	2.45454e+06	
78.1965	59373.4	9414.95	394.857	538.299	538299	355.615	8978.88	8329.68	93074.6	2.45454e+06	
79.981	63124	9211.63	404.436	538.299	538299	357.938	9151.07	8491.13	94928.9	2.45454e+06	
81.4483	66218.7	9052.85	411.731	538.299	538299	359.804	9290.22	8621.8	96465.8	2.45454e+06	
82.9156	69311	8901.54	418.545	538.299	538299	361.624	9426.73	8750.17	98006.1	2.45454e+06	
84.3829	72390.8	8757.51	424.918	538.299	538299	363.396	9560.34	8875.9	99543.2	2.45454e+06	
85.8502	75449.3	8620.44	430.888	538.299	538299	365.117	9690.86	8998.82	101071	2.45454e+06	
87.3175	78479.2	8489.99	436.493	538.299	538299	366.787	9818.22	9118.8	102585	2.45454e+06	
88.7848	81474.4	8365.74	441.767	538.299	538299	368.407	9942.39	9235.82	104081	2.45454e+06	
90.2521	84430.1	8247.27	446.744	538.299	538299	369.979	10063.5	9349.91	105555	2.45454e+06	
91.7195	87342.7	8134.14	451.455	538.299	538299	371.504	10181.5	9461.17	107005	2.45454e+06	
93.1868	90209.9	8025.93	455.926	538.299	538299	372.985	10296.8	9569.71	108429	2.45454e+06	
94.6541	93030.2	7922.21	460.183	538.299	538299	374.425	10409.3	9675.71	109825	2.45454e+06	
96.1214	95803.2	7822.59	464.252	538.299	538299	375.827	10519.5	9779.35	111194	2.45454e+06	
97.5887	98529.3	7726.7	468.154	538.299	538299	377.194	10627.3	9880.81	112536	2.45454e+06	
98.761	100674	7652.52	471.164	538.299	538299	378.263	10712	9960.45	113589	2.45454e+06	
99.9334	102791	7580.33	474.087	538.299	538299	379.314	10795.6	10038.9	114624	2.45454e+06	
101.106	104880	7509.96	476.934	538.299	538299	380.348	10878.1	10116.4	115644	2.45454e+06	
102.278	106943	7441.28	479.712	538.299	538299	381.366	10959.6	10192.9	116648	2.45454e+06	
103.45	108981	7374.13	482.428	538.299	538299	382.37	11040.2	10268.5	117637	2.45454e+06	
104.623	110996	7308.4	485.089	538.299	538299	383.361	11120.1	10343.4	118612	2.45454e+06	
105.795	112989	7243.97	487.702	538.299	538299	384.341	11199.4	10417.7	119575	2.45454e+06	
106.967	114962	7180.71	490.273	538.299	538299	385.311	11278.1	10491.4	120525	2.45454e+06	
108.14	116917	7118.52	492.806	538.299	538299	386.272	11356.4	10564.7	121464	2.45454e+06	
109.62	119363	7041.38	495.96	538.299	538299	387.476	11454.7	10656.6	122636	2.45454e+06	
111.101	121788	6965.59	499.073	538.299	538299	388.67	11552.6	10748.2	123794	2.45454e+06	
112.581	124194	6891.01	502.154	538.299	538299	389.856	11650.4	10839.5	124939	2.45454e+06	
114.061	126587	6817.45	505.212	538.299	538299	391.038	11748.1	10930.7	126075	2.45454e+06	
115.542	128970	6744.77	508.255	538.299	538299	392.217	11846	11022	127202	2.45454e+06	
117.784	132571	6636.04	512.851	538.299	538299	394.002	11995	11160.8	128899	2.45454e+06	
120.026	136176	6528.51	517.457	538.299	538299	395.793	12145.3	11300.7	130588	2.45454e+06	
122.268	139800	6421.75	522.095	538.299	538299	397.597	12297.6	11442.4	132278	2.45454e+06	
124.51	143459	6315.33	526.793	538.299	538299	399.421	12452.5	11586.4	133974	2.45454e+06	
126.752	147172	6208.83	531.573	538.299	538299	401.273	12610.8	11733.3	135685	2.45454e+06	
129.319	151511	6086.27	537.183	538.299	538299	403.437	12797.1	11906	137670	2.45454e+06	
131.887	155972	5962.5	542.976	538.299	538299	405.66	12989.7	12084.4	139695	2.45454e+06	
134.454	160588	5836.9	548.996	538.299	538299	407.955	13190.2	12269.9	141770	2.45454e+06	
137.021	165392	5708.87	555.291	538.299	538299	410.336	13399.7	12463.5	143910	2.45454e+06	
139.588	170425	5577.79	561.912	538.299	538299	412.819	13619.9	12666.8	146128	2.45454e+06	
142.155	175730	5443.05	568.918	538.299	538299	415.42	13852.6	12881.3	148439	2.45454e+06	
144.991	181968	5289.19	577.183	538.299	538299	418.453	14126.4	13133.5	151121	2.45454e+06	
147.827	188678	5129.22	586.096	538.299	538299	421.679	14420.7	13404.2	153962	2.45454e+06	
150.663	195950	4962.33	595.766	538.299	538299	425.129	14738.7	13696.5	156991	2.45454e+06	
153.499	203890	4787.74	606.319	538.299	538299	428.834	15084.1	14013.7	160241	2.45454e+06	
156.334	212623	4604.81	617.89	538.299	538299	432.827	15461	14359.5	163745	2.45454e+06	
159.17	222292	4413.07	630.623	538.299	538299	437.141	15873.6	14737.8	167544	2.45454e+06	
161.465	230911	4251.41	641.875	538.299	538299	440.888	16236.3	15070.3	170862	2.45454e+06	
163.759	240344	4084.04	654.054	538.299	538299	444.879	16627.3	15428.7	174423	2.45454e+06	
166.054	250694	3911.38	667.22	538.299	538299	449.122	17048.2	15814.7	178250	2.45454e+06	
168.348	262067	3734.15	681.411	538.299	538299	453.621	17500.3	16229.6	182364	2.45454e+06	
170.183	271968	3589.83	693.503	538.299	538299	457.399	17884.5	16582.5	185874	2.45454e+06	
172.018	282640	3443.99	706.238	538.299	538299	461.328	18288.4	16954	189586	2.45454e+06	
173.853	294124	3297.53	719.575	538.299	538299	465.393	18711.2	17343.3	193505	2.45454e+06	
175.688	306454	3151.44	733.448	538.299	538299	469.574	19151	17749.1	197631	2.45454e+06	
177.523	319645	3006.87	747.766	538.299	538299	473.845	19605.5	18169.3	201957	2.45454e+06	
179.358	333696	2864.98	762.409	538.299	538299	478.175	20071.4	18601.1	206475	2.45454e+06	
180.839	345652	2753.21	774.368	538.299	538299	481.688	20453.3	18956	210249	2.45454e+06	
182.321	358128	2644.56	786.361	538.299	538299	485.193	20837.9	19314.1	214124	2.45454e+06	
183.802	371087	2539.6	798.298	538.299	538299	488.669	21222.7	19673.3	218086	2.45454e+06	
185.284	384482	2438.82	810.088	538.299	538299	492.094	21605	20031.1	222115	2.45454e+06	
186.765	398253	2342.62	821.641	538.299	538299	495.447	21982.4	20385.1	226193	2.45454e+06	
188.247	412334	2251.33	832.876	538.299	538299	498.707	22352.3	20733.1	230298	2.45454e+06	
189.728	426648	2165.19	843.718	538.299	538299	501.856	22712.3	21072.6	234407	2.45454e+06	
191.21	441113	2084.31	854.102	538.299	538299	504.879	23060.6	21401.9	238497	2.45454e+06	
192.691	455645	2008.76	863.98	538.299	538299	507.765	23395.1	21719	242544	2.45454e+06	
194.172	470158	1938.5	873.311	538.299	538299	510.502	23714.7	22022.6	246527	2.45454e+06	
195.654	484567	1873.42	882.074	538.299	538299	513.086	24018.1	22311.4	250423	2.45454e+06	
197.135	498794	1813.36	890.256	538.299	538299	515.511	24304.6	22584.8	254215	2.45454e+06	
198.804	514503	1751.49	898.774	538.299	538299	518.053	24606.6	22873.4	258339	2.45454e+06	
200.472	529789	1695.38	906.567	538.299	538299	520.396	24886.5	23141.5	262288	2.45454e+06	
202.14	544570	1644.66	913.663	538.299	538299	522.546	25144.6	23389.2	266047	2.45454e+06	
203.809	558778	1598.94	920.094	538.299	538299	524.509	25381.5	23616.8	269604	2.45454e+06	
205.477	572359	1557.82	925.902	538.299	538299	526.296	25598.1	23825.3	272951	2.45454e+06	
207.146	585274	1520.91	931.131	538.299	538299	527.918	25795.4	24015.3	276086	2.45454e+06	
208.814	597496	1487.83	935.826	538.299	538299	529.384	25974.5	24188.1	279007	2.45454e+06	
210.482	609012	1458.21	940.033	538.299	538299	530.708	26136.7	24344.7	281718	2.45454e+06	
212.151	619816	1431.73	943.797	538.299	538299	531.9	26283.2	24486.2	284223	2.45454e+06	
213.819	629916	1408.07	947.159	538.299	538299	532.972	26415.4	24614	286531	2.45454e+06	
215.487	639324	1386.95	950.16	538.299	538299	533.935	26534.3	24729	288649	2.45454e+06	
217.156	648060	1368.1	952.835	538.299	538299	534.798	26641.2	24832.5	290588	2.45454e+06	
219.118	657506	1348.52	955.612	538.299	538299	535.699	26753	24940.7	292652	2.45454e+06	
221.08	666101	1331.4	958.036	538.299	538299	536.49	26851.4	25036	294500	2.45454e+06	
223.042	673898	1316.44	960.151	538.299	538299	537.183	26937.8	25119.7	296150	2.45454e+06	
225.004	680947	1303.36	961.998	538.299	538299	537.791	27013.7	25193.3	297618	2.45454e+06	
226.966	687305	1291.93	963.609	538.299	538299	538.324	27080.3	25257.9	298923	2.45454e+06	
228.928	693024	1281.94	965.015	538.299	538299	538.79	27138.8	25314.5	300079	2.45454e+06	
230.89	698158	1273.21	966.243	538.299	538299	539.199	27190.1	25364.2	301103	2.45454e+06	
232.852	702757	1265.57	967.315	538.299	538299	539.557	27235	25407.8	302007	2.45454e+06	
234.814	706871	1258.88	968.252	538.299	538299	539.871	27274.4	25446	302806	2.45454e+06	
236.776	710543	1253.03	969.071	538.299	538299	540.145	27309	25479.5	303510	2.45454e+06	
238.738	713818	1247.91	969.787	538.299	538299	540.386	27339.3	25508.9	304130	2.45454e+06	
240.7	716733	1243.42	970.414	538.299	538299	540.597	27365.9	25534.6	304676	2.45454e+06	
242.662	719326	1239.49	970.963	538.299	538299	540.782	27389.2	25557.2	305157	2.45454e+06	
244.624	721630	1236.04	971.443	538.299	538299	540.944	27409.6	25577.1	305579	2.45454e+06	
246.586	723675	1233.02	971.864	538.299	538299	541.086	27427.6	25594.5	305951	2.45454e+06	
248.548	725489	1230.37	972.233	538.299	538299	541.211	27443.3	25609.7	306277	2.45454e+06	
250.51	727097	1228.05	972.556	538.299	538299	541.32	27457.2	25623.1	306564	2.45454e+06	
252.472	728520	1226	972.839	538.299	538299	541.416	27469.3	25634.9	306816	2.45454e+06	
254.694	729936	1223.99	973.119	538.299	538299	541.511	27481.3	25646.5	307065	2.45454e+06	
256.916	731168	1222.26	973.36	538.299	538299	541.593	27491.6	25656.5	307280	2.45454e+06	
259.137	732239	1220.76	973.568	538.299	538299	541.664	27500.5	25665.2	307465	2.45454e+06	
261.359	733171	1219.46	973.747	538.299	538299	541.725	27508.3	25672.6	307625	2.45454e+06	
263.581	733980	1218.34	973.902	538.299	538299	541.777	27514.9	25679.1	307764	2.45454e+06	
266.315	734832	1217.17	974.065	538.299	538299	541.832	27521.9	25685.9	307909	2.45454e+06	
269.05	735548	1216.19	974.2	538.299	538299	541.878	27527.8	25691.5	308029	2.45454e+06	
271.785	736149	1215.37	974.313	538.299	538299	541.917	27532.6	25696.3	308130	2.45454e+06	
274.519	736654	1214.69	974.408	538.299	538299	541.949	27536.7	25700.2	308215	2.45454e+06	
277.254	737077	1214.12	974.487	538.299	538299	541.976	27540.1	25703.5	308285	2.45454e+06	
280.72	737518	1213.52	974.569	538.299	538299	542.004	27543.7	25706.9	308358	2.45454e+06	
284.187	737870	1213.05	974.635	538.299	538299	542.026	27546.5	25709.7	308416	2.45454e+06	
287.653	738152	1212.67	974.687	538.299	538299	542.044	27548.8	25711.9	308463	2.45454e+06	
291.12	738377	1212.37	974.729	538.299	538299	542.058	27550.6	25713.6	308500	2.45454e+06	
294.586	738557	1212.13	974.762	538.299	538299	542.07	27552	25715	308529	2.45454e+06	
298.053	738701	1211.94	974.789	538.299	538299	542.079	27553.1	25716.1	308553	2.45454e+06	
302.959	738857	1211.73	974.817	538.299	538299	542.089	27554.4	25717.3	308578	2.45454e+06	
307.866	738971	1211.58	974.838	538.299	538299	542.096	27555.3	25718.2	308597	2.45454e+06	
312.773	739053	1211.47	974.853	538.299	538299	542.101	27555.9	25718.8	308610	2.45454e+06	
317.68	739114	1211.39	974.864	538.299	538299	542.105	27556.4	25719.3	308620	2.45454e+06	
322.586	739158	1211.33	974.873	538.299	538299	542.107	27556.8	25719.6	308627	2.45454e+06	
327.493	739190	1211.29	974.878	538.299	538299	542.109	27557	25719.9	308632	2.45454e+06	
335.481	739224	1211.24	974.885	538.299	538299	542.112	27557.3	25720.1	308638	2.45454e+06	
343.469	739244	1211.21	974.888	538.299	538299	542.113	27557.5	25720.3	308641	2.45454e+06	
351.456	739256	1211.2	974.891	538.299	538299	542.114	27557.5	25720.4	308643	2.45454e+06	
359.444	739264	1211.19	974.892	538.299	538299	542.114	27557.6	25720.4	308644	2.45454e+06	
367.432	739268	1211.18	974.893	538.299	538299	542.114	27557.6	25720.5	308645	2.45454e+06	
375.42	739271	1211.18	974.893	538.299	538299	542.114	27557.7	25720.5	308646	2.45454e+06	
387.477	739273	1211.18	974.894	538.299	538299	542.115	27557.7	25720.5	308646	2.45454e+06	
399.534	739274	1211.18	974.894	538.299	538299	542.115	27557.7	25720.5	308646	2.45454e+06	
411.591	739274	1211.17	974.894	538.299	538299	542.115	27557.7	25720.5	308646	2.45454e+06	
423.648	739275	1211.17	974.894	538.299	538299	542.115	27557.7	25720.5	308646	2.45454e+06	
435.705	739275	1211.17	974.894	538.299	538299	542.115	27557.7	25720.5	308646	2.45454e+06	
447.762	739275	1211.17	974.894	538.299	538299	542.115	27557.7	25720.5	308646	2.45454e+06	
465.292	739275	1211.17	974.894	538.299	538299	542.115	27557.7	25720.5	308646	2.45454e+06	
482.821	739275	1211.17	974.894	538.299	538299	542.115	27557.7	25720.5	308646	2.45454e+06	
500	739275	1211.17	974.894	538.299	538299	542.115	27557.7	25720.5	308646	2.45454e+06	
