# Time	[Z]	[mu2]	[mZ]	[mF]	[F]	[mP]	[PE]	[PG]	[PM]	[STAT]	(R3).Flux	(R4).Flux	(R5).Flux	(R6).Flux	
0	4030.71	21595.1	46.9655	60	60000	73.9875	1115.67	1041.3	12495.6	40339.9	9.27885e-10	9.3027e-11	3.61651e-11	1.07976e-09	
1e-09	4030.71	21595.1	46.9655	60	60000	73.9875	1115.67	1041.3	12495.6	40339.9	9.27885e-10	9.3027e-11	3.61651e-11	1.07976e-09	
2e-09	4030.71	21595.1	46.9655	60	60000	73.9875	1115.67	1041.3	12495.6	40339.9	9.27885e-10	9.3027e-11	3.61651e-11	1.07976e-09	
1.0002e-05	4030.71	21595.1	46.9657	60	60000	73.9875	1115.67	1041.3	12495.6	40339.9	9.27885e-10	9.30273e-11	3.61651e-11	1.07976e-09	
2.0002e-05	4030.71	21595.1	46.9659	60	60000	73.9875	1115.67	1041.3	12495.6	40339.9	9.27885e-10	9.30277e-11	3.6165e-11	1.07976e-09	
3.0002e-05	4030.71	21595.1	46.966	60	60000	73.9875	1115.67	1041.3	12495.6	40339.9	9.27885e-10	9.3028e-11	3.6165e-11	1.07976e-09	
0.000130002	4030.71	21595.1	46.9678	60	60000	73.9875	1115.67	1041.3	12495.6	40339.9	9.27885e-10	9.30314e-11	3.6165e-11	1.07976e-09	
0.000230002	4030.71	21595.1	46.9695	60	60000	73.9875	1115.67	1041.3	12495.6	40339.9	9.27885e-10	9.30347e-11	3.6165e-11	1.07975e-09	
0.000330002	4030.71	21595.1	46.9712	60	60000	73.9875	1115.67	1041.3	12495.6	40339.9	9.27885e-10	9.30381e-11	3.6165e-11	1.07975e-09	
0.000430002	4030.71	21595	46.9729	60	60000	73.9875	1115.67	1041.3	12495.6	40339.9	9.27885e-10	9.30414e-11	3.61649e-11	1.07975e-09	
0.00143	4030.71	21594.7	46.99	60	60000	73.9875	1115.67	1041.3	12495.6	40339.9	9.27885e-10	9.30748e-11	3.61647e-11	1.07974e-09	
0.00243	4030.72	21594.5	47.0071	60	60000	73.9875	1115.67	1041.3	12495.6	40339.9	9.27885e-10	9.31082e-11	3.61644e-11	1.07972e-09	
0.00343	4030.72	21594.2	47.0242	60	60000	73.9875	1115.67	1041.3	12495.6	40339.9	9.27885e-10	9.31415e-11	3.61641e-11	1.07971e-09	
0.00443	4030.72	21593.9	47.0412	60	60000	73.9875	1115.67	1041.3	12495.6	40339.9	9.27885e-10	9.31748e-11	3.61638e-11	1.07969e-09	
0.01443	4030.73	21591.1	47.2104	60	60000	73.9876	1115.68	1041.3	12495.6	40339.9	9.27885e-10	9.3505e-11	3.61611e-11	1.07955e-09	
0.02443	4030.76	21588.3	47.3772	60	60000	73.9876	1115.68	1041.3	12495.6	40339.9	9.27885e-10	9.38304e-11	3.61583e-11	1.07941e-09	
0.03443	4030.8	21585.5	47.5417	60	60000	73.9877	1115.68	1041.3	12495.6	40339.9	9.27885e-10	9.41511e-11	3.61556e-11	1.07927e-09	
0.04443	4030.86	21582.6	47.7038	60	60000	73.9878	1115.69	1041.3	12495.6	40339.9	9.27885e-10	9.44671e-11	3.61528e-11	1.07913e-09	
0.05443	4030.93	21579.8	47.8636	60	60000	73.9879	1115.7	1041.3	12495.6	40339.9	9.27885e-10	9.47786e-11	3.61501e-11	1.07899e-09	
0.15443	4032.4	21551.5	49.3431	60	60000	73.9904	1115.86	1041.31	12495.6	40339.9	9.27885e-10	9.76564e-11	3.61234e-11	1.07758e-09	
0.25443	4035.07	21523.1	50.6276	60	60000	73.9951	1116.15	1041.36	12495.6	40339.9	9.27885e-10	1.00145e-10	3.60976e-11	1.07616e-09	
0.35443	4038.79	21494.6	51.7437	60	60000	74.0018	1116.57	1041.45	12495.6	40339.9	9.27885e-10	1.02298e-10	3.60727e-11	1.07473e-09	
0.45443	4043.43	21466.1	52.7145	60	60000	74.0103	1117.09	1041.61	12495.6	40339.9	9.27885e-10	1.0416e-10	3.60485e-11	1.07331e-09	
0.55443	4048.84	21437.5	53.5597	60	60000	74.0204	1117.71	1041.82	12495.7	40339.9	9.27885e-10	1.05773e-10	3.6025e-11	1.07188e-09	
0.65443	4054.94	21409	54.2966	60	60000	74.032	1118.42	1042.1	12495.8	40339.9	9.27885e-10	1.0717e-10	3.60022e-11	1.07045e-09	
0.825009	4066.64	21360.2	55.3447	60	60000	74.0547	1119.79	1042.74	12496.1	40339.9	9.27885e-10	1.09137e-10	3.59647e-11	1.06801e-09	
0.995587	4079.68	21311.7	56.1803	60	60000	74.0806	1121.34	1043.57	12496.7	40339.9	9.27884e-10	1.10681e-10	3.59287e-11	1.06558e-09	
1.16617	4093.76	21263.3	56.8503	60	60000	74.1093	1123.03	1044.58	12497.5	40339.9	9.27884e-10	1.11897e-10	3.58941e-11	1.06316e-09	
1.33674	4108.66	21215.1	57.3917	60	60000	74.1402	1124.84	1045.76	12498.6	40339.9	9.27884e-10	1.12857e-10	3.58606e-11	1.06076e-09	
1.50732	4124.2	21167.2	57.8328	60	60000	74.173	1126.75	1047.09	12500.1	40339.9	9.27884e-10	1.13619e-10	3.58282e-11	1.05836e-09	
1.6779	4140.23	21119.6	58.1961	60	60000	74.2073	1128.74	1048.55	12502	40339.9	9.27884e-10	1.14226e-10	3.57966e-11	1.05598e-09	
1.84848	4156.66	21072.3	58.4987	60	60000	74.2429	1130.8	1050.12	12504.2	40339.9	9.27884e-10	1.14713e-10	3.57658e-11	1.05362e-09	
2.01906	4173.39	21025.4	58.7542	60	60000	74.2796	1132.9	1051.79	12506.9	40339.9	9.27884e-10	1.15107e-10	3.57357e-11	1.05127e-09	
2.18964	4190.36	20978.8	58.9731	60	60000	74.3171	1135.04	1053.54	12510.1	40339.9	9.27884e-10	1.15429e-10	3.57062e-11	1.04894e-09	
2.36022	4207.52	20932.5	59.1635	60	60000	74.3553	1137.22	1055.37	12513.7	40339.9	9.27884e-10	1.15696e-10	3.56773e-11	1.04663e-09	
2.56423	4228.23	20877.7	59.3627	60	60000	74.4017	1139.86	1057.62	12518.7	40339.9	9.27884e-10	1.15958e-10	3.56432e-11	1.04388e-09	
2.76825	4249.11	20823.3	59.5385	60	60000	74.4486	1142.52	1059.95	12524.3	40339.9	9.27884e-10	1.16174e-10	3.56097e-11	1.04117e-09	
2.97226	4270.11	20769.5	59.6971	60	60000	74.496	1145.2	1062.32	12530.6	40339.9	9.27884e-10	1.16357e-10	3.55768e-11	1.03848e-09	
3.17628	4291.2	20716.2	59.8431	60	60000	74.5436	1147.89	1064.74	12537.6	40339.9	9.27884e-10	1.16515e-10	3.55443e-11	1.03581e-09	
3.38029	4312.37	20663.4	59.9798	60	60000	74.5915	1150.59	1067.19	12545.2	40339.9	9.27884e-10	1.16655e-10	3.55122e-11	1.03317e-09	
3.58431	4333.6	20611.2	60.1098	60	60000	74.6394	1153.3	1069.66	12553.6	40339.9	9.27883e-10	1.16783e-10	3.54805e-11	1.03056e-09	
3.82631	4358.84	20549.8	60.2577	60	60000	74.6963	1156.5	1072.61	12564.3	40339.9	9.27883e-10	1.16922e-10	3.54433e-11	1.02749e-09	
4.06831	4384.14	20489.2	60.4011	60	60000	74.7531	1159.71	1075.57	12575.8	40339.9	9.27883e-10	1.17052e-10	3.54065e-11	1.02446e-09	
4.31031	4409.48	20429.3	60.5413	60	60000	74.8098	1162.9	1078.55	12588.3	40339.9	9.27883e-10	1.17177e-10	3.53701e-11	1.02147e-09	
4.55231	4434.86	20370.1	60.6797	60	60000	74.8663	1166.09	1081.52	12601.6	40339.9	9.27883e-10	1.17299e-10	3.53341e-11	1.0185e-09	
4.79432	4460.27	20311.6	60.8168	60	60000	74.9226	1169.26	1084.49	12615.6	40339.9	9.27883e-10	1.17419e-10	3.52984e-11	1.01558e-09	
5.10183	4492.61	20238.2	60.9903	60	60000	74.9937	1173.27	1088.26	12634.6	40339.9	9.27883e-10	1.1757e-10	3.52535e-11	1.01191e-09	
5.40934	4524.99	20165.9	61.1635	60	60000	75.0643	1177.26	1092.01	12654.8	40339.9	9.27883e-10	1.17721e-10	3.52091e-11	1.00829e-09	
5.71686	4557.43	20094.7	61.337	60	60000	75.1344	1181.22	1095.75	12676	40339.9	9.27882e-10	1.17873e-10	3.51652e-11	1.00473e-09	
6.02437	4589.91	20024.5	61.511	60	60000	75.2039	1185.15	1099.46	12698.4	40339.9	9.27882e-10	1.18028e-10	3.51218e-11	1.00122e-09	
6.33188	4622.44	19955.4	61.6858	60	60000	75.2729	1189.06	1103.15	12721.7	40339.9	9.27882e-10	1.18184e-10	3.50788e-11	9.97768e-10	
6.7084	4662.33	19872.1	61.9011	60	60000	75.3566	1193.8	1107.63	12751.5	40339.9	9.27882e-10	1.18379e-10	3.50267e-11	9.93605e-10	
7.08492	4702.3	19790.3	62.1178	60	60000	75.4394	1198.5	1112.07	12782.7	40339.9	9.27882e-10	1.18577e-10	3.49753e-11	9.89517e-10	
7.46144	4742.35	19710	62.3362	60	60000	75.5212	1203.15	1116.47	12815	40339.9	9.27881e-10	1.1878e-10	3.49246e-11	9.85502e-10	
7.83796	4782.47	19631.2	62.5562	60	60000	75.6022	1207.76	1120.84	12848.4	40339.9	9.27881e-10	1.18986e-10	3.48744e-11	9.8156e-10	
8.2134	4822.56	19554	62.7772	60	60000	75.682	1212.31	1125.14	12882.8	40339.9	9.27881e-10	1.19197e-10	3.48251e-11	9.77699e-10	
8.58884	4862.74	19478.1	63	60	60000	75.761	1216.81	1129.41	12918.1	40339.9	9.27881e-10	1.19411e-10	3.47763e-11	9.73906e-10	
8.96427	4903	19403.6	63.2245	60	60000	75.839	1221.27	1133.63	12954.3	40339.9	9.27881e-10	1.1963e-10	3.47281e-11	9.70181e-10	
9.33971	4943.35	19330.5	63.4507	60	60000	75.9162	1225.68	1137.81	12991.2	40339.9	9.2788e-10	1.19853e-10	3.46806e-11	9.66523e-10	
9.99308	5013.79	19206.2	63.8486	60	60000	76.0484	1233.26	1144.99	13057.2	40339.9	9.2788e-10	1.20252e-10	3.45992e-11	9.60309e-10	
10.6465	5084.52	19085.7	64.252	60	60000	76.1779	1240.69	1152.04	13124.9	40339.9	9.27879e-10	1.20664e-10	3.45195e-11	9.54284e-10	
11.2998	5155.54	18968.8	64.6608	60	60000	76.3048	1248	1158.96	13194.2	40339.9	9.27879e-10	1.21089e-10	3.44416e-11	9.48442e-10	
11.9532	5226.87	18855.5	65.0752	60	60000	76.4291	1255.16	1165.76	13264.7	40339.9	9.27879e-10	1.21527e-10	3.43654e-11	9.42776e-10	
12.9456	5335.82	18689.9	65.7153	60	60000	76.6131	1265.8	1175.85	13373.5	40339.9	9.27878e-10	1.22219e-10	3.42527e-11	9.34494e-10	
13.9381	5445.54	18531.7	66.3687	60	60000	76.7913	1276.13	1185.65	13483.8	40339.9	9.27877e-10	1.22941e-10	3.41438e-11	9.26584e-10	
14.1862	5473.09	18493.3	66.5342	60	60000	76.8349	1278.67	1188.06	13511.5	40339.9	9.27877e-10	1.23127e-10	3.41171e-11	9.24663e-10	
14.4343	5500.69	18455.3	66.7005	60	60000	76.8783	1281.19	1190.45	13539.2	40339.9	9.27877e-10	1.23314e-10	3.40907e-11	9.22763e-10	
14.6824	5528.35	18417.7	66.8676	60	60000	76.9213	1283.69	1192.82	13567	40339.9	9.27877e-10	1.23503e-10	3.40645e-11	9.20884e-10	
14.9305	5556.05	18380.5	67.0356	60	60000	76.9639	1286.17	1195.17	13594.8	40339.9	9.27876e-10	1.23695e-10	3.40384e-11	9.19027e-10	
15.157	5581.39	18347	67.1897	60	60000	77.0025	1288.42	1197.31	13620.2	40339.9	9.27876e-10	1.23871e-10	3.40149e-11	9.17349e-10	
15.3835	5606.77	18313.8	67.3445	60	60000	77.0409	1290.66	1199.43	13645.6	40339.9	9.27876e-10	1.24049e-10	3.39915e-11	9.15689e-10	
15.61	5632.19	18280.9	67.5	60	60000	77.0789	1292.88	1201.54	13671	40339.9	9.27876e-10	1.24229e-10	3.39683e-11	9.14046e-10	
15.9558	5671.09	18231.4	67.7389	60	60000	77.1365	1296.24	1204.73	13709.8	40339.9	9.27875e-10	1.24506e-10	3.39333e-11	9.11569e-10	
16.3017	5710.1	18182.6	67.9795	60	60000	77.1935	1299.57	1207.88	13748.5	40339.9	9.27875e-10	1.24787e-10	3.38986e-11	9.0913e-10	
16.6475	5749.21	18134.6	68.2218	60	60000	77.2498	1302.86	1211.01	13787.2	40339.9	9.27875e-10	1.25072e-10	3.38643e-11	9.06729e-10	
17.4491	5840.28	18026.1	68.79	60	60000	77.3779	1310.36	1218.13	13876.5	40339.9	9.27874e-10	1.25748e-10	3.37865e-11	9.01304e-10	
18.2506	5931.94	17921.4	69.3675	60	60000	77.5027	1317.69	1225.08	13965.3	40339.9	9.27873e-10	1.26444e-10	3.37106e-11	8.96068e-10	
18.451	5954.94	17895.8	69.5134	60	60000	77.5334	1319.49	1226.79	13987.4	40339.9	9.27873e-10	1.26621e-10	3.3692e-11	8.94788e-10	
18.6514	5977.99	17870.4	69.6599	60	60000	77.5639	1321.29	1228.5	14009.4	40339.9	9.27873e-10	1.268e-10	3.36735e-11	8.93518e-10	
18.8518	6001.07	17845.2	69.807	60	60000	77.5942	1323.07	1230.19	14031.4	40339.9	9.27873e-10	1.2698e-10	3.36551e-11	8.9226e-10	
19.0522	6024.2	17820.3	69.9547	60	60000	77.6243	1324.84	1231.87	14053.4	40339.9	9.27873e-10	1.27161e-10	3.36368e-11	8.91013e-10	
19.2772	6050.21	17792.5	70.1212	60	60000	77.6579	1326.82	1233.75	14078	40339.9	9.27872e-10	1.27366e-10	3.36165e-11	8.89625e-10	
19.5023	6076.28	17765	70.2886	60	60000	77.6912	1328.78	1235.61	14102.5	40339.9	9.27872e-10	1.27573e-10	3.35962e-11	8.88251e-10	
19.7273	6102.39	17737.8	70.4567	60	60000	77.7243	1330.73	1237.46	14126.9	40339.9	9.27872e-10	1.27781e-10	3.35762e-11	8.8689e-10	
20.3559	6175.6	17663.1	70.9304	60	60000	77.8155	1336.11	1242.57	14194.7	40339.9	9.27871e-10	1.28372e-10	3.35209e-11	8.83157e-10	
20.513	6193.96	17644.8	71.0497	60	60000	77.838	1337.44	1243.83	14211.6	40339.9	9.27871e-10	1.28522e-10	3.35073e-11	8.8224e-10	
20.6701	6212.35	17626.6	71.1695	60	60000	77.8604	1338.77	1245.09	14228.4	40339.9	9.27871e-10	1.28672e-10	3.34937e-11	8.81328e-10	
20.8273	6230.76	17608.5	71.2897	60	60000	77.8826	1340.08	1246.33	14245.2	40339.9	9.27871e-10	1.28824e-10	3.34802e-11	8.80423e-10	
21.0131	6252.58	17587.2	71.4322	60	60000	77.9089	1341.63	1247.81	14264.9	40339.9	9.27871e-10	1.29004e-10	3.34643e-11	8.7936e-10	
21.1989	6274.42	17566.1	71.5754	60	60000	77.9349	1343.17	1249.27	14284.7	40339.9	9.2787e-10	1.29185e-10	3.34486e-11	8.78305e-10	
21.3847	6296.31	17545.2	71.7191	60	60000	77.9608	1344.7	1250.72	14304.3	40339.9	9.2787e-10	1.29367e-10	3.34329e-11	8.77258e-10	
22.0713	6377.47	17469.2	72.2547	60	60000	78.0551	1350.29	1256.03	14376.4	40339.9	9.27869e-10	1.30051e-10	3.33758e-11	8.73462e-10	
22.2429	6397.84	17450.6	72.3898	60	60000	78.0784	1351.67	1257.33	14394.3	40339.9	9.27869e-10	1.30224e-10	3.33617e-11	8.72529e-10	
22.4146	6418.25	17432.1	72.5254	60	60000	78.1015	1353.05	1258.64	14412.2	40339.9	9.27869e-10	1.30399e-10	3.33477e-11	8.71604e-10	
22.5862	6438.68	17413.7	72.6614	60	60000	78.1245	1354.41	1259.93	14429.9	40339.9	9.27869e-10	1.30574e-10	3.33337e-11	8.70685e-10	
22.7751	6461.21	17393.6	72.8117	60	60000	78.1497	1355.91	1261.35	14449.4	40339.9	9.27869e-10	1.30768e-10	3.33185e-11	8.69681e-10	
22.964	6483.78	17373.7	72.9626	60	60000	78.1748	1357.39	1262.76	14468.8	40339.9	9.27868e-10	1.30963e-10	3.33034e-11	8.68684e-10	
23.1529	6506.39	17353.9	73.114	60	60000	78.1996	1358.87	1264.17	14488.2	40339.9	9.27868e-10	1.3116e-10	3.32883e-11	8.67695e-10	
23.8303	6587.8	17284.2	73.6621	60	60000	78.2877	1364.11	1269.13	14557	40339.9	9.27867e-10	1.31874e-10	3.32351e-11	8.64211e-10	
23.9997	6608.24	17267.1	73.8004	60	60000	78.3094	1365.4	1270.36	14574.1	40339.9	9.27867e-10	1.32055e-10	3.32219e-11	8.63355e-10	
24.169	6628.71	17250.1	73.9391	60	60000	78.331	1366.68	1271.58	14591.1	40339.9	9.27867e-10	1.32238e-10	3.32089e-11	8.62505e-10	
24.3384	6649.21	17233.2	74.0783	60	60000	78.3525	1367.96	1272.79	14608	40339.9	9.27867e-10	1.32421e-10	3.31959e-11	8.6166e-10	
24.5239	6671.71	17214.8	74.2314	60	60000	78.3759	1369.36	1274.12	14626.5	40339.9	9.27867e-10	1.32622e-10	3.31817e-11	8.60742e-10	
24.7094	6694.24	17196.6	74.385	60	60000	78.3991	1370.75	1275.43	14644.9	40339.9	9.27866e-10	1.32825e-10	3.31677e-11	8.5983e-10	
24.8949	6716.82	17178.5	74.5392	60	60000	78.4223	1372.13	1276.74	14663.2	40339.9	9.27866e-10	1.33029e-10	3.31537e-11	8.58925e-10	
25.6466	6808.77	17106.4	75.1705	60	60000	78.5147	1377.64	1281.97	14736.8	40339.9	9.27865e-10	1.33868e-10	3.30978e-11	8.55322e-10	
25.8346	6831.87	17088.8	75.3299	60	60000	78.5375	1379	1283.26	14755	40339.9	9.27865e-10	1.3408e-10	3.3084e-11	8.54438e-10	
26.0225	6855.01	17071.2	75.4899	60	60000	78.5601	1380.36	1284.55	14773.1	40339.9	9.27865e-10	1.34294e-10	3.30703e-11	8.53561e-10	
26.2105	6878.19	17053.8	75.6505	60	60000	78.5826	1381.7	1285.83	14791.1	40339.9	9.27864e-10	1.3451e-10	3.30567e-11	8.52689e-10	
26.3983	6901.41	17036.5	75.8117	60	60000	78.605	1383.04	1287.09	14809.1	40339.9	9.27864e-10	1.34726e-10	3.30432e-11	8.51825e-10	
26.5861	6924.67	17019.3	75.9735	60	60000	78.6273	1384.37	1288.36	14827	40339.9	9.27864e-10	1.34943e-10	3.30297e-11	8.50966e-10	
26.7739	6947.97	17002.3	76.1359	60	60000	78.6494	1385.7	1289.61	14844.8	40339.9	9.27863e-10	1.35162e-10	3.30164e-11	8.50114e-10	
27.3101	7014.77	16954.3	76.6033	60	60000	78.7119	1389.44	1293.16	14895.2	40339.9	9.27863e-10	1.35794e-10	3.29786e-11	8.47714e-10	
27.8463	7081.95	16907.2	77.0761	60	60000	78.7733	1393.13	1296.66	14945	40339.9	9.27862e-10	1.36435e-10	3.29414e-11	8.45361e-10	
28.3825	7149.54	16861.1	77.5543	60	60000	78.8339	1396.76	1300.1	14994.1	40339.9	9.27861e-10	1.37088e-10	3.29048e-11	8.43055e-10	
28.7965	7201.99	16826.1	77.9273	60	60000	78.88	1399.53	1302.72	15031.6	40339.9	9.27861e-10	1.37598e-10	3.28769e-11	8.41305e-10	
29.2105	7254.69	16791.6	78.3037	60	60000	78.9255	1402.27	1305.32	15068.8	40339.9	9.2786e-10	1.38115e-10	3.28494e-11	8.39581e-10	
29.6244	7307.65	16757.6	78.6835	60	60000	78.9705	1404.97	1307.88	15105.5	40339.9	9.27859e-10	1.38638e-10	3.28222e-11	8.37882e-10	
30.0984	7368.6	16719.3	79.1225	60	60000	79.0214	1408.04	1310.79	15147.2	40339.9	9.27858e-10	1.39245e-10	3.27914e-11	8.35966e-10	
30.5724	7429.9	16681.6	79.5662	60	60000	79.0716	1411.06	1313.65	15188.3	40339.9	9.27858e-10	1.3986e-10	3.2761e-11	8.34082e-10	
31.0465	7491.54	16644.6	80.0146	60	60000	79.1212	1414.05	1316.48	15229	40339.9	9.27857e-10	1.40484e-10	3.2731e-11	8.32228e-10	
31.5863	7562.19	16603.1	80.531	60	60000	79.1769	1417.41	1319.67	15274.8	40339.9	9.27856e-10	1.41204e-10	3.26973e-11	8.30153e-10	
32.1261	7633.32	16562.3	81.0536	60	60000	79.2318	1420.73	1322.81	15319.9	40339.9	9.27855e-10	1.41936e-10	3.2664e-11	8.28114e-10	
32.6659	7704.95	16522.2	81.5827	60	60000	79.2859	1424	1325.9	15364.4	40339.9	9.27854e-10	1.4268e-10	3.26312e-11	8.26111e-10	
33.374	7799.67	16470.7	82.2866	60	60000	79.3557	1428.23	1329.9	15422	40339.9	9.27853e-10	1.43672e-10	3.25889e-11	8.23535e-10	
34.0821	7895.29	16420.3	83.002	60	60000	79.4243	1432.39	1333.84	15478.5	40339.9	9.27851e-10	1.44685e-10	3.25473e-11	8.21016e-10	
34.2591	7919.34	16407.9	83.1827	60	60000	79.4413	1433.42	1334.81	15492.5	40339.9	9.27851e-10	1.44941e-10	3.2537e-11	8.20394e-10	
34.4362	7943.45	16395.5	83.3642	60	60000	79.4582	1434.44	1335.78	15506.4	40339.9	9.2785e-10	1.45199e-10	3.25267e-11	8.19776e-10	
34.6132	7967.62	16383.2	83.5464	60	60000	79.475	1435.46	1336.74	15520.3	40339.9	9.2785e-10	1.45458e-10	3.25165e-11	8.19161e-10	
34.8467	7999.6	16367.1	83.7879	60	60000	79.497	1436.8	1338.01	15538.4	40339.9	9.2785e-10	1.45802e-10	3.25031e-11	8.18355e-10	
35.0802	8031.68	16351.1	84.0307	60	60000	79.519	1438.14	1339.27	15556.5	40339.9	9.27849e-10	1.46148e-10	3.24898e-11	8.17554e-10	
35.3137	8063.87	16335.2	84.2748	60	60000	79.5408	1439.46	1340.52	15574.5	40339.9	9.27849e-10	1.46496e-10	3.24765e-11	8.16759e-10	
35.7521	8124.59	16305.6	84.7369	60	60000	79.5815	1441.93	1342.86	15608	40339.9	9.27848e-10	1.47156e-10	3.24518e-11	8.1528e-10	
36.1905	8185.71	16276.4	85.2038	60	60000	79.6217	1444.38	1345.17	15641.1	40339.9	9.27847e-10	1.47824e-10	3.24274e-11	8.1382e-10	
36.6289	8247.23	16247.5	85.6757	60	60000	79.6616	1446.81	1347.47	15673.9	40339.9	9.27846e-10	1.48501e-10	3.24031e-11	8.12377e-10	
37.8736	8424.15	16167.4	87.043	60	60000	79.7727	1453.58	1353.86	15765	40339.9	9.27843e-10	1.50468e-10	3.23354e-11	8.08371e-10	
38.1847	8468.92	16147.8	87.3914	60	60000	79.8001	1455.25	1355.43	15787.4	40339.9	9.27842e-10	1.50971e-10	3.23188e-11	8.0739e-10	
38.4959	8513.92	16128.3	87.7426	60	60000	79.8272	1456.91	1357	15809.6	40339.9	9.27841e-10	1.51479e-10	3.23022e-11	8.06416e-10	
38.807	8559.15	16109	88.0965	60	60000	79.8542	1458.56	1358.55	15831.7	40339.9	9.27841e-10	1.51991e-10	3.22857e-11	8.05449e-10	
39.1182	8604.61	16089.8	88.4532	60	60000	79.8811	1460.2	1360.1	15853.6	40339.9	9.2784e-10	1.52507e-10	3.22693e-11	8.0449e-10	
39.4497	8653.31	16069.5	88.8363	60	60000	79.9095	1461.94	1361.74	15876.8	40339.9	9.27839e-10	1.53062e-10	3.2252e-11	8.03476e-10	
39.7812	8702.27	16049.4	89.2226	60	60000	79.9377	1463.66	1363.37	15899.8	40339.9	9.27838e-10	1.53623e-10	3.22347e-11	8.0247e-10	
40.1127	8751.52	16029.4	89.6123	60	60000	79.9658	1465.38	1364.98	15922.6	40339.9	9.27837e-10	1.54189e-10	3.22176e-11	8.01471e-10	
41.4791	8957.55	15948.6	91.2542	60	60000	80.0798	1472.37	1371.56	16014.9	40339.9	9.27833e-10	1.5658e-10	3.21478e-11	7.97429e-10	
41.8207	9009.86	15928.7	91.6741	60	60000	80.1079	1474.09	1373.19	16037.6	40339.9	9.27832e-10	1.57193e-10	3.21306e-11	7.96436e-10	
42.1623	9062.49	15909	92.0977	60	60000	80.1359	1475.81	1374.8	16060.1	40339.9	9.27831e-10	1.57812e-10	3.21134e-11	7.9545e-10	
42.5039	9115.47	15889.4	92.5253	60	60000	80.1637	1477.52	1376.41	16082.4	40339.9	9.2783e-10	1.58437e-10	3.20963e-11	7.9447e-10	
42.8455	9168.79	15869.9	92.9569	60	60000	80.1913	1479.22	1378.01	16104.6	40339.9	9.27829e-10	1.59068e-10	3.20793e-11	7.93497e-10	
43.1313	9213.66	15853.7	93.321	60	60000	80.2144	1480.63	1379.34	16123	40339.9	9.27828e-10	1.59601e-10	3.20652e-11	7.92687e-10	
43.417	9258.79	15837.6	93.688	60	60000	80.2373	1482.05	1380.67	16141.4	40339.9	9.27828e-10	1.60139e-10	3.20511e-11	7.91882e-10	
43.7028	9304.16	15821.6	94.0579	60	60000	80.2602	1483.45	1381.99	16159.6	40339.9	9.27827e-10	1.60681e-10	3.2037e-11	7.9108e-10	
44.9601	9506.93	15751.9	95.7208	60	60000	80.3599	1489.59	1387.75	16238.7	40339.9	9.27822e-10	1.63122e-10	3.19756e-11	7.87597e-10	
46.2174	9715.07	15683.6	97.4443	60	60000	80.4582	1495.66	1393.45	16316	40339.9	9.27818e-10	1.65657e-10	3.19149e-11	7.84178e-10	
46.5317	9767.99	15666.6	97.8852	60	60000	80.4826	1497.16	1394.86	16335	40339.9	9.27817e-10	1.66306e-10	3.18998e-11	7.83332e-10	
46.8461	9821.28	15649.8	98.3301	60	60000	80.5069	1498.67	1396.27	16354	40339.9	9.27816e-10	1.66962e-10	3.18847e-11	7.82489e-10	
47.1604	9874.94	15633	98.7792	60	60000	80.5312	1500.17	1397.67	16372.9	40339.9	9.27814e-10	1.67624e-10	3.18697e-11	7.81649e-10	
47.4747	9928.98	15616.3	99.2325	60	60000	80.5554	1501.66	1399.08	16391.6	40339.9	9.27813e-10	1.68292e-10	3.18547e-11	7.80813e-10	
47.6928	9966.71	15604.7	99.5496	60	60000	80.5721	1502.7	1400.05	16404.6	40339.9	9.27812e-10	1.68759e-10	3.18443e-11	7.80234e-10	
47.9109	10004.6	15593.1	99.8687	60	60000	80.5889	1503.74	1401.02	16417.6	40339.9	9.27811e-10	1.6923e-10	3.18339e-11	7.79656e-10	
48.129	10042.7	15581.6	100.19	60	60000	80.6056	1504.77	1401.99	16430.4	40339.9	9.2781e-10	1.69704e-10	3.18235e-11	7.7908e-10	
48.9434	10186.8	15538.8	101.409	60	60000	80.6678	1508.63	1405.6	16478.2	40339.9	9.27807e-10	1.71502e-10	3.17848e-11	7.76938e-10	
49.7577	10333.6	15496.2	102.658	60	60000	80.7298	1512.47	1409.19	16525.5	40339.9	9.27803e-10	1.73348e-10	3.17462e-11	7.7481e-10	
50.5721	10483.4	15453.9	103.941	60	60000	80.7916	1516.31	1412.78	16572.3	40339.9	9.27799e-10	1.75242e-10	3.17077e-11	7.72694e-10	
51.3864	10636.4	15411.7	105.257	60	60000	80.8534	1520.15	1416.36	16618.6	40339.9	9.27795e-10	1.77186e-10	3.16691e-11	7.70587e-10	
52.0915	10771.5	15375.4	106.425	60	60000	80.9068	1523.47	1419.46	16658.4	40339.9	9.27792e-10	1.78912e-10	3.16357e-11	7.68769e-10	
52.7967	10909.2	15339.1	107.621	60	60000	80.9602	1526.8	1422.57	16698	40339.9	9.27788e-10	1.80679e-10	3.16022e-11	7.66954e-10	
53.5018	11049.5	15302.8	108.845	60	60000	81.0137	1530.14	1425.68	16737.3	40339.9	9.27784e-10	1.82487e-10	3.15686e-11	7.65141e-10	
54.2069	11192.6	15266.6	110.099	60	60000	81.0673	1533.49	1428.79	16776.4	40339.9	9.2778e-10	1.84339e-10	3.15348e-11	7.63328e-10	
54.5346	11260.2	15249.7	110.692	60	60000	81.0923	1535.05	1430.25	16794.6	40339.9	9.27778e-10	1.85215e-10	3.15191e-11	7.62485e-10	
54.8624	11328.3	15232.8	111.292	60	60000	81.1173	1536.61	1431.7	16812.6	40339.9	9.27776e-10	1.86101e-10	3.15033e-11	7.61642e-10	
55.1901	11397.1	15216	111.899	60	60000	81.1424	1538.18	1433.16	16830.7	40339.9	9.27774e-10	1.86997e-10	3.14875e-11	7.60798e-10	
56.3689	11650.2	15155.1	114.142	60	60000	81.2329	1543.84	1438.43	16895.5	40339.9	9.27766e-10	1.90304e-10	3.14303e-11	7.57757e-10	
56.6636	11715	15139.9	114.717	60	60000	81.2557	1545.27	1439.75	16911.6	40339.9	9.27764e-10	1.91152e-10	3.14159e-11	7.56994e-10	
56.9583	11780.3	15124.6	115.299	60	60000	81.2785	1546.7	1441.08	16927.8	40339.9	9.27762e-10	1.92009e-10	3.14015e-11	7.5623e-10	
57.253	11846.2	15109.3	115.887	60	60000	81.3014	1548.13	1442.41	16943.9	40339.9	9.27759e-10	1.92875e-10	3.1387e-11	7.55465e-10	
57.5477	11912.7	15094	116.481	60	60000	81.3243	1549.57	1443.75	16960.1	40339.9	9.27757e-10	1.9375e-10	3.13724e-11	7.54699e-10	
57.8303	11977.1	15079.2	117.057	60	60000	81.3464	1550.96	1445.03	16975.5	40339.9	9.27755e-10	1.94598e-10	3.13584e-11	7.53962e-10	
58.113	12042	15064.5	117.639	60	60000	81.3685	1552.35	1446.32	16991	40339.9	9.27753e-10	1.95455e-10	3.13444e-11	7.53224e-10	
58.3956	12107.6	15049.7	118.227	60	60000	81.3907	1553.74	1447.61	17006.5	40339.9	9.27751e-10	1.9632e-10	3.13303e-11	7.52485e-10	
59.4529	12358.3	14994.1	120.483	60	60000	81.4744	1559	1452.49	17064.4	40339.9	9.27742e-10	1.99635e-10	3.1277e-11	7.49703e-10	
60.5102	12618.1	14937.9	122.832	60	60000	81.5593	1564.35	1457.44	17122.4	40339.9	9.27732e-10	2.03081e-10	3.12229e-11	7.46893e-10	
61.5675	12887.5	14881	125.278	60	60000	81.6455	1569.79	1462.47	17180.8	40339.9	9.27722e-10	2.06662e-10	3.11678e-11	7.44049e-10	
62.6248	13167.3	14823.3	127.828	60	60000	81.7332	1575.33	1467.59	17239.5	40339.9	9.27711e-10	2.10387e-10	3.11116e-11	7.41165e-10	
63.086	13292.7	14797.9	128.974	60	60000	81.7721	1577.79	1469.86	17265.2	40339.9	9.27706e-10	2.12058e-10	3.10866e-11	7.39894e-10	
63.5471	13420.3	14772.3	130.142	60	60000	81.8112	1580.26	1472.15	17291.1	40339.9	9.277e-10	2.13759e-10	3.10615e-11	7.38613e-10	
64.0083	13550.2	14746.5	131.331	60	60000	81.8507	1582.77	1474.45	17317.1	40339.9	9.27695e-10	2.15489e-10	3.10361e-11	7.37323e-10	
64.751	13764.1	14704.5	133.294	60	60000	81.9152	1586.85	1478.22	17359.2	40339.9	9.27685e-10	2.18339e-10	3.09946e-11	7.35225e-10	
65.4937	13984.2	14662	135.317	60	60000	81.9807	1591.01	1482.05	17401.6	40339.9	9.27675e-10	2.21271e-10	3.09524e-11	7.33099e-10	
66.2364	14210.8	14618.9	137.403	60	60000	82.0473	1595.24	1485.95	17444.5	40339.9	9.27665e-10	2.24287e-10	3.09094e-11	7.30943e-10	
66.979	14444.3	14575.1	139.554	60	60000	82.1151	1599.56	1489.92	17487.8	40339.9	9.27654e-10	2.2739e-10	3.08656e-11	7.28755e-10	
67.3017	14547.9	14555.9	140.509	60	60000	82.145	1601.46	1491.67	17506.8	40339.9	9.27648e-10	2.28765e-10	3.08463e-11	7.27794e-10	
67.6244	14653	14536.5	141.477	60	60000	82.1751	1603.38	1493.43	17525.9	40339.9	9.27643e-10	2.30158e-10	3.08268e-11	7.26827e-10	
67.947	14759.4	14517.1	142.459	60	60000	82.2055	1605.31	1495.21	17545.1	40339.9	9.27638e-10	2.31568e-10	3.08072e-11	7.25853e-10	
68.4467	14927	14486.6	144.005	60	60000	82.253	1608.34	1498	17575	40339.9	9.27629e-10	2.33785e-10	3.07764e-11	7.24331e-10	
68.9464	15098.2	14455.8	145.584	60	60000	82.3012	1611.42	1500.83	17605.2	40339.9	9.2762e-10	2.36046e-10	3.07451e-11	7.22791e-10	
69.4461	15273	14424.7	147.197	60	60000	82.35	1614.54	1503.69	17635.7	40339.9	9.2761e-10	2.38349e-10	3.07134e-11	7.21234e-10	
69.9458	15451.6	14393.2	148.844	60	60000	82.3996	1617.71	1506.61	17666.5	40339.9	9.27601e-10	2.40697e-10	3.06813e-11	7.19659e-10	
70.191	15540.7	14377.6	149.665	60	60000	82.4242	1619.29	1508.05	17681.7	40339.9	9.27596e-10	2.41865e-10	3.06653e-11	7.18879e-10	
70.4362	15630.7	14361.9	150.495	60	60000	82.449	1620.87	1509.5	17697	40339.9	9.2759e-10	2.43044e-10	3.06492e-11	7.18094e-10	
70.6814	15721.7	14346.1	151.333	60	60000	82.4739	1622.47	1510.97	17712.4	40339.9	9.27585e-10	2.44234e-10	3.0633e-11	7.17304e-10	
71.5853	16065.6	14287	154.499	60	60000	82.5675	1628.47	1516.47	17769.8	40339.9	9.27565e-10	2.48717e-10	3.05721e-11	7.14352e-10	
72.4893	16423.6	14226.6	157.788	60	60000	82.6638	1634.65	1522.14	17828.4	40339.9	9.27543e-10	2.53353e-10	3.05095e-11	7.1133e-10	
73.3932	16796.5	14164.7	161.204	60	60000	82.7629	1641.03	1527.98	17888.4	40339.9	9.27518e-10	2.58145e-10	3.04449e-11	7.08236e-10	
74.2972	17185	14101.3	164.752	60	60000	82.8651	1647.61	1534.01	17949.8	40339.9	9.27492e-10	2.63095e-10	3.03783e-11	7.05064e-10	
74.5326	17288.9	14084.5	165.698	60	60000	82.8922	1649.36	1535.61	17966	40339.9	9.27485e-10	2.64411e-10	3.03606e-11	7.04225e-10	
74.768	17393.9	14067.6	166.653	60	60000	82.9196	1651.12	1537.22	17982.4	40339.9	9.27477e-10	2.65737e-10	3.03428e-11	7.03381e-10	
75.0034	17500	14050.6	167.617	60	60000	82.9471	1652.9	1538.85	17998.8	40339.9	9.2747e-10	2.67074e-10	3.03248e-11	7.02531e-10	
75.4683	17713.1	14016.7	169.55	60	60000	83.0022	1656.46	1542.11	18031.6	40339.9	9.27454e-10	2.69747e-10	3.02889e-11	7.00835e-10	
75.9332	17930.8	13982.3	171.519	60	60000	83.0582	1660.08	1545.42	18064.9	40339.9	9.27438e-10	2.72463e-10	3.02524e-11	6.99117e-10	
76.3981	18153.4	13947.5	173.526	60	60000	83.1152	1663.77	1548.79	18098.6	40339.9	9.27421e-10	2.75222e-10	3.02152e-11	6.97376e-10	
76.8572	18378	13912.7	175.545	60	60000	83.1723	1667.47	1552.17	18132.4	40339.9	9.27403e-10	2.77988e-10	3.01779e-11	6.95634e-10	
77.3163	18607.6	13877.4	177.601	60	60000	83.2305	1671.24	1555.62	18166.6	40339.9	9.27385e-10	2.80795e-10	3.014e-11	6.93869e-10	
77.7754	18842.1	13841.6	179.694	60	60000	83.2896	1675.07	1559.12	18201.4	40339.9	9.27365e-10	2.83644e-10	3.01014e-11	6.92079e-10	
78.2006	19064	13808	181.666	60	60000	83.3452	1678.69	1562.42	18234	40339.9	9.27347e-10	2.86318e-10	3.00651e-11	6.90401e-10	
78.6258	19290.4	13774	183.671	60	60000	83.4017	1682.36	1565.78	18267.1	40339.9	9.27327e-10	2.89026e-10	3.00282e-11	6.88702e-10	
79.0509	19521.4	13739.6	185.708	60	60000	83.4591	1686.1	1569.19	18300.6	40339.9	9.27307e-10	2.91769e-10	2.99908e-11	6.86981e-10	
79.4364	19735	13708.1	187.584	60	60000	83.512	1689.54	1572.34	18331.4	40339.9	9.27287e-10	2.94285e-10	2.99563e-11	6.85403e-10	
79.8219	19952.6	13676.1	189.486	60	60000	83.5656	1693.03	1575.53	18362.7	40339.9	9.27267e-10	2.96829e-10	2.99213e-11	6.83807e-10	
80.2074	20174.2	13643.8	191.415	60	60000	83.62	1696.58	1578.77	18394.3	40339.9	9.27246e-10	2.99399e-10	2.98859e-11	6.82192e-10	
80.5595	20380.2	13614	193.201	60	60000	83.6704	1699.87	1581.77	18423.6	40339.9	9.27226e-10	3.01769e-10	2.9853e-11	6.80702e-10	
80.9116	20589.7	13583.9	195.009	60	60000	83.7214	1703.21	1584.82	18453.2	40339.9	9.27206e-10	3.04161e-10	2.98197e-11	6.79196e-10	
81.2637	20802.8	13553.5	196.839	60	60000	83.7732	1706.59	1587.91	18483.2	40339.9	9.27184e-10	3.06573e-10	2.9786e-11	6.77674e-10	
81.5853	21000.6	13525.4	198.53	60	60000	83.821	1709.72	1590.77	18511	40339.9	9.27164e-10	3.08794e-10	2.97549e-11	6.76272e-10	
81.9069	21201.4	13497.1	200.239	60	60000	83.8695	1712.9	1593.67	18539	40339.9	9.27143e-10	3.11032e-10	2.97233e-11	6.74856e-10	
82.2284	21405.3	13468.5	201.967	60	60000	83.9185	1716.11	1596.6	18567.4	40339.9	9.27121e-10	3.13286e-10	2.96914e-11	6.73427e-10	
82.5238	21595.4	13442.1	203.569	60	60000	83.9641	1719.1	1599.33	18593.8	40339.9	9.27101e-10	3.1537e-10	2.96618e-11	6.72103e-10	
82.8191	21788.2	13415.4	205.187	60	60000	84.0102	1722.13	1602.09	18620.4	40339.9	9.27079e-10	3.17466e-10	2.96318e-11	6.70768e-10	
83.1144	21983.7	13388.4	206.82	60	60000	84.0568	1725.19	1604.89	18647.3	40339.9	9.27057e-10	3.19575e-10	2.96015e-11	6.69421e-10	
83.386	22165.9	13363.5	208.335	60	60000	84.1001	1728.04	1607.49	18672.4	40339.9	9.27037e-10	3.21524e-10	2.95734e-11	6.68174e-10	
83.6576	22350.5	13338.3	209.862	60	60000	84.1439	1730.91	1610.12	18697.7	40339.9	9.27015e-10	3.23483e-10	2.95449e-11	6.66916e-10	
83.9292	22537.4	13313	211.401	60	60000	84.1881	1733.83	1612.77	18723.2	40339.9	9.26993e-10	3.25452e-10	2.95162e-11	6.6565e-10	
84.1795	22711.9	13289.5	212.831	60	60000	84.2293	1736.54	1615.25	18747	40339.9	9.26972e-10	3.27273e-10	2.94895e-11	6.64474e-10	
84.4298	22888.3	13265.8	214.27	60	60000	84.2708	1739.27	1617.75	18771	40339.9	9.2695e-10	3.29102e-10	2.94626e-11	6.6329e-10	
84.6801	23066.9	13242	215.72	60	60000	84.3127	1742.04	1620.27	18795.2	40339.9	9.26928e-10	3.30938e-10	2.94354e-11	6.62099e-10	
84.9203	23240.2	13219	217.121	60	60000	84.3533	1744.72	1622.72	18818.6	40339.9	9.26907e-10	3.32705e-10	2.94091e-11	6.60948e-10	
85.1605	23415.5	13195.8	218.53	60	60000	84.3943	1747.42	1625.19	18842.3	40339.9	9.26884e-10	3.34478e-10	2.93826e-11	6.59789e-10	
85.4007	23592.7	13172.5	219.949	60	60000	84.4357	1750.15	1627.68	18866.2	40339.9	9.26861e-10	3.36256e-10	2.93558e-11	6.58623e-10	
85.6573	23784.3	13147.4	221.474	60	60000	84.4803	1753.1	1630.37	18891.9	40339.9	9.26836e-10	3.38162e-10	2.9327e-11	6.5737e-10	
85.9139	23978.1	13122.2	223.009	60	60000	84.5253	1756.08	1633.09	18918	40339.9	9.2681e-10	3.40072e-10	2.92979e-11	6.56108e-10	
86.1705	24174.3	13096.8	224.553	60	60000	84.5707	1759.08	1635.84	18944.2	40339.9	9.26783e-10	3.41987e-10	2.92685e-11	6.54838e-10	
86.4482	24389.2	13069.1	226.236	60	60000	84.6203	1762.37	1638.84	18972.9	40339.9	9.26754e-10	3.44064e-10	2.92365e-11	6.53454e-10	
86.726	24606.8	13041.2	227.929	60	60000	84.6705	1765.7	1641.88	19002	40339.9	9.26723e-10	3.46146e-10	2.92041e-11	6.52061e-10	
87.0037	24827.2	13013.2	229.632	60	60000	84.7212	1769.06	1644.95	19031.3	40339.9	9.26691e-10	3.48232e-10	2.91715e-11	6.50658e-10	
87.3051	25069.5	12982.5	231.492	60	60000	84.7767	1772.75	1648.32	19063.5	40339.9	9.26656e-10	3.50498e-10	2.91357e-11	6.49125e-10	
87.6064	25315	12951.6	233.363	60	60000	84.8329	1776.48	1651.72	19096.1	40339.9	9.26619e-10	3.52767e-10	2.90995e-11	6.47581e-10	
87.9078	25563.9	12920.5	235.245	60	60000	84.8896	1780.25	1655.17	19129	40339.9	9.26582e-10	3.55038e-10	2.9063e-11	6.46026e-10	
88.2334	25836.6	12886.7	237.291	60	60000	84.9516	1784.38	1658.94	19165.1	40339.9	9.26539e-10	3.57493e-10	2.90232e-11	6.44334e-10	
88.559	26113.2	12852.6	239.348	60	60000	85.0143	1788.55	1662.76	19201.5	40339.9	9.26496e-10	3.59949e-10	2.8983e-11	6.4263e-10	
88.8846	26393.7	12818.3	241.417	60	60000	85.0777	1792.78	1666.63	19238.5	40339.9	9.2645e-10	3.62403e-10	2.89423e-11	6.40913e-10	
89.235	26700.1	12781	243.655	60	60000	85.1468	1797.39	1670.84	19278.7	40339.9	9.264e-10	3.65042e-10	2.88981e-11	6.39052e-10	
89.5854	27011	12743.6	245.905	60	60000	85.2166	1802.05	1675.11	19319.6	40339.9	9.26347e-10	3.67676e-10	2.88534e-11	6.37178e-10	
89.9357	27326.6	12705.8	248.165	60	60000	85.2873	1806.78	1679.43	19360.9	40339.9	9.26292e-10	3.70305e-10	2.88083e-11	6.35291e-10	
90.3114	27670.1	12665.1	250.6	60	60000	85.364	1811.91	1684.12	19405.9	40339.9	9.26232e-10	3.73116e-10	2.87594e-11	6.33253e-10	
90.687	28019.1	12624	253.045	60	60000	85.4416	1817.11	1688.88	19451.5	40339.9	9.26168e-10	3.75918e-10	2.87099e-11	6.31201e-10	
91.0627	28373.4	12582.7	255.499	60	60000	85.5201	1822.38	1693.71	19497.7	40339.9	9.26102e-10	3.78707e-10	2.866e-11	6.29134e-10	
91.4643	28758.3	12538.2	258.133	60	60000	85.6052	1828.09	1698.93	19547.9	40339.9	9.26029e-10	3.81675e-10	2.8606e-11	6.26909e-10	
91.866	29149.4	12493.4	260.775	60	60000	85.6912	1833.87	1704.23	19598.9	40339.9	9.25952e-10	3.84625e-10	2.85514e-11	6.24669e-10	
92.2677	29546.7	12448.3	263.423	60	60000	85.7784	1839.74	1709.61	19650.6	40339.9	9.25872e-10	3.87555e-10	2.84963e-11	6.22415e-10	
92.6966	29977.9	12399.8	266.257	60	60000	85.8726	1846.09	1715.43	19706.7	40339.9	9.25782e-10	3.9066e-10	2.84368e-11	6.19992e-10	
93.1256	30416.2	12351.1	269.096	60	60000	85.9679	1852.52	1721.33	19763.6	40339.9	9.25689e-10	3.93737e-10	2.83767e-11	6.17555e-10	
93.5546	30861.5	12302.1	271.937	60	60000	86.0644	1859.04	1727.31	19821.5	40339.9	9.25591e-10	3.96782e-10	2.83159e-11	6.15103e-10	
93.9836	31313.9	12252.8	274.779	60	60000	86.1621	1865.65	1733.37	19880.3	40339.9	9.25489e-10	3.99794e-10	2.82546e-11	6.12639e-10	
94.4125	31773.3	12203.2	277.62	60	60000	86.2609	1872.34	1739.51	19939.9	40339.9	9.25382e-10	4.0277e-10	2.81927e-11	6.10162e-10	
94.8415	32239.7	12153.5	280.458	60	60000	86.3607	1879.12	1745.73	20000.5	40339.9	9.2527e-10	4.05708e-10	2.81303e-11	6.07674e-10	
95.2705	32713	12103.5	283.293	60	60000	86.4616	1885.97	1752.03	20062	40339.9	9.25153e-10	4.08604e-10	2.80673e-11	6.05176e-10	
95.6995	33193.2	12053.4	286.121	60	60000	86.5636	1892.91	1758.41	20124.3	40339.9	9.25031e-10	4.11458e-10	2.80038e-11	6.02669e-10	
96.1284	33680.3	12003.1	288.941	60	60000	86.6666	1899.92	1764.86	20187.6	40339.9	9.24904e-10	4.14265e-10	2.79398e-11	6.00153e-10	
96.6376	34267.1	11943.2	292.277	60	60000	86.7902	1908.35	1772.61	20263.9	40339.9	9.24746e-10	4.17536e-10	2.78633e-11	5.97158e-10	
97.1468	34863.3	11883.1	295.597	60	60000	86.9151	1916.88	1780.47	20341.5	40339.9	9.2458e-10	4.20736e-10	2.77861e-11	5.94155e-10	
97.656	35468.8	11822.9	298.899	60	60000	87.0412	1925.52	1788.42	20420.4	40339.9	9.24405e-10	4.23863e-10	2.77083e-11	5.91145e-10	
98.1652	36083.3	11762.6	302.179	60	60000	87.1686	1934.25	1796.47	20500.5	40339.9	9.24221e-10	4.26914e-10	2.76301e-11	5.88131e-10	
98.5493	36552.8	11717.1	304.638	60	60000	87.2655	1940.9	1802.6	20561.8	40339.9	9.24077e-10	4.29163e-10	2.75707e-11	5.85856e-10	
98.9334	37027.2	11671.6	307.084	60	60000	87.363	1947.6	1808.78	20623.7	40339.9	9.23927e-10	4.31366e-10	2.75111e-11	5.8358e-10	
99.3175	37506.5	11626.1	309.513	60	60000	87.4612	1954.36	1815.02	20686.4	40339.9	9.23772e-10	4.33522e-10	2.74512e-11	5.81304e-10	
100.065	38452.6	11537.6	314.194	60	60000	87.6537	1967.63	1827.28	20810.3	40339.9	9.23454e-10	4.37581e-10	2.73341e-11	5.76879e-10	
100.812	39416.3	11449.3	318.807	60	60000	87.8482	1981.08	1839.7	20936.8	40339.9	9.23114e-10	4.41454e-10	2.72163e-11	5.72463e-10	
101.559	40396.6	11361.2	323.347	60	60000	88.0445	1994.68	1852.29	21065.7	40339.9	9.22751e-10	4.45139e-10	2.7098e-11	5.68062e-10	
101.746	40644.2	11339.3	324.47	60	60000	88.0938	1998.1	1855.46	21098.4	40339.9	9.22657e-10	4.46031e-10	2.70684e-11	5.66965e-10	
101.933	40892.8	11317.4	325.589	60	60000	88.1432	2001.53	1858.63	21131.1	40339.9	9.22561e-10	4.46911e-10	2.70387e-11	5.65869e-10	
102.12	41142.4	11295.5	326.702	60	60000	88.1927	2004.97	1861.82	21164.1	40339.9	9.22463e-10	4.47778e-10	2.7009e-11	5.64775e-10	
102.306	41392.9	11273.6	327.81	60	60000	88.2423	2008.41	1865.01	21197.1	40339.9	9.22364e-10	4.48634e-10	2.69793e-11	5.63682e-10	
102.567	41744.7	11243.1	329.351	60	60000	88.3117	2013.25	1869.49	21243.6	40339.9	9.22223e-10	4.4981e-10	2.69377e-11	5.62157e-10	
102.829	42098.3	11212.7	330.881	60	60000	88.3813	2018.09	1873.98	21290.4	40339.9	9.22079e-10	4.50963e-10	2.68962e-11	5.60635e-10	
103.09	42453.6	11182.3	332.401	60	60000	88.4511	2022.95	1878.49	21337.4	40339.9	9.21932e-10	4.52093e-10	2.68546e-11	5.59117e-10	
104.122	43874.5	11063.1	338.304	60	60000	88.7277	2042.28	1896.42	21526	40339.9	9.21318e-10	4.56328e-10	2.66902e-11	5.53156e-10	
104.38	44233.6	11033.5	339.753	60	60000	88.7971	2047.14	1900.93	21573.7	40339.9	9.21157e-10	4.5733e-10	2.66491e-11	5.51677e-10	
104.638	44594.3	11004	341.191	60	60000	88.8666	2052	1905.46	21621.7	40339.9	9.20992e-10	4.58309e-10	2.6608e-11	5.50202e-10	
104.896	44956.4	10974.7	342.619	60	60000	88.9362	2056.88	1909.99	21670	40339.9	9.20824e-10	4.59267e-10	2.6567e-11	5.48733e-10	
105.154	45319.9	10945.4	344.035	60	60000	89.0057	2061.76	1914.53	21718.5	40339.9	9.20653e-10	4.60202e-10	2.6526e-11	5.47268e-10	
105.439	45723.5	10913.1	345.589	60	60000	89.0828	2067.17	1919.56	21772.4	40339.9	9.20459e-10	4.6121e-10	2.64807e-11	5.45654e-10	
105.724	46128.8	10880.9	347.129	60	60000	89.1598	2072.59	1924.6	21826.5	40339.9	9.20262e-10	4.62192e-10	2.64354e-11	5.44047e-10	
106.01	46535.7	10848.9	348.656	60	60000	89.2369	2078.02	1929.65	21880.9	40339.9	9.2006e-10	4.63147e-10	2.63902e-11	5.42447e-10	
107.004	47964.6	10738.6	353.865	60	60000	89.5055	2096.96	1947.28	22072.5	40339.9	9.19324e-10	4.6627e-10	2.62333e-11	5.36928e-10	
107.998	49409.6	10630.1	358.906	60	60000	89.7736	2115.93	1964.97	22267	40339.9	9.18535e-10	4.69083e-10	2.60775e-11	5.31504e-10	
108.246	49773	10603.3	360.14	60	60000	89.8406	2120.68	1969.4	22316	40339.9	9.1833e-10	4.6974e-10	2.60388e-11	5.30164e-10	
108.495	50137.3	10576.6	361.363	60	60000	89.9074	2125.42	1973.83	22365.1	40339.9	9.18121e-10	4.70379e-10	2.60001e-11	5.2883e-10	
108.743	50502.4	10550.1	362.576	60	60000	89.9742	2130.17	1978.26	22414.4	40339.9	9.17909e-10	4.70999e-10	2.59616e-11	5.27503e-10	
108.992	50868.3	10523.7	363.778	60	60000	90.0409	2134.91	1982.68	22463.9	40339.9	9.17693e-10	4.71602e-10	2.59231e-11	5.26183e-10	
109.237	51230	10497.7	364.954	60	60000	90.1067	2139.59	1987.05	22512.8	40339.9	9.17476e-10	4.72179e-10	2.58853e-11	5.24886e-10	
109.482	51592.4	10471.9	366.119	60	60000	90.1723	2144.26	1991.42	22561.9	40339.9	9.17257e-10	4.7274e-10	2.58475e-11	5.23596e-10	
109.727	51955.4	10446.3	367.275	60	60000	90.2379	2148.93	1995.78	22611	40339.9	9.17034e-10	4.73284e-10	2.58098e-11	5.22313e-10	
110.32	52835.1	10384.8	370.026	60	60000	90.3959	2160.2	2006.32	22730.3	40339.9	9.1648e-10	4.7453e-10	2.57193e-11	5.1924e-10	
110.913	53717.8	10324.2	372.717	60	60000	90.5532	2171.45	2016.84	22850.3	40339.9	9.15907e-10	4.75685e-10	2.56294e-11	5.16208e-10	
111.505	54603	10264.3	375.351	60	60000	90.7097	2182.66	2027.33	22970.7	40339.9	9.15314e-10	4.76749e-10	2.55403e-11	5.13217e-10	
112.098	55490.1	10205.4	377.927	60	60000	90.8653	2193.82	2037.79	23091.6	40339.9	9.14701e-10	4.77728e-10	2.54519e-11	5.10269e-10	
112.32	55822.7	10183.5	378.876	60	60000	90.9233	2197.99	2041.69	23136.9	40339.9	9.14466e-10	4.78073e-10	2.5419e-11	5.09177e-10	
112.542	56155.4	10161.8	379.818	60	60000	90.9812	2202.15	2045.59	23182.3	40339.9	9.14229e-10	4.78407e-10	2.53862e-11	5.0809e-10	
112.764	56488.3	10140.2	380.752	60	60000	91.0389	2206.31	2049.48	23227.8	40339.9	9.13988e-10	4.78729e-10	2.53536e-11	5.0701e-10	
113.297	57288.3	10088.8	382.962	60	60000	91.177	2216.25	2058.8	23337.1	40339.9	9.134e-10	4.79458e-10	2.52756e-11	5.04441e-10	
113.83	58088.7	10038.1	385.128	60	60000	91.3142	2226.15	2068.08	23446.5	40339.9	9.12795e-10	4.80126e-10	2.51984e-11	5.01907e-10	
114.362	58889.3	9988.17	387.25	60	60000	91.4504	2236	2077.32	23556.1	40339.9	9.12174e-10	4.80736e-10	2.51218e-11	4.99409e-10	
114.857	59632.1	9942.45	389.181	60	60000	91.5759	2245.08	2085.85	23657.9	40339.9	9.11584e-10	4.81251e-10	2.50514e-11	4.97122e-10	
115.351	60374.6	9897.34	391.075	60	60000	91.7006	2254.12	2094.34	23759.7	40339.9	9.1098e-10	4.81719e-10	2.49817e-11	4.94867e-10	
115.846	61116.5	9852.85	392.933	60	60000	91.8244	2263.11	2102.78	23861.5	40339.9	9.10362e-10	4.82143e-10	2.49125e-11	4.92643e-10	
116.371	61903	9806.32	394.867	60	60000	91.9547	2272.59	2111.68	23969.4	40339.9	9.09691e-10	4.82545e-10	2.48399e-11	4.90316e-10	
116.896	62688.3	9760.47	396.761	60	60000	92.084	2282	2120.53	24077.3	40339.9	9.09006e-10	4.82902e-10	2.4768e-11	4.88024e-10	
117.42	63472.1	9715.32	398.618	60	60000	92.2121	2291.35	2129.32	24185	40339.9	9.08305e-10	4.83214e-10	2.46969e-11	4.85766e-10	
117.909	64199.7	9673.94	400.311	60	60000	92.3303	2299.98	2137.44	24285	40339.9	9.0764e-10	4.83467e-10	2.46314e-11	4.83697e-10	
118.397	64925.7	9633.15	401.973	60	60000	92.4475	2308.56	2145.5	24384.8	40339.9	9.06963e-10	4.83684e-10	2.45666e-11	4.81658e-10	
118.885	65649.8	9592.95	403.604	60	60000	92.5637	2317.07	2153.51	24484.3	40339.9	9.06274e-10	4.83869e-10	2.45025e-11	4.79647e-10	
119.378	66378.7	9552.96	405.219	60	60000	92.6799	2325.6	2161.54	24584.6	40339.9	9.05565e-10	4.84022e-10	2.44384e-11	4.77648e-10	
119.871	67105.4	9513.55	406.804	60	60000	92.7951	2334.06	2169.51	24684.5	40339.9	9.04844e-10	4.84145e-10	2.4375e-11	4.75678e-10	
120.364	67829.7	9474.73	408.359	60	60000	92.9093	2342.46	2177.42	24784.1	40339.9	9.04111e-10	4.84238e-10	2.43123e-11	4.73737e-10	
120.837	68523.4	9437.96	409.827	60	60000	93.018	2350.47	2184.96	24879.5	40339.9	9.03396e-10	4.84301e-10	2.42526e-11	4.71898e-10	
121.311	69214.6	9401.71	411.268	60	60000	93.1257	2358.41	2192.44	24974.6	40339.9	9.0267e-10	4.84339e-10	2.41936e-11	4.70086e-10	
121.785	69903.2	9365.99	412.684	60	60000	93.2324	2366.29	2199.87	25069.2	40339.9	9.01933e-10	4.84353e-10	2.41352e-11	4.68299e-10	
122.249	70574.6	9331.51	414.045	60	60000	93.3359	2373.95	2207.08	25161.5	40339.9	9.01202e-10	4.84345e-10	2.40787e-11	4.66576e-10	
122.713	71243.3	9297.52	415.383	60	60000	93.4384	2381.54	2214.24	25253.4	40339.9	9.00462e-10	4.84317e-10	2.40227e-11	4.64876e-10	
123.176	71909	9264.01	416.698	60	60000	93.54	2389.07	2221.33	25344.8	40339.9	8.99712e-10	4.84268e-10	2.39674e-11	4.63201e-10	
123.64	72571.9	9230.97	417.991	60	60000	93.6406	2396.54	2228.38	25435.8	40339.9	8.98952e-10	4.84201e-10	2.39126e-11	4.61549e-10	
124.104	73231.7	9198.4	419.261	60	60000	93.7403	2403.95	2235.36	25526.4	40339.9	8.98184e-10	4.84116e-10	2.38583e-11	4.5992e-10	
124.568	73888.3	9166.29	420.511	60	60000	93.839	2411.3	2242.29	25616.5	40339.9	8.97407e-10	4.84013e-10	2.38047e-11	4.58314e-10	
125.059	74579.4	9132.8	421.809	60	60000	93.9424	2419	2249.55	25711.3	40339.9	8.96576e-10	4.83887e-10	2.37486e-11	4.5664e-10	
125.55	75266.9	9099.81	423.085	60	60000	94.0447	2426.64	2256.75	25805.5	40339.9	8.95736e-10	4.83744e-10	2.36931e-11	4.54991e-10	
126.041	75950.4	9067.32	424.338	60	60000	94.146	2434.2	2263.88	25899.1	40339.9	8.94887e-10	4.83584e-10	2.36382e-11	4.53366e-10	
126.561	76669.4	9033.46	425.641	60	60000	94.252	2442.13	2271.36	25997.5	40339.9	8.93979e-10	4.83398e-10	2.35809e-11	4.51673e-10	
127.08	77384	9000.13	426.919	60	60000	94.3569	2449.99	2278.77	26095.3	40339.9	8.93062e-10	4.83195e-10	2.35242e-11	4.50006e-10	
127.599	78093.9	8967.31	428.175	60	60000	94.4606	2457.76	2286.1	26192.3	40339.9	8.92136e-10	4.82977e-10	2.34682e-11	4.48366e-10	
128.149	78840.3	8933.14	429.479	60	60000	94.5691	2465.91	2293.79	26294.2	40339.9	8.91147e-10	4.8273e-10	2.34096e-11	4.46657e-10	
128.699	79581.3	8899.52	430.758	60	60000	94.6763	2473.97	2301.4	26395.4	40339.9	8.90148e-10	4.82467e-10	2.33518e-11	4.44976e-10	
129.249	80317.1	8866.45	432.014	60	60000	94.7823	2481.95	2308.92	26495.7	40339.9	8.89141e-10	4.8219e-10	2.32947e-11	4.43322e-10	
129.831	81090.4	8832	433.319	60	60000	94.8932	2490.32	2316.81	26601	40339.9	8.88065e-10	4.81881e-10	2.3235e-11	4.416e-10	
130.413	81857.6	8798.13	434.598	60	60000	95.0028	2498.59	2324.61	26705.4	40339.9	8.86979e-10	4.81558e-10	2.31761e-11	4.39907e-10	
130.996	82618.6	8764.84	435.853	60	60000	95.1109	2506.77	2332.33	26808.9	40339.9	8.85886e-10	4.81222e-10	2.3118e-11	4.38242e-10	
131.613	83418.8	8730.14	437.158	60	60000	95.2242	2515.34	2340.42	26917.6	40339.9	8.84717e-10	4.80851e-10	2.30572e-11	4.36507e-10	
132.23	84211.8	8696.05	438.437	60	60000	95.336	2523.82	2348.41	27025.1	40339.9	8.8354e-10	4.80467e-10	2.29972e-11	4.34803e-10	
132.848	84997.8	8662.55	439.692	60	60000	95.4464	2532.2	2356.31	27131.6	40339.9	8.82355e-10	4.80071e-10	2.2938e-11	4.33128e-10	
133.368	85654.8	8634.77	440.73	60	60000	95.5384	2539.19	2362.9	27220.6	40339.9	8.8135e-10	4.79729e-10	2.28887e-11	4.31738e-10	
133.889	86306.7	8607.38	441.752	60	60000	95.6293	2546.11	2369.43	27308.7	40339.9	8.8034e-10	4.79378e-10	2.284e-11	4.30369e-10	
134.409	86953.6	8580.38	442.758	60	60000	95.7193	2552.96	2375.9	27396.1	40339.9	8.79326e-10	4.79021e-10	2.27919e-11	4.29019e-10	
134.873	87526	8556.64	443.641	60	60000	95.7987	2559.02	2381.61	27473.4	40339.9	8.78418e-10	4.78696e-10	2.27494e-11	4.27832e-10	
135.337	88094.4	8533.19	444.512	60	60000	95.8774	2565.03	2387.27	27550	40339.9	8.77506e-10	4.78367e-10	2.27073e-11	4.2666e-10	
135.801	88658.8	8510.04	445.371	60	60000	95.9553	2570.98	2392.89	27626.1	40339.9	8.76591e-10	4.78032e-10	2.26656e-11	4.25502e-10	
136.38	89358.5	8481.5	446.428	60	60000	96.0517	2578.36	2399.84	27720.2	40339.9	8.75444e-10	4.77608e-10	2.26142e-11	4.24075e-10	
136.96	90051.9	8453.4	447.468	60	60000	96.1469	2585.65	2406.72	27813.5	40339.9	8.74293e-10	4.77177e-10	2.25633e-11	4.2267e-10	
137.54	90739.2	8425.72	448.491	60	60000	96.2411	2592.88	2413.52	27905.8	40339.9	8.73137e-10	4.7674e-10	2.2513e-11	4.21286e-10	
137.963	91237.2	8405.76	449.228	60	60000	96.3092	2598.11	2418.45	27972.6	40339.9	8.72291e-10	4.76418e-10	2.24766e-11	4.20288e-10	
138.386	91732	8386.02	449.956	60	60000	96.3768	2603.3	2423.35	28039	40339.9	8.71443e-10	4.76092e-10	2.24406e-11	4.19301e-10	
138.809	92223.5	8366.49	450.675	60	60000	96.4438	2608.45	2428.2	28104.8	40339.9	8.70593e-10	4.75764e-10	2.24049e-11	4.18325e-10	
139.21	92686.1	8348.19	451.349	60	60000	96.5068	2613.3	2432.77	28166.8	40339.9	8.69787e-10	4.75451e-10	2.23713e-11	4.17409e-10	
139.611	93145.8	8330.06	452.016	60	60000	96.5693	2618.11	2437.3	28228.3	40339.9	8.6898e-10	4.75135e-10	2.2338e-11	4.16503e-10	
140.012	93602.6	8312.11	452.676	60	60000	96.6313	2622.89	2441.81	28289.3	40339.9	8.68171e-10	4.74818e-10	2.23049e-11	4.15606e-10	
140.609	94278	8285.7	453.646	60	60000	96.7229	2629.96	2448.47	28379.6	40339.9	8.66964e-10	4.74341e-10	2.22561e-11	4.14285e-10	
141.206	94947.2	8259.66	454.602	60	60000	96.8134	2636.96	2455.06	28468.8	40339.9	8.65754e-10	4.7386e-10	2.22079e-11	4.12983e-10	
141.803	95610.3	8233.99	455.543	60	60000	96.903	2643.89	2461.58	28557.2	40339.9	8.64543e-10	4.73375e-10	2.21602e-11	4.11699e-10	
142.179	96024.1	8218.03	456.128	60	60000	96.9589	2648.21	2465.65	28612.3	40339.9	8.6378e-10	4.73069e-10	2.21305e-11	4.10901e-10	
142.554	96435.5	8202.21	456.707	60	60000	97.0144	2652.51	2469.7	28667.1	40339.9	8.63017e-10	4.72761e-10	2.21009e-11	4.10111e-10	
142.929	96844.5	8186.53	457.282	60	60000	97.0695	2656.78	2473.73	28721.5	40339.9	8.62253e-10	4.72452e-10	2.20716e-11	4.09326e-10	
143.151	97085.1	8177.33	457.619	60	60000	97.1019	2659.29	2476.09	28753.5	40339.9	8.61802e-10	4.72269e-10	2.20544e-11	4.08866e-10	
143.373	97324.9	8168.17	457.954	60	60000	97.1341	2661.8	2478.45	28785.4	40339.9	8.6135e-10	4.72085e-10	2.20372e-11	4.08408e-10	
143.595	97563.9	8159.06	458.287	60	60000	97.1663	2664.29	2480.8	28817.1	40339.9	8.60898e-10	4.71901e-10	2.20201e-11	4.07953e-10	
144.109	98114.9	8138.11	459.053	60	60000	97.2404	2670.05	2486.22	28890.3	40339.9	8.5985e-10	4.71474e-10	2.19807e-11	4.06905e-10	
144.623	98661.6	8117.39	459.811	60	60000	97.3138	2675.76	2491.59	28962.8	40339.9	8.588e-10	4.71044e-10	2.19417e-11	4.05869e-10	
145.138	99204.1	8096.91	460.559	60	60000	97.3866	2681.43	2496.93	29034.7	40339.9	8.57751e-10	4.70612e-10	2.1903e-11	4.04845e-10	
145.701	99794	8074.71	461.37	60	60000	97.4657	2687.59	2502.72	29112.8	40339.9	8.56599e-10	4.70138e-10	2.1861e-11	4.03736e-10	
146.265	100379	8052.79	462.171	60	60000	97.5441	2693.7	2508.48	29190.3	40339.9	8.55448e-10	4.69661e-10	2.18193e-11	4.02639e-10	
146.828	100959	8031.12	462.962	60	60000	97.6218	2699.77	2514.18	29267	40339.9	8.54296e-10	4.69183e-10	2.17781e-11	4.01556e-10	
147.618	101763	8001.2	464.054	60	60000	97.7294	2708.18	2522.09	29373.2	40339.9	8.52683e-10	4.68511e-10	2.17209e-11	4.0006e-10	
147.815	101963	7993.79	464.325	60	60000	97.7561	2710.27	2524.06	29399.6	40339.9	8.52279e-10	4.68343e-10	2.17067e-11	3.9969e-10	
148.012	102162	7986.42	464.594	60	60000	97.7828	2712.35	2526.02	29425.8	40339.9	8.51876e-10	4.68174e-10	2.16926e-11	3.99321e-10	
148.209	102361	7979.07	464.862	60	60000	97.8093	2714.43	2527.97	29452	40339.9	8.51472e-10	4.68005e-10	2.16785e-11	3.98954e-10	
148.42	102572	7971.27	465.147	60	60000	97.8375	2716.64	2530.05	29479.9	40339.9	8.51042e-10	4.67825e-10	2.16635e-11	3.98563e-10	
148.63	102782	7963.49	465.431	60	60000	97.8657	2718.85	2532.12	29507.6	40339.9	8.50612e-10	4.67645e-10	2.16486e-11	3.98175e-10	
148.841	102992	7955.75	465.713	60	60000	97.8937	2721.04	2534.19	29535.3	40339.9	8.50182e-10	4.67464e-10	2.16337e-11	3.97788e-10	
149.268	103416	7940.14	466.283	60	60000	97.9504	2725.49	2538.37	29591.2	40339.9	8.49308e-10	4.67098e-10	2.16036e-11	3.97007e-10	
149.695	103838	7924.65	466.849	60	60000	98.0068	2729.91	2542.53	29646.7	40339.9	8.48435e-10	4.6673e-10	2.15738e-11	3.96232e-10	
150.123	104257	7909.28	467.409	60	60000	98.0627	2734.3	2546.66	29701.9	40339.9	8.47562e-10	4.66362e-10	2.15441e-11	3.95464e-10	
151.039	105148	7876.74	468.598	60	60000	98.1817	2743.66	2555.45	29819.1	40339.9	8.45689e-10	4.65571e-10	2.1481e-11	3.93837e-10	
151.268	105369	7868.69	468.891	60	60000	98.2112	2745.98	2557.63	29848.1	40339.9	8.45221e-10	4.65373e-10	2.14653e-11	3.93434e-10	
151.498	105590	7860.67	469.184	60	60000	98.2406	2748.29	2559.81	29877.1	40339.9	8.44753e-10	4.65175e-10	2.14497e-11	3.93034e-10	
151.727	105809	7852.69	469.476	60	60000	98.27	2750.6	2561.98	29905.9	40339.9	8.44285e-10	4.64977e-10	2.14342e-11	3.92634e-10	
151.916	105990	7846.14	469.715	60	60000	98.294	2752.5	2563.76	29929.6	40339.9	8.43899e-10	4.64813e-10	2.14214e-11	3.92307e-10	
152.104	106170	7839.61	469.953	60	60000	98.3181	2754.39	2565.54	29953.2	40339.9	8.43514e-10	4.6465e-10	2.14087e-11	3.91981e-10	
152.293	106349	7833.1	470.191	60	60000	98.342	2756.28	2567.31	29976.8	40339.9	8.43129e-10	4.64486e-10	2.1396e-11	3.91655e-10	
152.705	106739	7818.99	470.707	60	60000	98.3941	2760.38	2571.17	30027.9	40339.9	8.42289e-10	4.64129e-10	2.13684e-11	3.9095e-10	
153.116	107127	7804.98	471.219	60	60000	98.4458	2764.47	2575.01	30078.8	40339.9	8.41449e-10	4.63772e-10	2.1341e-11	3.90249e-10	
153.528	107513	7791.07	471.727	60	60000	98.4973	2768.54	2578.82	30129.4	40339.9	8.4061e-10	4.63414e-10	2.13137e-11	3.89553e-10	
154.69	108591	7752.34	473.144	60	60000	98.6412	2779.91	2589.5	30270.5	40339.9	8.38243e-10	4.62404e-10	2.12375e-11	3.87617e-10	
154.98	108858	7742.77	473.494	60	60000	98.6768	2782.73	2592.15	30305.5	40339.9	8.37651e-10	4.62151e-10	2.12186e-11	3.87139e-10	
155.27	109124	7733.25	473.843	60	60000	98.7123	2785.54	2594.79	30340.2	40339.9	8.3706e-10	4.61899e-10	2.11998e-11	3.86663e-10	
155.561	109389	7723.78	474.19	60	60000	98.7477	2788.34	2597.43	30374.9	40339.9	8.36469e-10	4.61646e-10	2.11811e-11	3.86189e-10	
155.753	109565	7717.52	474.419	60	60000	98.7711	2790.2	2599.17	30397.8	40339.9	8.36077e-10	4.61478e-10	2.11687e-11	3.85876e-10	
155.946	109740	7711.28	474.648	60	60000	98.7944	2792.05	2600.91	30420.7	40339.9	8.35686e-10	4.6131e-10	2.11564e-11	3.85564e-10	
156.139	109914	7705.06	474.876	60	60000	98.8177	2793.9	2602.64	30443.5	40339.9	8.35294e-10	4.61142e-10	2.1144e-11	3.85253e-10	
156.472	110215	7694.35	475.268	60	60000	98.8579	2797.08	2605.63	30482.8	40339.9	8.34617e-10	4.60852e-10	2.11228e-11	3.84718e-10	
156.805	110515	7683.69	475.659	60	60000	98.8979	2800.26	2608.61	30521.9	40339.9	8.3394e-10	4.60561e-10	2.11016e-11	3.84185e-10	
157.138	110813	7673.09	476.048	60	60000	98.9378	2803.42	2611.58	30560.9	40339.9	8.33263e-10	4.60271e-10	2.10805e-11	3.83655e-10	
158.543	112060	7628.96	477.669	60	60000	99.1043	2816.66	2624.01	30723.4	40339.9	8.3041e-10	4.59044e-10	2.09924e-11	3.81448e-10	
159.948	113287	7585.74	479.259	60	60000	99.2683	2829.74	2636.27	30883.3	40339.9	8.2756e-10	4.57816e-10	2.09057e-11	3.79287e-10	
160.3	113591	7575.07	479.652	60	60000	99.3089	2832.98	2639.31	30922.8	40339.9	8.26848e-10	4.57509e-10	2.08842e-11	3.78753e-10	
160.651	113894	7564.45	480.044	60	60000	99.3494	2836.21	2642.34	30962.2	40339.9	8.26137e-10	4.57202e-10	2.08628e-11	3.78222e-10	
161.002	114196	7553.88	480.433	60	60000	99.3898	2839.43	2645.37	31001.4	40339.9	8.25425e-10	4.56894e-10	2.08415e-11	3.77694e-10	
161.354	114497	7543.36	480.822	60	60000	99.43	2842.65	2648.38	31040.5	40339.9	8.24714e-10	4.56587e-10	2.08202e-11	3.77168e-10	
161.592	114700	7536.27	481.083	60	60000	99.4571	2844.82	2650.41	31066.9	40339.9	8.24233e-10	4.56379e-10	2.08059e-11	3.76814e-10	
161.829	114902	7529.21	481.344	60	60000	99.4842	2846.98	2652.45	31093.2	40339.9	8.23751e-10	4.56171e-10	2.07916e-11	3.7646e-10	
162.067	115104	7522.16	481.605	60	60000	99.5113	2849.15	2654.47	31119.4	40339.9	8.2327e-10	4.55963e-10	2.07773e-11	3.76108e-10	
162.448	115426	7510.93	482.02	60	60000	99.5544	2852.6	2657.71	31161.2	40339.9	8.225e-10	4.5563e-10	2.07545e-11	3.75547e-10	
162.828	115747	7499.76	482.433	60	60000	99.5973	2856.04	2660.93	31202.9	40339.9	8.21731e-10	4.55297e-10	2.07318e-11	3.74988e-10	
163.209	116067	7488.65	482.845	60	60000	99.6401	2859.47	2664.15	31244.4	40339.9	8.20962e-10	4.54964e-10	2.07092e-11	3.74432e-10	
165.223	117742	7430.67	484.996	60	60000	99.8645	2877.48	2681.02	31461.3	40339.9	8.1689e-10	4.532e-10	2.05908e-11	3.71533e-10	
165.727	118156	7416.39	485.528	60	60000	99.92	2881.94	2685.2	31514.9	40339.9	8.15873e-10	4.52758e-10	2.05615e-11	3.7082e-10	
166.592	118863	7392.05	486.435	60	60000	100.015	2889.57	2692.36	31606.4	40339.9	8.14125e-10	4.52e-10	2.05114e-11	3.69602e-10	
167.458	119565	7367.94	487.334	60	60000	100.109	2897.17	2699.47	31697.2	40339.9	8.12376e-10	4.5124e-10	2.04617e-11	3.68397e-10	
168.323	120263	7344.06	488.228	60	60000	100.203	2904.73	2706.55	31787.2	40339.9	8.10628e-10	4.50481e-10	2.04123e-11	3.67203e-10	
169.189	120956	7320.39	489.115	60	60000	100.296	2912.25	2713.59	31876.7	40339.9	8.08879e-10	4.49721e-10	2.03632e-11	3.6602e-10	
171.316	122643	7263.06	491.271	60	60000	100.523	2930.6	2730.77	32093.9	40339.9	8.04576e-10	4.47849e-10	2.02437e-11	3.63153e-10	
173.444	124308	7206.85	493.396	60	60000	100.747	2948.79	2747.78	32307.9	40339.9	8.00264e-10	4.45972e-10	2.01256e-11	3.60343e-10	
175.572	125953	7151.63	495.496	60	60000	100.968	2966.84	2764.66	32518.9	40339.9	7.9594e-10	4.44089e-10	2.00089e-11	3.57581e-10	
177.7	127583	7097.28	497.576	60	60000	101.188	2984.78	2781.43	32727.4	40339.9	7.91599e-10	4.42197e-10	1.98933e-11	3.54864e-10	
180.704	129862	7021.83	500.484	60	60000	101.496	3009.98	2804.97	33018.2	40339.9	7.85432e-10	4.3951e-10	1.97315e-11	3.51092e-10	
183.707	132124	6947.6	503.373	60	60000	101.801	3035.13	2828.45	33305.8	40339.9	7.79206e-10	4.36796e-10	1.95708e-11	3.4738e-10	
186.711	134377	6874.31	506.253	60	60000	102.106	3060.3	2851.93	33591.2	40339.9	7.72904e-10	4.3405e-10	1.94107e-11	3.43716e-10	
189.714	136630	6801.7	509.136	60	60000	102.411	3085.57	2875.49	33875.5	40339.9	7.6651e-10	4.31264e-10	1.92508e-11	3.40085e-10	
192.718	138891	6729.51	512.033	60	60000	102.717	3111.04	2899.23	34159.6	40339.9	7.60003e-10	4.2843e-10	1.90903e-11	3.36475e-10	
195.722	141167	6657.49	514.956	60	60000	103.026	3136.8	2923.21	34444.5	40339.9	7.53365e-10	4.25539e-10	1.89288e-11	3.32874e-10	
198.725	143469	6585.39	517.917	60	60000	103.337	3162.93	2947.54	34731.3	40339.9	7.46572e-10	4.22582e-10	1.87657e-11	3.29269e-10	
201.136	145341	6527.29	520.328	60	60000	103.591	3184.26	2967.37	34963.4	40339.9	7.40992e-10	4.20153e-10	1.86332e-11	3.26365e-10	
203.547	147239	6468.85	522.779	60	60000	103.847	3205.94	2987.52	35197.9	40339.9	7.35284e-10	4.17669e-10	1.84991e-11	3.23443e-10	
205.958	149169	6409.95	525.275	60	60000	104.108	3228.05	3008.06	35435.4	40339.9	7.29433e-10	4.15123e-10	1.83629e-11	3.20497e-10	
208.368	151137	6350.44	527.825	60	60000	104.374	3250.63	3029.04	35676.4	40339.9	7.23425e-10	4.12508e-10	1.82243e-11	3.17522e-10	
210.779	153147	6290.19	530.435	60	60000	104.645	3273.76	3050.5	35921.6	40339.9	7.17242e-10	4.09816e-10	1.80829e-11	3.14509e-10	
214.161	156051	6204.15	534.215	60	60000	105.036	3307.27	3081.58	36273.8	40339.9	7.08241e-10	4.05896e-10	1.78793e-11	3.10208e-10	
217.542	159072	6115.96	538.156	60	60000	105.442	3342.19	3113.94	36637.5	40339.9	6.98806e-10	4.01784e-10	1.76685e-11	3.05798e-10	
220.923	162229	6025.17	542.289	60	60000	105.865	3378.79	3147.83	37014.9	40339.9	6.88875e-10	3.9745e-10	1.7449e-11	3.01258e-10	
224.304	165547	5931.29	546.644	60	60000	106.307	3417.32	3183.48	37408.4	40339.9	6.78379e-10	3.92863e-10	1.72197e-11	2.96565e-10	
227.686	169053	5833.82	551.26	60	60000	106.773	3458.09	3221.18	37820.7	40339.9	6.6724e-10	3.87984e-10	1.69788e-11	2.91691e-10	
231.067	172780	5732.18	556.179	60	60000	107.266	3501.47	3261.24	38254.9	40339.9	6.55369e-10	3.8277e-10	1.67247e-11	2.86609e-10	
233.829	176014	5645.63	560.457	60	60000	107.691	3539.12	3295.99	38628.4	40339.9	6.4506e-10	3.78227e-10	1.6506e-11	2.82281e-10	
236.591	179443	5555.52	565.001	60	60000	108.139	3579.03	3332.8	39021	40339.9	6.34136e-10	3.73397e-10	1.62759e-11	2.77776e-10	
239.354	183093	5461.45	569.847	60	60000	108.613	3621.49	3371.94	39435.2	40339.9	6.22531e-10	3.68243e-10	1.60332e-11	2.73073e-10	
242.116	186996	5363.02	575.035	60	60000	109.116	3666.83	3413.69	39873.9	40339.9	6.10173e-10	3.62728e-10	1.57764e-11	2.68151e-10	
244.878	191186	5259.75	580.611	60	60000	109.652	3715.41	3458.4	40340	40339.9	5.96986e-10	3.56807e-10	1.5504e-11	2.62988e-10	
247.64	195705	5151.19	586.626	60	60000	110.224	3767.65	3506.45	40837.1	40339.9	5.82887e-10	3.50432e-10	1.52142e-11	2.5756e-10	
250.402	200600	5036.85	593.14	60	60000	110.837	3824.02	3558.26	41369.2	40339.9	5.67791e-10	3.43548e-10	1.49052e-11	2.51842e-10	
252.689	204976	4937.45	598.956	60	60000	111.378	3874.18	3604.33	41839.3	40339.9	5.54478e-10	3.37423e-10	1.46335e-11	2.46872e-10	
254.976	209681	4833.46	605.201	60	60000	111.954	3927.86	3653.61	42339.3	40339.9	5.40375e-10	3.30872e-10	1.43462e-11	2.41673e-10	
257.263	214758	4724.62	611.92	60	60000	112.566	3985.4	3706.42	42872.2	40339.9	5.25438e-10	3.2386e-10	1.40421e-11	2.36231e-10	
259.549	220249	4610.68	619.161	60	60000	113.219	4047.19	3763.11	43441.5	40339.9	5.0963e-10	3.16347e-10	1.37202e-11	2.30534e-10	
261.836	226206	4491.45	626.977	60	60000	113.915	4113.63	3824.04	44050.6	40339.9	4.92926e-10	3.08296e-10	1.33793e-11	2.24572e-10	
264.123	232684	4366.79	635.422	60	60000	114.658	4185.13	3889.6	44703.6	40339.9	4.75314e-10	2.99671e-10	1.30185e-11	2.18339e-10	
265.974	238350	4261.89	642.753	60	60000	115.296	4246.98	3946.31	45267	40339.9	4.60402e-10	2.92249e-10	1.27117e-11	2.13094e-10	
267.824	244433	4153.42	650.557	60	60000	115.967	4312.62	4006.5	45864	40339.9	4.44922e-10	2.84419e-10	1.23912e-11	2.07671e-10	
269.675	250970	4041.49	658.862	60	60000	116.674	4382.25	4070.36	46496.9	40339.9	4.28907e-10	2.76173e-10	1.20572e-11	2.02074e-10	
271.526	257999	3926.25	667.687	60	60000	117.417	4456.04	4138.06	47167.9	40339.9	4.12406e-10	2.67509e-10	1.171e-11	1.96312e-10	
273.376	265560	3807.96	677.049	60	60000	118.196	4534.1	4209.71	47879.2	40339.9	3.95492e-10	2.58435e-10	1.135e-11	1.90398e-10	
275.227	273693	3686.95	686.957	60	60000	119.011	4616.52	4285.41	48632.7	40339.9	3.78253e-10	2.48969e-10	1.09782e-11	1.84348e-10	
277.077	282436	3563.7	697.407	60	60000	119.861	4703.28	4365.18	49429.9	40339.9	3.60803e-10	2.3914e-10	1.0596e-11	1.78185e-10	
278.56	289902	3463.73	706.158	60	60000	120.566	4775.84	4431.95	50100.7	40339.9	3.46762e-10	2.31036e-10	1.02834e-11	1.73187e-10	
280.042	297796	3363.01	715.234	60	60000	121.291	4851.04	4501.22	50800.6	40339.9	3.32746e-10	2.22755e-10	9.96636e-12	1.68151e-10	
281.524	306133	3261.92	724.613	60	60000	122.035	4928.73	4572.86	51529.7	40339.9	3.18834e-10	2.14334e-10	9.64605e-12	1.63096e-10	
283.006	314920	3160.87	734.267	60	60000	122.794	5008.7	4646.72	52287.6	40339.9	3.05113e-10	2.05813e-10	9.32393e-12	1.58044e-10	
284.488	324162	3060.31	744.159	60	60000	123.566	5090.71	4722.56	53073.6	40339.9	2.91669e-10	1.97238e-10	9.00154e-12	1.53015e-10	
285.97	333857	2960.68	754.244	60	60000	124.349	5174.45	4800.13	53886.5	40339.9	2.78584e-10	1.8866e-10	8.68057e-12	1.48034e-10	
287.452	343999	2862.48	764.473	60	60000	125.138	5259.55	4879.1	54724.8	40339.9	2.65939e-10	1.80131e-10	8.36271e-12	1.43124e-10	
288.934	354570	2766.15	774.789	60	60000	125.929	5345.61	4959.1	55586.2	40339.9	2.53807e-10	1.71705e-10	8.04971e-12	1.38308e-10	
290.416	365551	2672.15	785.129	60	60000	126.719	5432.18	5039.74	56468.1	40339.9	2.42248e-10	1.63438e-10	7.74326e-12	1.33608e-10	
291.899	376910	2580.89	795.431	60	60000	127.504	5518.79	5120.59	57367.5	40339.9	2.31313e-10	1.5538e-10	7.44495e-12	1.29045e-10	
293.381	388611	2492.76	805.629	60	60000	128.278	5604.96	5201.19	58280.8	40339.9	2.21038e-10	1.47579e-10	7.15626e-12	1.24638e-10	
294.863	400608	2408.07	815.658	60	60000	129.039	5690.19	5281.08	59204	40339.9	2.11446e-10	1.40077e-10	6.87845e-12	1.20404e-10	
296.345	412850	2327.1	825.459	60	60000	129.782	5774.01	5359.83	60133	40339.9	2.02546e-10	1.32909e-10	6.6126e-12	1.16355e-10	
297.827	425283	2250.04	834.976	60	60000	130.504	5855.98	5437	61063.3	40339.9	1.94336e-10	1.26103e-10	6.35956e-12	1.12502e-10	
299.309	437844	2177.05	844.16	60	60000	131.201	5935.68	5512.2	61990.4	40339.9	1.868e-10	1.19679e-10	6.11991e-12	1.08853e-10	
300.791	450473	2108.21	852.969	60	60000	131.871	6012.76	5585.07	62909.7	40339.9	1.79915e-10	1.13649e-10	5.89404e-12	1.05411e-10	
302.273	463104	2043.54	861.371	60	60000	132.511	6086.91	5655.31	63816.9	40339.9	1.73651e-10	1.08017e-10	5.68209e-12	1.02177e-10	
303.755	475674	1983.02	869.342	60	60000	133.121	6157.88	5722.67	64707.8	40339.9	1.6797e-10	1.02783e-10	5.48401e-12	9.91512e-11	
305.237	488124	1926.58	876.866	60	60000	133.699	6225.49	5786.96	65578.4	40339.9	1.62833e-10	9.79369e-11	5.29959e-12	9.63288e-11	
306.72	500393	1874.1	883.935	60	60000	134.244	6289.61	5848.03	66425.2	40339.9	1.582e-10	9.34682e-11	5.12846e-12	9.37048e-11	
308.369	513774	1820.17	891.267	60	60000	134.813	6356.78	5912.11	67336.2	40339.9	1.53584e-10	8.89184e-11	4.95303e-12	9.10086e-11	
310.019	526798	1770.76	898.044	60	60000	135.341	6419.52	5972.06	68210.3	40339.9	1.49484e-10	8.47904e-11	4.79268e-12	8.85379e-11	
311.669	539411	1725.6	904.281	60	60000	135.83	6477.85	6027.88	69044.9	40339.9	1.45846e-10	8.10561e-11	4.64652e-12	8.62801e-11	
313.318	551563	1684.43	909.999	60	60000	136.281	6531.89	6079.66	69837.8	40339.9	1.4262e-10	7.76863e-11	4.51363e-12	8.42217e-11	
314.968	563216	1646.98	915.225	60	60000	136.696	6581.77	6127.51	70587.7	40339.9	1.39761e-10	7.46514e-11	4.39306e-12	8.23491e-11	
316.617	574341	1612.97	919.988	60	60000	137.076	6627.66	6171.59	71293.8	40339.9	1.37226e-10	7.19226e-11	4.28386e-12	8.06486e-11	
318.594	586952	1576.37	925.129	60	60000	137.489	6677.69	6219.69	72082.5	40339.9	1.34564e-10	6.90162e-11	4.16666e-12	7.88183e-11	
320.572	598756	1543.88	929.704	60	60000	137.859	6722.67	6262.97	72809	40339.9	1.32256e-10	6.64645e-11	4.06293e-12	7.71938e-11	
322.549	609750	1515.08	933.764	60	60000	138.189	6762.98	6301.8	73475	40339.9	1.30253e-10	6.42261e-11	3.97125e-12	7.57539e-11	
324.526	619942	1489.59	937.361	60	60000	138.484	6799.02	6336.53	74083	40339.9	1.28513e-10	6.22635e-11	3.8903e-12	7.44793e-11	
326.503	629350	1467.04	940.544	60	60000	138.746	6831.17	6367.54	74635.8	40339.9	1.27e-10	6.05433e-11	3.81888e-12	7.3352e-11	
328.48	638002	1447.12	943.357	60	60000	138.979	6859.79	6395.15	75136.7	40339.9	1.25681e-10	5.90354e-11	3.7559e-12	7.23558e-11	
330.011	644204	1433.29	945.307	60	60000	139.141	6879.77	6414.43	75491.1	40339.9	1.24776e-10	5.79965e-11	3.71229e-12	7.16647e-11	
331.23	648841	1423.21	946.73	60	60000	139.259	6894.41	6428.58	75753.6	40339.9	1.24121e-10	5.72419e-11	3.6805e-12	7.11603e-11	
332.449	653224	1413.86	948.048	60	60000	139.37	6908.01	6441.72	75999.5	40339.9	1.23517e-10	5.65459e-11	3.65109e-12	7.06932e-11	
333.668	657361	1405.21	949.267	60	60000	139.472	6920.65	6453.91	76229.7	40339.9	1.22962e-10	5.59039e-11	3.62389e-12	7.02607e-11	
334.887	661262	1397.2	950.396	60	60000	139.567	6932.39	6465.25	76444.9	40339.9	1.2245e-10	5.53116e-11	3.59873e-12	6.98602e-11	
336.106	664937	1389.79	951.44	60	60000	139.654	6943.28	6475.77	76646.1	40339.9	1.21978e-10	5.4765e-11	3.57546e-12	6.94894e-11	
337.325	668397	1382.92	952.407	60	60000	139.736	6953.39	6485.54	76834	40339.9	1.21542e-10	5.42606e-11	3.55393e-12	6.91461e-11	
338.544	671650	1376.57	953.301	60	60000	139.812	6962.77	6494.6	77009.3	40339.9	1.21141e-10	5.37949e-11	3.53401e-12	6.88283e-11	
339.763	674708	1370.68	954.129	60	60000	139.882	6971.47	6503.01	77172.8	40339.9	1.2077e-10	5.3365e-11	3.51558e-12	6.8534e-11	
340.982	677579	1365.23	954.895	60	60000	139.947	6979.54	6510.81	77325.3	40339.9	1.20427e-10	5.2968e-11	3.49852e-12	6.82615e-11	
342.201	680273	1360.18	955.604	60	60000	140.007	6987.03	6518.05	77467.3	40339.9	1.20111e-10	5.26012e-11	3.48275e-12	6.80092e-11	
343.42	682799	1355.51	956.26	60	60000	140.063	6993.97	6524.76	77599.5	40339.9	1.19819e-10	5.22624e-11	3.46814e-12	6.77756e-11	
344.639	685167	1351.18	956.867	60	60000	140.114	7000.41	6530.99	77722.6	40339.9	1.19548e-10	5.19492e-11	3.45463e-12	6.75592e-11	
345.858	687384	1347.18	957.429	60	60000	140.162	7006.39	6536.76	77837.1	40339.9	1.19298e-10	5.16599e-11	3.44212e-12	6.73589e-11	
347.077	689460	1343.47	957.949	60	60000	140.207	7011.92	6542.11	77943.7	40339.9	1.19067e-10	5.13923e-11	3.43054e-12	6.71733e-11	
349.218	692786	1337.6	958.771	60	60000	140.277	7020.69	6550.59	78113	40339.9	1.18702e-10	5.09703e-11	3.41224e-12	6.688e-11	
351.359	695741	1332.47	959.489	60	60000	140.338	7028.37	6558.01	78261.8	40339.9	1.18383e-10	5.06024e-11	3.39626e-12	6.66235e-11	
353.499	698364	1327.98	960.117	60	60000	140.392	7035.09	6564.51	78392.6	40339.9	1.18105e-10	5.02813e-11	3.38229e-12	6.63992e-11	
355.64	700687	1324.06	960.665	60	60000	140.439	7040.98	6570.2	78507.5	40339.9	1.17861e-10	5.00011e-11	3.37008e-12	6.6203e-11	
357.781	702744	1320.63	961.145	60	60000	140.481	7046.14	6575.18	78608.3	40339.9	1.17648e-10	4.97564e-11	3.35939e-12	6.60314e-11	
360.354	704905	1317.06	961.642	60	60000	140.523	7051.5	6580.36	78713.3	40339.9	1.17427e-10	4.95027e-11	3.34831e-12	6.58532e-11	
362.928	706767	1314.03	962.066	60	60000	140.56	7056.07	6584.78	78802.9	40339.9	1.17239e-10	4.92869e-11	3.33887e-12	6.57013e-11	
365.501	708369	1311.44	962.427	60	60000	140.591	7059.97	6588.55	78879.5	40339.9	1.17078e-10	4.91033e-11	3.33083e-12	6.55719e-11	
368.075	709748	1309.23	962.735	60	60000	140.618	7063.29	6591.77	78944.9	40339.9	1.16941e-10	4.89468e-11	3.32397e-12	6.54615e-11	
370.648	710932	1307.35	962.997	60	60000	140.64	7066.13	6594.51	79000.7	40339.9	1.16824e-10	4.88135e-11	3.31812e-12	6.53674e-11	
373.221	711950	1305.74	963.221	60	60000	140.66	7068.56	6596.85	79048.3	40339.9	1.16724e-10	4.86998e-11	3.31313e-12	6.5287e-11	
377.098	713216	1303.75	963.497	60	60000	140.683	7071.55	6599.75	79107.2	40339.9	1.166e-10	4.85594e-11	3.30696e-12	6.51877e-11	
380.974	714221	1302.19	963.715	60	60000	140.702	7073.92	6602.03	79153.7	40339.9	1.16503e-10	4.84489e-11	3.3021e-12	6.51094e-11	
384.85	715018	1300.95	963.887	60	60000	140.717	7075.78	6603.83	79190.3	40339.9	1.16426e-10	4.83618e-11	3.29827e-12	6.50477e-11	
388.726	715649	1299.98	964.022	60	60000	140.729	7077.25	6605.25	79219.1	40339.9	1.16365e-10	4.82932e-11	3.29525e-12	6.4999e-11	
392.602	716149	1299.21	964.129	60	60000	140.738	7078.41	6606.37	79241.8	40339.9	1.16317e-10	4.82391e-11	3.29287e-12	6.49606e-11	
396.478	716544	1298.61	964.213	60	60000	140.745	7079.33	6607.26	79259.8	40339.9	1.16279e-10	4.81964e-11	3.29099e-12	6.49304e-11	
401.46	716934	1298.01	964.295	60	60000	140.752	7080.23	6608.13	79277.4	40339.9	1.16242e-10	4.81545e-11	3.28915e-12	6.49006e-11	
406.442	717222	1297.57	964.356	60	60000	140.758	7080.89	6608.77	79290.3	40339.9	1.16215e-10	4.81236e-11	3.28779e-12	6.48787e-11	
411.425	717434	1297.25	964.401	60	60000	140.762	7081.38	6609.24	79299.9	40339.9	1.16194e-10	4.81008e-11	3.28678e-12	6.48625e-11	
416.407	717592	1297.01	964.435	60	60000	140.765	7081.74	6609.59	79307	40339.9	1.16179e-10	4.80839e-11	3.28604e-12	6.48505e-11	
421.389	717708	1296.83	964.459	60	60000	140.767	7082.01	6609.85	79312.2	40339.9	1.16168e-10	4.80715e-11	3.28549e-12	6.48417e-11	
426.371	717794	1296.7	964.477	60	60000	140.768	7082.2	6610.04	79316.1	40339.9	1.1616e-10	4.80623e-11	3.28509e-12	6.48352e-11	
431.354	717858	1296.61	964.491	60	60000	140.769	7082.35	6610.18	79318.9	40339.9	1.16154e-10	4.80555e-11	3.28479e-12	6.48303e-11	
432.158	717866	1296.59	964.492	60	60000	140.77	7082.37	6610.2	79319.3	40339.9	1.16153e-10	4.80546e-11	3.28475e-12	6.48297e-11	
432.962	717874	1296.58	964.494	60	60000	140.77	7082.39	6610.22	79319.6	40339.9	1.16153e-10	4.80538e-11	3.28471e-12	6.48291e-11	
433.766	717882	1296.57	964.496	60	60000	140.77	7082.41	6610.23	79320	40339.9	1.16152e-10	4.80529e-11	3.28467e-12	6.48285e-11	
434.57	717890	1296.56	964.497	60	60000	140.77	7082.42	6610.25	79320.3	40339.9	1.16151e-10	4.80521e-11	3.28464e-12	6.48279e-11	
435.375	717897	1296.55	964.499	60	60000	140.77	7082.44	6610.27	79320.6	40339.9	1.1615e-10	4.80514e-11	3.2846e-12	6.48274e-11	
436.599	717907	1296.53	964.501	60	60000	140.77	7082.46	6610.29	79321.1	40339.9	1.16149e-10	4.80503e-11	3.28456e-12	6.48266e-11	
437.824	717916	1296.52	964.503	60	60000	140.77	7082.48	6610.31	79321.5	40339.9	1.16149e-10	4.80493e-11	3.28451e-12	6.48259e-11	
439.049	717925	1296.5	964.505	60	60000	140.771	7082.5	6610.33	79321.9	40339.9	1.16148e-10	4.80484e-11	3.28447e-12	6.48252e-11	
440.273	717933	1296.49	964.506	60	60000	140.771	7082.52	6610.35	79322.3	40339.9	1.16147e-10	4.80475e-11	3.28443e-12	6.48246e-11	
441.498	717940	1296.48	964.508	60	60000	140.771	7082.54	6610.36	79322.6	40339.9	1.16146e-10	4.80467e-11	3.2844e-12	6.48241e-11	
443.685	717952	1296.46	964.511	60	60000	140.771	7082.57	6610.39	79323.1	40339.9	1.16145e-10	4.80454e-11	3.28434e-12	6.48232e-11	
445.872	717963	1296.45	964.513	60	60000	140.771	7082.59	6610.41	79323.6	40339.9	1.16144e-10	4.80443e-11	3.28429e-12	6.48224e-11	
448.059	717972	1296.43	964.515	60	60000	140.772	7082.61	6610.43	79324	40339.9	1.16143e-10	4.80433e-11	3.28425e-12	6.48217e-11	
450.246	717980	1296.42	964.516	60	60000	140.772	7082.63	6610.45	79324.4	40339.9	1.16142e-10	4.80424e-11	3.28421e-12	6.4821e-11	
456.297	717998	1296.39	964.52	60	60000	140.772	7082.67	6610.49	79325.2	40339.9	1.16141e-10	4.80406e-11	3.28413e-12	6.48197e-11	
462.348	718010	1296.38	964.523	60	60000	140.772	7082.7	6610.52	79325.7	40339.9	1.1614e-10	4.80393e-11	3.28407e-12	6.48188e-11	
468.399	718018	1296.36	964.524	60	60000	140.772	7082.72	6610.54	79326.1	40339.9	1.16139e-10	4.80384e-11	3.28403e-12	6.48182e-11	
474.45	718024	1296.35	964.526	60	60000	140.772	7082.73	6610.55	79326.3	40339.9	1.16138e-10	4.80378e-11	3.28401e-12	6.48177e-11	
482.495	718029	1296.35	964.527	60	60000	140.773	7082.74	6610.56	79326.6	40339.9	1.16138e-10	4.80373e-11	3.28398e-12	6.48173e-11	
490.54	718032	1296.34	964.527	60	60000	140.773	7082.75	6610.57	79326.7	40339.9	1.16138e-10	4.80369e-11	3.28397e-12	6.48171e-11	
498.585	718034	1296.34	964.528	60	60000	140.773	7082.76	6610.57	79326.8	40339.9	1.16137e-10	4.80367e-11	3.28396e-12	6.48169e-11	
500	718035	1296.34	964.528	60	60000	140.773	7082.76	6610.57	79326.8	40339.9	1.16137e-10	4.80367e-11	3.28395e-12	6.48169e-11	
