# Time	[Z]	[mu2]	[mZ]	[mF]	[F]	[mP]	[PE]	[PG]	[PM]	[STAT]	(R3).Flux	(R4).Flux	(R5).Flux	(R6).Flux	
0	4303.06	20616	48.1289	538.299	538299	286.42	4455.21	4158.2	49898.4	2.45454e+06	9.27884e-10	9.35153e-11	1.36171e-10	9.79261e-10	
1e-09	4303.06	20616	48.1289	538.299	538299	286.42	4455.21	4158.2	49898.4	2.45454e+06	9.27884e-10	9.35153e-11	1.36171e-10	9.79261e-10	
2e-09	4303.06	20616	48.1289	538.299	538299	286.42	4455.21	4158.2	49898.4	2.45454e+06	9.27884e-10	9.35153e-11	1.36171e-10	9.79261e-10	
1.0002e-05	4303.06	20616	48.1291	538.299	538299	286.42	4455.21	4158.2	49898.4	2.45454e+06	9.27884e-10	9.35156e-11	1.36171e-10	9.79261e-10	
2.0002e-05	4303.06	20616	48.1293	538.299	538299	286.42	4455.21	4158.2	49898.4	2.45454e+06	9.27884e-10	9.35159e-11	1.36171e-10	9.79261e-10	
3.0002e-05	4303.06	20616	48.1295	538.299	538299	286.42	4455.21	4158.2	49898.4	2.45454e+06	9.27884e-10	9.35163e-11	1.36171e-10	9.79261e-10	
0.000130002	4303.06	20616	48.1312	538.299	538299	286.42	4455.21	4158.2	49898.4	2.45454e+06	9.27884e-10	9.35196e-11	1.36171e-10	9.79259e-10	
0.000230002	4303.06	20616	48.133	538.299	538299	286.42	4455.21	4158.2	49898.4	2.45454e+06	9.27884e-10	9.3523e-11	1.36171e-10	9.79258e-10	
0.000330002	4303.06	20615.9	48.1347	538.299	538299	286.42	4455.21	4158.2	49898.4	2.45454e+06	9.27884e-10	9.35263e-11	1.36171e-10	9.79257e-10	
0.000430002	4303.06	20615.9	48.1365	538.299	538299	286.42	4455.21	4158.2	49898.4	2.45454e+06	9.27884e-10	9.35296e-11	1.36171e-10	9.79255e-10	
0.00143	4303.06	20615.6	48.1539	538.299	538299	286.42	4455.21	4158.2	49898.4	2.45454e+06	9.27884e-10	9.3563e-11	1.3617e-10	9.79242e-10	
0.00243	4303.06	20615.3	48.1713	538.299	538299	286.42	4455.21	4158.2	49898.4	2.45454e+06	9.27884e-10	9.35963e-11	1.36169e-10	9.79229e-10	
0.00343	4303.06	20615.1	48.1887	538.299	538299	286.42	4455.21	4158.2	49898.4	2.45454e+06	9.27884e-10	9.36296e-11	1.36168e-10	9.79215e-10	
0.00443	4303.06	20614.8	48.2061	538.299	538299	286.42	4455.21	4158.2	49898.4	2.45454e+06	9.27884e-10	9.36628e-11	1.36166e-10	9.79202e-10	
0.01443	4303.08	20612	48.3786	538.299	538299	286.42	4455.22	4158.2	49898.4	2.45454e+06	9.27884e-10	9.39924e-11	1.36155e-10	9.79068e-10	
0.02443	4303.11	20609.2	48.5486	538.299	538299	286.42	4455.23	4158.2	49898.4	2.45454e+06	9.27884e-10	9.43173e-11	1.36144e-10	9.78935e-10	
0.03443	4303.16	20606.3	48.7162	538.299	538299	286.42	4455.25	4158.2	49898.4	2.45454e+06	9.27884e-10	9.46375e-11	1.36133e-10	9.78801e-10	
0.04443	4303.22	20603.5	48.8815	538.299	538299	286.421	4455.28	4158.2	49898.4	2.45454e+06	9.27884e-10	9.4953e-11	1.36122e-10	9.78667e-10	
0.05443	4303.29	20600.7	49.0445	538.299	538299	286.421	4455.31	4158.2	49898.4	2.45454e+06	9.27884e-10	9.52641e-11	1.36111e-10	9.78533e-10	
0.15443	4304.85	20572.4	50.5538	538.299	538299	286.432	4455.98	4158.26	49898.4	2.45454e+06	9.27884e-10	9.81385e-11	1.36002e-10	9.7719e-10	
0.25443	4307.7	20544	51.8654	538.299	538299	286.451	4457.21	4158.46	49898.4	2.45454e+06	9.27884e-10	1.00626e-10	1.35897e-10	9.75841e-10	
0.35443	4311.68	20515.5	53.0064	538.299	538299	286.478	4458.95	4158.86	49898.5	2.45454e+06	9.27884e-10	1.02778e-10	1.35795e-10	9.74488e-10	
0.45443	4316.63	20487	53.9999	538.299	538299	286.513	4461.14	4159.49	49898.7	2.45454e+06	9.27883e-10	1.04643e-10	1.35697e-10	9.73132e-10	
0.55443	4322.41	20458.4	54.8661	538.299	538299	286.554	4463.73	4160.39	49899	2.45454e+06	9.27883e-10	1.06258e-10	1.35601e-10	9.71775e-10	
0.65443	4328.93	20429.9	55.6224	538.299	538299	286.602	4466.67	4161.57	49899.5	2.45454e+06	9.27883e-10	1.07658e-10	1.35507e-10	9.70418e-10	
0.825486	4341.5	20381	56.7031	538.299	538299	286.695	4472.41	4164.24	49900.8	2.45454e+06	9.27883e-10	1.09637e-10	1.35354e-10	9.68098e-10	
0.996541	4355.53	20332.3	57.5669	538.299	538299	286.802	4478.9	4167.72	49903.1	2.45454e+06	9.27883e-10	1.11193e-10	1.35206e-10	9.65784e-10	
1.1676	4370.7	20283.8	58.2618	538.299	538299	286.92	4486.01	4171.97	49906.5	2.45454e+06	9.27883e-10	1.12419e-10	1.35063e-10	9.63479e-10	
1.33865	4386.77	20235.5	58.8255	538.299	538299	287.047	4493.62	4176.92	49911.3	2.45454e+06	9.27883e-10	1.1339e-10	1.34926e-10	9.61185e-10	
1.50971	4403.56	20187.4	59.2871	538.299	538299	287.182	4501.64	4182.49	49917.4	2.45454e+06	9.27883e-10	1.14162e-10	1.34792e-10	9.58903e-10	
1.68076	4420.91	20139.7	59.6693	538.299	538299	287.324	4510	4188.62	49925.3	2.45454e+06	9.27883e-10	1.1478e-10	1.34662e-10	9.56636e-10	
1.85182	4438.7	20092.3	59.9898	538.299	538299	287.471	4518.63	4195.22	49934.8	2.45454e+06	9.27883e-10	1.15279e-10	1.34535e-10	9.54383e-10	
2.02287	4456.85	20045.2	60.2624	538.299	538299	287.623	4527.47	4202.24	49946.2	2.45454e+06	9.27883e-10	1.15684e-10	1.34411e-10	9.52146e-10	
2.19393	4475.29	19998.4	60.4977	538.299	538299	287.778	4536.49	4209.61	49959.5	2.45454e+06	9.27883e-10	1.16017e-10	1.3429e-10	9.49925e-10	
2.36498	4493.97	19952	60.7042	538.299	538299	287.936	4545.65	4217.28	49974.8	2.45454e+06	9.27883e-10	1.16295e-10	1.3417e-10	9.4772e-10	
2.56361	4515.88	19898.6	60.9163	538.299	538299	288.122	4556.43	4226.49	49995	2.45454e+06	9.27883e-10	1.16564e-10	1.34034e-10	9.45181e-10	
2.76224	4538.01	19845.6	61.106	538.299	538299	288.311	4567.31	4235.97	50017.8	2.45454e+06	9.27882e-10	1.16789e-10	1.33899e-10	9.42665e-10	
2.96086	4560.3	19793.1	61.279	538.299	538299	288.501	4578.28	4245.67	50043.5	2.45454e+06	9.27882e-10	1.16983e-10	1.33767e-10	9.40172e-10	
3.15949	4582.73	19741.1	61.4399	538.299	538299	288.693	4589.3	4255.54	50071.7	2.45454e+06	9.27882e-10	1.17154e-10	1.33637e-10	9.37702e-10	
3.35811	4605.28	19689.6	61.5917	538.299	538299	288.886	4600.35	4265.54	50102.7	2.45454e+06	9.27882e-10	1.17307e-10	1.33508e-10	9.35254e-10	
3.55674	4627.93	19638.5	61.7371	538.299	538299	289.079	4611.43	4275.64	50136.3	2.45454e+06	9.27882e-10	1.17448e-10	1.3338e-10	9.3283e-10	
3.79804	4655.56	19577.2	61.9074	538.299	538299	289.314	4624.9	4288.01	50180.6	2.45454e+06	9.27882e-10	1.17608e-10	1.33227e-10	9.29915e-10	
4.03934	4683.32	19516.5	62.0733	538.299	538299	289.548	4638.35	4300.44	50228.6	2.45454e+06	9.27882e-10	1.17759e-10	1.33075e-10	9.27033e-10	
4.28064	4711.19	19456.5	62.2362	538.299	538299	289.783	4651.79	4312.92	50280.2	2.45454e+06	9.27882e-10	1.17905e-10	1.32925e-10	9.24184e-10	
4.52194	4739.15	19397.2	62.3974	538.299	538299	290.016	4665.19	4325.41	50335.3	2.45454e+06	9.27881e-10	1.18048e-10	1.32776e-10	9.21368e-10	
4.76325	4767.22	19338.6	62.5577	538.299	538299	290.249	4678.54	4337.9	50393.8	2.45454e+06	9.27881e-10	1.18189e-10	1.32629e-10	9.18584e-10	
5.07176	4803.24	19264.6	62.7623	538.299	538299	290.546	4695.55	4353.84	50473.3	2.45454e+06	9.27881e-10	1.1837e-10	1.32443e-10	9.1507e-10	
5.38028	4839.41	19191.7	62.9673	538.299	538299	290.84	4712.46	4369.73	50557.8	2.45454e+06	9.27881e-10	1.18552e-10	1.32258e-10	9.11608e-10	
5.6888	4875.73	19119.9	63.1732	538.299	538299	291.133	4729.27	4385.56	50647.1	2.45454e+06	9.27881e-10	1.18736e-10	1.32076e-10	9.08196e-10	
5.99731	4912.19	19049.1	63.3804	538.299	538299	291.423	4745.98	4401.3	50740.9	2.45454e+06	9.27881e-10	1.18922e-10	1.31895e-10	9.04833e-10	
6.30583	4948.81	18979.4	63.589	538.299	538299	291.711	4762.58	4416.96	50839	2.45454e+06	9.2788e-10	1.19112e-10	1.31716e-10	9.0152e-10	
6.68357	4993.85	18895.3	63.8467	538.299	538299	292.061	4782.75	4436	50964.6	2.45454e+06	9.2788e-10	1.1935e-10	1.31499e-10	8.97528e-10	
7.06132	5039.12	18812.8	64.107	538.299	538299	292.407	4802.74	4454.89	51095.9	2.45454e+06	9.2788e-10	1.19593e-10	1.31285e-10	8.93607e-10	
7.43906	5084.61	18731.7	64.3701	538.299	538299	292.75	4822.56	4473.62	51232.3	2.45454e+06	9.27879e-10	1.19842e-10	1.31074e-10	8.89754e-10	
7.81681	5130.35	18652	64.6361	538.299	538299	293.089	4842.21	4492.2	51373.5	2.45454e+06	9.27879e-10	1.20097e-10	1.30865e-10	8.8597e-10	
8.19428	5176.28	18573.8	64.9047	538.299	538299	293.425	4861.66	4510.59	51519.1	2.45454e+06	9.27879e-10	1.20358e-10	1.30658e-10	8.82255e-10	
8.57175	5222.46	18496.9	65.1763	538.299	538299	293.757	4880.93	4528.82	51668.7	2.45454e+06	9.27879e-10	1.20625e-10	1.30454e-10	8.78604e-10	
8.94922	5268.88	18421.4	65.4509	538.299	538299	294.085	4900.02	4546.89	51822.1	2.45454e+06	9.27878e-10	1.20898e-10	1.30252e-10	8.75017e-10	
9.3267	5315.54	18347.2	65.7285	538.299	538299	294.41	4918.94	4564.79	51979	2.45454e+06	9.27878e-10	1.21178e-10	1.30053e-10	8.71493e-10	
9.98158	5397.1	18221.5	66.2174	538.299	538299	294.965	4951.33	4595.44	52258.3	2.45454e+06	9.27877e-10	1.21678e-10	1.29713e-10	8.65523e-10	
10.6365	5479.43	18099.6	66.7158	538.299	538299	295.51	4983.18	4625.6	52545.7	2.45454e+06	9.27877e-10	1.22197e-10	1.29379e-10	8.5973e-10	
11.2913	5562.55	17981.2	67.2239	538.299	538299	296.044	5014.5	4655.26	52839.8	2.45454e+06	9.27876e-10	1.22736e-10	1.29053e-10	8.54109e-10	
11.9462	5646.47	17866.4	67.7418	538.299	538299	296.569	5045.29	4684.41	53139.3	2.45454e+06	9.27876e-10	1.23295e-10	1.28733e-10	8.48653e-10	
12.9296	5774.05	17700.2	68.5385	538.299	538299	297.337	5090.55	4727.27	53597.2	2.45454e+06	9.27875e-10	1.24172e-10	1.28265e-10	8.40758e-10	
13.913	5903.55	17541.1	69.3586	538.299	538299	298.083	5134.64	4769.04	54061.8	2.45454e+06	9.27874e-10	1.25095e-10	1.27811e-10	8.33203e-10	
14.1588	5936.24	17502.4	69.5673	538.299	538299	298.266	5145.48	4779.32	54178.7	2.45454e+06	9.27873e-10	1.25333e-10	1.27699e-10	8.31365e-10	
14.4046	5969.05	17464.1	69.7776	538.299	538299	298.448	5156.25	4789.52	54295.8	2.45454e+06	9.27873e-10	1.25574e-10	1.27589e-10	8.29547e-10	
14.6505	6001.99	17426.3	69.9895	538.299	538299	298.628	5166.95	4799.66	54413.1	2.45454e+06	9.27873e-10	1.25818e-10	1.27479e-10	8.27749e-10	
14.8963	6035.05	17388.8	70.2029	538.299	538299	298.808	5177.59	4809.73	54530.5	2.45454e+06	9.27873e-10	1.26065e-10	1.27371e-10	8.2597e-10	
15.123	6065.65	17354.7	70.401	538.299	538299	298.972	5187.32	4818.95	54638.9	2.45454e+06	9.27872e-10	1.26296e-10	1.27271e-10	8.24346e-10	
15.3496	6096.36	17320.8	70.6004	538.299	538299	299.135	5197	4828.13	54747.3	2.45454e+06	9.27872e-10	1.26528e-10	1.27172e-10	8.22739e-10	
15.5762	6127.17	17287.3	70.8012	538.299	538299	299.296	5206.63	4837.24	54855.8	2.45454e+06	9.27872e-10	1.26764e-10	1.27074e-10	8.21147e-10	
15.9395	6176.81	17234.3	71.1259	538.299	538299	299.553	5221.93	4851.74	55029.7	2.45454e+06	9.27871e-10	1.27147e-10	1.26918e-10	8.18628e-10	
16.3028	6226.75	17182.1	71.4541	538.299	538299	299.808	5237.08	4866.09	55203.6	2.45454e+06	9.27871e-10	1.27537e-10	1.26764e-10	8.16149e-10	
16.6661	6276.97	17130.7	71.786	538.299	538299	300.059	5252.09	4880.31	55377.3	2.45454e+06	9.2787e-10	1.27933e-10	1.26612e-10	8.13707e-10	
17.4281	6383.3	17025.4	72.4937	538.299	538299	300.578	5283.08	4909.68	55740.9	2.45454e+06	9.27869e-10	1.28787e-10	1.26298e-10	8.08708e-10	
18.19	6490.98	16923.5	73.2179	538.299	538299	301.085	5313.45	4938.45	56102.9	2.45454e+06	9.27868e-10	1.29671e-10	1.25991e-10	8.03866e-10	
18.3805	6518.12	16898.5	73.4016	538.299	538299	301.21	5320.95	4945.56	56193.1	2.45454e+06	9.27868e-10	1.29896e-10	1.25915e-10	8.0268e-10	
18.571	6545.35	16873.7	73.5864	538.299	538299	301.335	5328.4	4952.62	56283.1	2.45454e+06	9.27868e-10	1.30124e-10	1.2584e-10	8.01503e-10	
18.7614	6572.67	16849.2	73.7722	538.299	538299	301.458	5335.82	4959.65	56373	2.45454e+06	9.27868e-10	1.30354e-10	1.25766e-10	8.00335e-10	
18.9519	6600.07	16824.8	73.959	538.299	538299	301.581	5343.21	4966.65	56462.7	2.45454e+06	9.27867e-10	1.30586e-10	1.25691e-10	7.99176e-10	
19.1281	6625.51	16802.4	74.1329	538.299	538299	301.694	5350	4973.08	56545.5	2.45454e+06	9.27867e-10	1.30802e-10	1.25623e-10	7.98112e-10	
19.3044	6651.03	16780.1	74.3077	538.299	538299	301.807	5356.77	4979.49	56628.2	2.45454e+06	9.27867e-10	1.3102e-10	1.25555e-10	7.97055e-10	
19.4806	6676.62	16758	74.4834	538.299	538299	301.919	5363.5	4985.87	56710.8	2.45454e+06	9.27866e-10	1.31239e-10	1.25487e-10	7.96006e-10	
20.0975	6766.84	16681.9	75.1062	538.299	538299	302.306	5386.83	5007.97	56998.4	2.45454e+06	9.27866e-10	1.32021e-10	1.25253e-10	7.92392e-10	
20.7144	6858.07	16607.7	75.7409	538.299	538299	302.687	5409.78	5029.71	57283.9	2.45454e+06	9.27865e-10	1.32825e-10	1.25023e-10	7.88866e-10	
20.8686	6881.03	16589.4	75.9014	538.299	538299	302.781	5415.46	5035.08	57354.9	2.45454e+06	9.27864e-10	1.33029e-10	1.24967e-10	7.87998e-10	
21.0228	6904.06	16571.3	76.0628	538.299	538299	302.875	5421.12	5040.44	57425.7	2.45454e+06	9.27864e-10	1.33235e-10	1.2491e-10	7.87136e-10	
21.1771	6927.15	16553.2	76.2249	538.299	538299	302.968	5426.75	5045.78	57496.5	2.45454e+06	9.27864e-10	1.33442e-10	1.24854e-10	7.86278e-10	
21.4059	6961.54	16526.6	76.4668	538.299	538299	303.106	5435.07	5053.66	57601.1	2.45454e+06	9.27863e-10	1.33751e-10	1.24771e-10	7.85015e-10	
21.6347	6996.07	16500.3	76.7105	538.299	538299	303.243	5443.34	5061.49	57705.3	2.45454e+06	9.27863e-10	1.34064e-10	1.24688e-10	7.83763e-10	
21.8636	7030.75	16474.2	76.956	538.299	538299	303.378	5451.56	5069.28	57809.3	2.45454e+06	9.27863e-10	1.3438e-10	1.24606e-10	7.82522e-10	
22.2709	7092.85	16428.2	77.3972	538.299	538299	303.618	5466.07	5083.02	57993.3	2.45454e+06	9.27862e-10	1.3495e-10	1.24462e-10	7.80341e-10	
22.6782	7155.43	16383	77.8441	538.299	538299	303.855	5480.44	5096.62	58176.2	2.45454e+06	9.27861e-10	1.35529e-10	1.24319e-10	7.78192e-10	
23.0855	7218.49	16338.5	78.2969	538.299	538299	304.09	5494.66	5110.08	58357.9	2.45454e+06	9.2786e-10	1.36119e-10	1.24177e-10	7.76077e-10	
23.8117	7332.16	16260.7	79.1185	538.299	538299	304.501	5519.65	5133.74	58678.6	2.45454e+06	9.27859e-10	1.37195e-10	1.23929e-10	7.72384e-10	
24.5378	7447.46	16185	79.9595	538.299	538299	304.904	5544.19	5156.96	58995.3	2.45454e+06	9.27857e-10	1.38305e-10	1.23686e-10	7.68787e-10	
25.2639	7564.47	16111.2	80.8205	538.299	538299	305.3	5568.31	5179.79	59307.8	2.45454e+06	9.27856e-10	1.39448e-10	1.23447e-10	7.65283e-10	
25.99	7683.24	16039.3	81.7021	538.299	538299	305.688	5592.01	5202.21	59616	2.45454e+06	9.27854e-10	1.40626e-10	1.23213e-10	7.61866e-10	
26.1873	7715.81	16020	81.9452	538.299	538299	305.792	5598.39	5208.23	59699	2.45454e+06	9.27854e-10	1.40952e-10	1.2315e-10	7.60952e-10	
26.3846	7748.53	16000.9	82.1899	538.299	538299	305.896	5604.73	5214.23	59781.7	2.45454e+06	9.27853e-10	1.4128e-10	1.23087e-10	7.60044e-10	
26.5818	7781.38	15981.9	82.4363	538.299	538299	305.999	5611.04	5220.2	59864.1	2.45454e+06	9.27853e-10	1.41612e-10	1.23025e-10	7.59142e-10	
26.937	7840.89	15948.1	82.884	538.299	538299	306.184	5622.34	5230.88	60011.6	2.45454e+06	9.27852e-10	1.42215e-10	1.22914e-10	7.57533e-10	
27.2923	7900.87	15914.6	83.337	538.299	538299	306.367	5633.56	5241.48	60158.1	2.45454e+06	9.27851e-10	1.42827e-10	1.22803e-10	7.55942e-10	
27.6475	7961.31	15881.5	83.7955	538.299	538299	306.548	5644.68	5251.99	60303.5	2.45454e+06	9.2785e-10	1.43449e-10	1.22694e-10	7.5437e-10	
28.8269	8165.45	15774.2	85.3577	538.299	538299	307.14	5681.01	5286.31	60779.2	2.45454e+06	9.27847e-10	1.45576e-10	1.22336e-10	7.49274e-10	
29.1217	8217.35	15748	85.7583	538.299	538299	307.285	5689.96	5294.76	60896.3	2.45454e+06	9.27846e-10	1.46124e-10	1.22248e-10	7.48028e-10	
29.4166	8269.61	15722	86.1629	538.299	538299	307.43	5698.85	5303.16	61012.7	2.45454e+06	9.27845e-10	1.46679e-10	1.22161e-10	7.46793e-10	
29.7114	8322.23	15696.2	86.5717	538.299	538299	307.573	5707.69	5311.5	61128.5	2.45454e+06	9.27845e-10	1.4724e-10	1.22074e-10	7.45569e-10	
30.0063	8375.22	15670.6	86.9847	538.299	538299	307.716	5716.48	5319.8	61243.6	2.45454e+06	9.27844e-10	1.47808e-10	1.21987e-10	7.44355e-10	
30.2073	8411.57	15653.3	87.2688	538.299	538299	307.812	5722.45	5325.43	61321.6	2.45454e+06	9.27843e-10	1.48199e-10	1.21929e-10	7.43533e-10	
30.4084	8448.1	15636.1	87.5549	538.299	538299	307.909	5728.39	5331.03	61399.4	2.45454e+06	9.27843e-10	1.48593e-10	1.21871e-10	7.42716e-10	
30.6094	8484.8	15619	87.8431	538.299	538299	308.005	5734.31	5336.62	61476.8	2.45454e+06	9.27842e-10	1.48991e-10	1.21812e-10	7.41903e-10	
31.2876	8609.95	15562	88.8303	538.299	538299	308.325	5754.12	5355.3	61735.7	2.45454e+06	9.2784e-10	1.50356e-10	1.21618e-10	7.39195e-10	
31.9657	8737.24	15506	89.8419	538.299	538299	308.642	5773.7	5373.76	61991.1	2.45454e+06	9.27837e-10	1.5176e-10	1.21426e-10	7.36534e-10	
32.6439	8866.75	15450.9	90.8787	538.299	538299	308.954	5793.06	5392	62243.2	2.45454e+06	9.27835e-10	1.53203e-10	1.21236e-10	7.33919e-10	
33.322	8998.59	15396.7	91.9416	538.299	538299	309.263	5812.22	5410.04	62491.8	2.45454e+06	9.27833e-10	1.54686e-10	1.21048e-10	7.31345e-10	
33.5255	9038.62	15380.7	92.2658	538.299	538299	309.355	5817.93	5415.41	62565.8	2.45454e+06	9.27832e-10	1.55139e-10	1.20992e-10	7.30581e-10	
33.729	9078.87	15364.6	92.5925	538.299	538299	309.447	5823.62	5420.77	62639.5	2.45454e+06	9.27831e-10	1.55596e-10	1.20937e-10	7.2982e-10	
33.9326	9119.34	15348.7	92.9217	538.299	538299	309.538	5829.3	5426.11	62712.9	2.45454e+06	9.2783e-10	1.56057e-10	1.20881e-10	7.29063e-10	
34.6256	9258.89	15294.9	94.062	538.299	538299	309.847	5848.52	5444.19	62960.9	2.45454e+06	9.27828e-10	1.57656e-10	1.20693e-10	7.26509e-10	
35.3187	9401.18	15241.9	95.2328	538.299	538299	310.153	5867.57	5462.1	63205.6	2.45454e+06	9.27825e-10	1.59301e-10	1.20506e-10	7.2399e-10	
36.0118	9546.32	15189.6	96.4354	538.299	538299	310.456	5886.47	5479.86	63447.4	2.45454e+06	9.27822e-10	1.60994e-10	1.20321e-10	7.21506e-10	
36.7049	9694.45	15137.9	97.671	538.299	538299	310.757	5905.23	5497.48	63686.2	2.45454e+06	9.27818e-10	1.62736e-10	1.20137e-10	7.19051e-10	
37.1952	9801.12	15101.7	98.566	538.299	538299	310.968	5918.44	5509.87	63853.5	2.45454e+06	9.27816e-10	1.64e-10	1.20007e-10	7.17332e-10	
37.6856	9909.42	15065.8	99.4787	538.299	538299	311.178	5931.59	5522.21	64019.4	2.45454e+06	9.27813e-10	1.6529e-10	1.19878e-10	7.15626e-10	
38.1759	10019.4	15030.1	100.41	538.299	538299	311.387	5944.7	5534.49	64184	2.45454e+06	9.27811e-10	1.66607e-10	1.1975e-10	7.13932e-10	
39.2855	10274.6	14950.3	102.587	538.299	538299	311.858	5974.21	5562.13	64552.1	2.45454e+06	9.27805e-10	1.69691e-10	1.1946e-10	7.10139e-10	
39.5628	10339.8	14930.5	103.147	538.299	538299	311.975	5981.56	5569.02	64643.2	2.45454e+06	9.27803e-10	1.70485e-10	1.19388e-10	7.09199e-10	
39.8402	10405.7	14910.8	103.713	538.299	538299	312.092	5988.91	5575.89	64733.9	2.45454e+06	9.27801e-10	1.71289e-10	1.19316e-10	7.08261e-10	
40.1176	10472.2	14891.1	104.287	538.299	538299	312.208	5996.25	5582.75	64824.3	2.45454e+06	9.278e-10	1.72102e-10	1.19244e-10	7.07326e-10	
40.395	10539.3	14871.4	104.867	538.299	538299	312.325	6003.58	5589.61	64914.4	2.45454e+06	9.27798e-10	1.72925e-10	1.19172e-10	7.06394e-10	
40.6892	10611.2	14850.7	105.489	538.299	538299	312.448	6011.36	5596.88	65009.6	2.45454e+06	9.27796e-10	1.73809e-10	1.19096e-10	7.05407e-10	
40.9834	10683.8	14829.9	106.12	538.299	538299	312.572	6019.13	5604.14	65104.4	2.45454e+06	9.27794e-10	1.74705e-10	1.19019e-10	7.04423e-10	
41.2776	10757.1	14809.3	106.759	538.299	538299	312.695	6026.9	5611.4	65198.9	2.45454e+06	9.27792e-10	1.75611e-10	1.18943e-10	7.0344e-10	
42.3203	11023.3	14736.3	109.089	538.299	538299	313.131	6054.45	5637.12	65531.4	2.45454e+06	9.27785e-10	1.78921e-10	1.18672e-10	6.99975e-10	
43.3629	11299.7	14663.7	111.529	538.299	538299	313.568	6082.06	5662.86	65860.4	2.45454e+06	9.27777e-10	1.82386e-10	1.184e-10	6.96526e-10	
43.6236	11370.5	14645.6	112.157	538.299	538299	313.677	6088.98	5669.3	65942.2	2.45454e+06	9.27775e-10	1.83278e-10	1.18332e-10	6.95665e-10	
43.8842	11442	14627.5	112.793	538.299	538299	313.786	6095.91	5675.75	66023.8	2.45454e+06	9.27772e-10	1.8418e-10	1.18264e-10	6.94805e-10	
44.1449	11514.2	14609.4	113.436	538.299	538299	313.896	6102.85	5682.21	66105.2	2.45454e+06	9.2777e-10	1.85093e-10	1.18196e-10	6.93945e-10	
44.4055	11587.2	14591.3	114.086	538.299	538299	314.006	6109.8	5688.68	66186.5	2.45454e+06	9.27768e-10	1.86017e-10	1.18127e-10	6.93084e-10	
44.6142	11646.1	14576.8	114.613	538.299	538299	314.093	6115.37	5693.87	66251.5	2.45454e+06	9.27766e-10	1.86764e-10	1.18072e-10	6.92396e-10	
44.8229	11705.5	14562.3	115.145	538.299	538299	314.181	6120.95	5699.06	66316.4	2.45454e+06	9.27764e-10	1.87519e-10	1.18017e-10	6.91707e-10	
45.0316	11765.4	14547.8	115.682	538.299	538299	314.269	6126.54	5704.26	66381.3	2.45454e+06	9.27762e-10	1.8828e-10	1.17962e-10	6.91018e-10	
46.0054	12051.6	14480	118.256	538.299	538299	314.682	6152.77	5728.63	66682.9	2.45454e+06	9.27753e-10	1.9193e-10	1.17703e-10	6.878e-10	
46.9791	12349.4	14412	120.951	538.299	538299	315.098	6179.27	5753.22	66983.4	2.45454e+06	9.27742e-10	1.95746e-10	1.17442e-10	6.8457e-10	
47.9529	12659.7	14343.6	123.774	538.299	538299	315.518	6206.1	5778.08	67283.4	2.45454e+06	9.27731e-10	1.99737e-10	1.17176e-10	6.81321e-10	
48.9267	12983.2	14274.6	126.733	538.299	538299	315.944	6233.33	5803.29	67583.5	2.45454e+06	9.27718e-10	2.03911e-10	1.16907e-10	6.78046e-10	
49.3865	13140.9	14241.9	128.18	538.299	538299	316.147	6246.34	5815.33	67725.4	2.45454e+06	9.27712e-10	2.05948e-10	1.16778e-10	6.76488e-10	
49.8463	13301.9	14208.9	129.66	538.299	538299	316.352	6259.47	5827.45	67867.5	2.45454e+06	9.27705e-10	2.0803e-10	1.16648e-10	6.74922e-10	
50.3062	13466.3	14175.7	131.174	538.299	538299	316.558	6272.71	5839.69	68009.9	2.45454e+06	9.27698e-10	2.10156e-10	1.16517e-10	6.73347e-10	
50.766	13634.2	14142.4	132.722	538.299	538299	316.766	6286.08	5852.03	68152.6	2.45454e+06	9.27691e-10	2.12329e-10	1.16384e-10	6.71762e-10	
51.0399	13735.9	14122.4	133.662	538.299	538299	316.891	6294.11	5859.44	68237.8	2.45454e+06	9.27687e-10	2.13645e-10	1.16305e-10	6.70814e-10	
51.3137	13838.9	14102.3	134.614	538.299	538299	317.016	6302.19	5866.89	68323.1	2.45454e+06	9.27682e-10	2.14978e-10	1.16225e-10	6.69861e-10	
51.5876	13943.3	14082.2	135.579	538.299	538299	317.143	6310.31	5874.38	68408.6	2.45454e+06	9.27677e-10	2.16328e-10	1.16144e-10	6.68904e-10	
52.2722	14210.2	14031.5	138.052	538.299	538299	317.462	6330.86	5893.31	68623.2	2.45454e+06	9.27665e-10	2.19779e-10	1.1594e-10	6.66494e-10	
52.9568	14486.2	13980.1	140.61	538.299	538299	317.785	6351.76	5912.56	68839.3	2.45454e+06	9.27651e-10	2.23341e-10	1.15733e-10	6.64055e-10	
53.6414	14771.5	13928.1	143.259	538.299	538299	318.115	6373.05	5932.15	69057	2.45454e+06	9.27637e-10	2.27018e-10	1.15522e-10	6.61584e-10	
54.3261	15066.8	13875.4	146	538.299	538299	318.45	6394.75	5952.09	69276.6	2.45454e+06	9.27622e-10	2.30813e-10	1.15306e-10	6.59079e-10	
54.5983	15187.1	13854.2	147.117	538.299	538299	318.585	6403.5	5960.13	69364.5	2.45454e+06	9.27615e-10	2.32355e-10	1.15219e-10	6.58073e-10	
54.8706	15309.1	13832.9	148.25	538.299	538299	318.721	6412.33	5968.24	69452.8	2.45454e+06	9.27608e-10	2.33916e-10	1.15132e-10	6.57061e-10	
55.1429	15432.8	13811.4	149.398	538.299	538299	318.858	6421.23	5976.41	69541.5	2.45454e+06	9.27602e-10	2.35497e-10	1.15044e-10	6.56043e-10	
55.8183	15747.2	13757.7	152.315	538.299	538299	319.203	6443.63	5996.97	69763.1	2.45454e+06	9.27584e-10	2.39503e-10	1.14821e-10	6.53489e-10	
56.4937	16072.8	13703	155.332	538.299	538299	319.555	6466.53	6017.96	69987.4	2.45454e+06	9.27564e-10	2.43632e-10	1.14594e-10	6.50894e-10	
57.169	16410.2	13647.5	158.454	538.299	538299	319.915	6489.96	6039.43	70214.6	2.45454e+06	9.27543e-10	2.47885e-10	1.14362e-10	6.48255e-10	
57.8444	16760.1	13591	161.682	538.299	538299	320.282	6513.95	6061.4	70445.1	2.45454e+06	9.27521e-10	2.52264e-10	1.14124e-10	6.45571e-10	
58.1359	16915	13566.3	163.109	538.299	538299	320.444	6524.48	6071.04	70545.6	2.45454e+06	9.2751e-10	2.54192e-10	1.14019e-10	6.44397e-10	
58.4273	17072.3	13541.4	164.556	538.299	538299	320.607	6535.13	6080.79	70646.8	2.45454e+06	9.275e-10	2.56145e-10	1.13914e-10	6.43214e-10	
58.7188	17232.2	13516.3	166.024	538.299	538299	320.771	6545.9	6090.63	70748.7	2.45454e+06	9.27489e-10	2.58121e-10	1.13807e-10	6.42022e-10	
59.147	17471.8	13479	168.219	538.299	538299	321.016	6561.93	6105.29	70899.7	2.45454e+06	9.27472e-10	2.61068e-10	1.13649e-10	6.40253e-10	
59.5752	17717	13441.3	170.46	538.299	538299	321.264	6578.22	6120.19	71052.4	2.45454e+06	9.27454e-10	2.64067e-10	1.13487e-10	6.38462e-10	
60.0035	17968.1	13403.2	172.747	538.299	538299	321.517	6594.8	6135.33	71206.8	2.45454e+06	9.27435e-10	2.67116e-10	1.13323e-10	6.3665e-10	
60.4317	18225.2	13364.5	175.08	538.299	538299	321.773	6611.65	6150.73	71363	2.45454e+06	9.27415e-10	2.70217e-10	1.13157e-10	6.34815e-10	
60.8599	18488.5	13325.4	177.461	538.299	538299	322.034	6628.8	6166.39	71521	2.45454e+06	9.27394e-10	2.73368e-10	1.12988e-10	6.32957e-10	
61.2882	18758.1	13285.8	179.89	538.299	538299	322.299	6646.24	6182.32	71681.1	2.45454e+06	9.27372e-10	2.76569e-10	1.12816e-10	6.31075e-10	
61.7164	19034.2	13245.7	182.366	538.299	538299	322.568	6664	6198.53	71843.1	2.45454e+06	9.27349e-10	2.7982e-10	1.12641e-10	6.2917e-10	
62.0638	19263.1	13212.8	184.41	538.299	538299	322.79	6678.64	6211.88	71976.1	2.45454e+06	9.2733e-10	2.82494e-10	1.12496e-10	6.27606e-10	
62.4112	19496.5	13179.5	186.486	538.299	538299	323.015	6693.5	6225.44	72110.6	2.45454e+06	9.27309e-10	2.85199e-10	1.1235e-10	6.26025e-10	
62.7586	19734.5	13145.9	188.593	538.299	538299	323.243	6708.57	6239.19	72246.6	2.45454e+06	9.27287e-10	2.87935e-10	1.12202e-10	6.24428e-10	
63.11	19979.9	13111.5	190.757	538.299	538299	323.477	6724.05	6253.3	72385.7	2.45454e+06	9.27265e-10	2.90733e-10	1.1205e-10	6.22796e-10	
63.4614	20230.2	13076.8	192.953	538.299	538299	323.714	6739.76	6267.63	72526.4	2.45454e+06	9.27241e-10	2.93562e-10	1.11896e-10	6.21146e-10	
63.8128	20485.6	13041.7	195.181	538.299	538299	323.955	6755.71	6282.17	72668.8	2.45454e+06	9.27216e-10	2.9642e-10	1.1174e-10	6.19479e-10	
64.1327	20722.4	13009.4	197.236	538.299	538299	324.177	6770.45	6295.6	72799.9	2.45454e+06	9.27192e-10	2.99046e-10	1.11596e-10	6.17946e-10	
64.4525	20963.4	12976.8	199.318	538.299	538299	324.402	6785.38	6309.21	72932.4	2.45454e+06	9.27168e-10	3.01696e-10	1.1145e-10	6.16398e-10	
64.7724	21208.8	12943.9	201.426	538.299	538299	324.629	6800.53	6323.02	73066.4	2.45454e+06	9.27142e-10	3.04367e-10	1.11302e-10	6.14835e-10	
65.0636	21436.2	12913.7	203.368	538.299	538299	324.84	6814.51	6335.76	73189.8	2.45454e+06	9.27118e-10	3.06819e-10	1.11166e-10	6.13399e-10	
65.3549	21667.2	12883.2	205.331	538.299	538299	325.052	6828.67	6348.66	73314.6	2.45454e+06	9.27093e-10	3.09287e-10	1.11028e-10	6.1195e-10	
65.6462	21902	12852.4	207.315	538.299	538299	325.267	6843.01	6361.73	73440.6	2.45454e+06	9.27067e-10	3.11772e-10	1.10888e-10	6.10489e-10	
65.9105	22118.4	12824.2	209.134	538.299	538299	325.465	6856.19	6373.73	73556.1	2.45454e+06	9.27042e-10	3.14041e-10	1.1076e-10	6.09152e-10	
66.1748	22338	12795.9	210.969	538.299	538299	325.664	6869.52	6385.88	73672.8	2.45454e+06	9.27017e-10	3.16321e-10	1.10631e-10	6.07804e-10	
66.4392	22560.8	12767.3	212.821	538.299	538299	325.866	6883.01	6398.17	73790.7	2.45454e+06	9.2699e-10	3.18613e-10	1.105e-10	6.06446e-10	
66.6802	22766.8	12741	214.524	538.299	538299	326.052	6895.44	6409.49	73899.2	2.45454e+06	9.26965e-10	3.20712e-10	1.1038e-10	6.05199e-10	
66.9212	22975.6	12714.6	216.24	538.299	538299	326.24	6908.01	6420.94	74008.7	2.45454e+06	9.2694e-10	3.2282e-10	1.10259e-10	6.03943e-10	
67.1622	23187.1	12688	217.97	538.299	538299	326.43	6920.71	6432.51	74119.2	2.45454e+06	9.26913e-10	3.24935e-10	1.10136e-10	6.02678e-10	
67.4106	23408	12660.3	219.765	538.299	538299	326.627	6933.93	6444.57	74234.2	2.45454e+06	9.26885e-10	3.27123e-10	1.10008e-10	6.01366e-10	
67.6589	23631.9	12632.5	221.574	538.299	538299	326.826	6947.31	6456.75	74350.2	2.45454e+06	9.26856e-10	3.29318e-10	1.0988e-10	6.00045e-10	
67.9073	23858.8	12604.5	223.396	538.299	538299	327.028	6960.82	6469.07	74467.4	2.45454e+06	9.26826e-10	3.31519e-10	1.0975e-10	5.98715e-10	
68.1785	24110	12573.7	225.4	538.299	538299	327.25	6975.76	6482.67	74596.7	2.45454e+06	9.26792e-10	3.33929e-10	1.09606e-10	5.97251e-10	
68.4497	24365	12542.7	227.42	538.299	538299	327.475	6990.86	6496.44	74727.4	2.45454e+06	9.26757e-10	3.36346e-10	1.09462e-10	5.95777e-10	
68.721	24623.7	12511.4	229.453	538.299	538299	327.702	7006.15	6510.37	74859.6	2.45454e+06	9.26721e-10	3.38767e-10	1.09315e-10	5.94293e-10	
69.0179	24911.1	12477	231.695	538.299	538299	327.953	7023.09	6525.81	75005.8	2.45454e+06	9.26679e-10	3.41423e-10	1.09153e-10	5.92655e-10	
69.3148	25203.1	12442.2	233.953	538.299	538299	328.208	7040.25	6541.45	75153.9	2.45454e+06	9.26636e-10	3.44081e-10	1.0899e-10	5.91005e-10	
69.6117	25499.7	12407.2	236.227	538.299	538299	328.465	7057.63	6557.29	75303.7	2.45454e+06	9.26591e-10	3.46742e-10	1.08825e-10	5.89343e-10	
69.9357	25828.5	12368.7	238.724	538.299	538299	328.75	7076.84	6574.81	75469.2	2.45454e+06	9.26541e-10	3.49647e-10	1.08642e-10	5.87515e-10	
70.2596	26162.9	12329.9	241.237	538.299	538299	329.038	7096.31	6592.56	75636.9	2.45454e+06	9.26488e-10	3.5255e-10	1.08458e-10	5.85672e-10	
70.5836	26502.8	12290.9	243.767	538.299	538299	329.329	7116.05	6610.57	75806.8	2.45454e+06	9.26432e-10	3.55451e-10	1.08271e-10	5.83816e-10	
70.9351	26878	12248.1	246.527	538.299	538299	329.65	7137.77	6630.38	75993.8	2.45454e+06	9.2637e-10	3.58592e-10	1.08066e-10	5.81785e-10	
71.2866	27259.8	12205	249.303	538.299	538299	329.974	7159.8	6650.48	76183.4	2.45454e+06	9.26304e-10	3.61726e-10	1.07859e-10	5.79739e-10	
71.6381	27648.3	12161.6	252.093	538.299	538299	330.303	7182.15	6670.87	76375.8	2.45454e+06	9.26235e-10	3.64849e-10	1.07649e-10	5.77678e-10	
71.9897	28043.5	12117.9	254.896	538.299	538299	330.637	7204.81	6691.56	76570.9	2.45454e+06	9.26164e-10	3.67959e-10	1.07437e-10	5.75601e-10	
72.3412	28445.5	12073.9	257.71	538.299	538299	330.974	7227.79	6712.54	76768.9	2.45454e+06	9.26089e-10	3.71054e-10	1.07223e-10	5.73509e-10	
72.6927	28854.2	12029.5	260.534	538.299	538299	331.316	7251.08	6733.82	76969.7	2.45454e+06	9.2601e-10	3.7413e-10	1.07006e-10	5.71404e-10	
73.0831	29316.2	11980	263.681	538.299	538299	331.7	7277.33	6757.8	77196.2	2.45454e+06	9.25918e-10	3.77523e-10	1.06763e-10	5.69049e-10	
73.4735	29786.5	11930.1	266.835	538.299	538299	332.09	7303.96	6782.14	77426.2	2.45454e+06	9.25822e-10	3.80887e-10	1.06517e-10	5.66678e-10	
73.864	30265.3	11879.8	269.995	538.299	538299	332.484	7330.97	6806.84	77660	2.45454e+06	9.25721e-10	3.84218e-10	1.06268e-10	5.64292e-10	
74.2544	30752.4	11829.3	273.158	538.299	538299	332.884	7358.37	6831.9	77897.4	2.45454e+06	9.25615e-10	3.87514e-10	1.06017e-10	5.61891e-10	
74.5829	31168.8	11786.6	275.821	538.299	538299	333.224	7381.72	6853.26	78100	2.45454e+06	9.25522e-10	3.90256e-10	1.05803e-10	5.59861e-10	
74.9114	31591.1	11743.6	278.483	538.299	538299	333.568	7405.33	6874.87	78305.3	2.45454e+06	9.25424e-10	3.92969e-10	1.05588e-10	5.57822e-10	
75.2399	32019.2	11700.5	281.144	538.299	538299	333.915	7429.2	6896.74	78513.2	2.45454e+06	9.25323e-10	3.95651e-10	1.05371e-10	5.55775e-10	
75.7144	32648.1	11638	284.983	538.299	538299	334.422	7464.15	6928.75	78818.3	2.45454e+06	9.25169e-10	3.99466e-10	1.05055e-10	5.52804e-10	
76.1889	33289.2	11575.1	288.811	538.299	538299	334.936	7499.63	6961.28	79129.1	2.45454e+06	9.25007e-10	4.03206e-10	1.04735e-10	5.49818e-10	
76.6634	33942.3	11512	292.625	538.299	538299	335.457	7535.63	6994.3	79445.6	2.45454e+06	9.24834e-10	4.06866e-10	1.04413e-10	5.4682e-10	
77.1378	34607.3	11448.7	296.422	538.299	538299	335.984	7572.14	7027.81	79767.7	2.45454e+06	9.24652e-10	4.10442e-10	1.04087e-10	5.43812e-10	
77.6123	35284.2	11385.2	300.199	538.299	538299	336.517	7609.15	7061.8	80095.5	2.45454e+06	9.24459e-10	4.1393e-10	1.03758e-10	5.40795e-10	
78.0868	35972.6	11321.5	303.951	538.299	538299	337.056	7646.63	7096.25	80429.1	2.45454e+06	9.24255e-10	4.17325e-10	1.03427e-10	5.37771e-10	
78.5613	36672.5	11257.7	307.675	538.299	538299	337.601	7684.58	7131.16	80768.3	2.45454e+06	9.2404e-10	4.20624e-10	1.03094e-10	5.34743e-10	
78.8817	37151.3	11214.7	310.172	538.299	538299	337.972	7710.45	7154.96	81000.5	2.45454e+06	9.23888e-10	4.22796e-10	1.02867e-10	5.32697e-10	
79.202	37635.1	11171.6	312.654	538.299	538299	338.346	7736.52	7178.96	81235.2	2.45454e+06	9.2373e-10	4.24921e-10	1.0264e-10	5.30651e-10	
79.5223	38124	11128.5	315.12	538.299	538299	338.721	7762.78	7203.15	81472.5	2.45454e+06	9.23567e-10	4.27e-10	1.02412e-10	5.28605e-10	
80.2454	39245.3	11031.4	320.625	538.299	538299	339.577	7822.74	7258.42	82017.5	2.45454e+06	9.23176e-10	4.31517e-10	1.01894e-10	5.2399e-10	
80.9686	40390.6	10934.5	326.037	538.299	538299	340.443	7883.57	7314.55	82575.2	2.45454e+06	9.22754e-10	4.35785e-10	1.01373e-10	5.19387e-10	
81.6917	41558.8	10837.9	331.347	538.299	538299	341.317	7945.18	7371.48	83145.4	2.45454e+06	9.22298e-10	4.39802e-10	1.00849e-10	5.14801e-10	
81.8725	41854.3	10813.9	332.658	538.299	538299	341.537	7960.7	7385.83	83289.8	2.45454e+06	9.22179e-10	4.40766e-10	1.00718e-10	5.13659e-10	
82.0533	42151.1	10789.9	333.962	538.299	538299	341.758	7976.26	7400.22	83435	2.45454e+06	9.22057e-10	4.41715e-10	1.00586e-10	5.12518e-10	
82.234	42449.3	10765.9	335.26	538.299	538299	341.978	7991.86	7414.65	83580.9	2.45454e+06	9.21934e-10	4.42648e-10	1.00455e-10	5.11379e-10	
82.4148	42748.7	10741.9	336.55	538.299	538299	342.2	8007.51	7429.13	83727.6	2.45454e+06	9.21808e-10	4.43564e-10	1.00324e-10	5.10242e-10	
82.6796	43189.7	10706.9	338.427	538.299	538299	342.524	8030.49	7450.4	83943.7	2.45454e+06	9.21619e-10	4.44879e-10	1.00131e-10	5.08579e-10	
82.9444	43633.3	10672	340.288	538.299	538299	342.85	8053.55	7471.76	84161.4	2.45454e+06	9.21425e-10	4.46159e-10	9.99382e-11	5.06922e-10	
83.2092	44079.6	10637.2	342.134	538.299	538299	343.176	8076.69	7493.19	84380.6	2.45454e+06	9.21226e-10	4.47405e-10	9.97454e-11	5.05269e-10	
84.0802	45565.5	10523.6	348.094	538.299	538299	344.253	8153.27	7564.2	85112.1	2.45454e+06	9.20536e-10	4.51267e-10	9.91113e-11	4.99871e-10	
84.9512	47077.1	10411.3	353.876	538.299	538299	345.335	8230.46	7635.87	85858.8	2.45454e+06	9.19786e-10	4.54771e-10	9.84785e-11	4.94539e-10	
85.169	47458.7	10383.5	355.294	538.299	538299	345.606	8249.83	7653.87	86047.8	2.45454e+06	9.1959e-10	4.55592e-10	9.83206e-11	4.93217e-10	
85.3867	47841.7	10355.8	356.7	538.299	538299	345.877	8269.23	7671.9	86237.6	2.45454e+06	9.19389e-10	4.56391e-10	9.81629e-11	4.91901e-10	
85.6045	48226.2	10328.2	358.095	538.299	538299	346.149	8288.66	7689.97	86428.3	2.45454e+06	9.19185e-10	4.57169e-10	9.80054e-11	4.90589e-10	
85.8222	48611.9	10300.7	359.478	538.299	538299	346.42	8308.1	7708.05	86619.8	2.45454e+06	9.18976e-10	4.57926e-10	9.78481e-11	4.89282e-10	
86.0838	49077.2	10267.8	361.125	538.299	538299	346.746	8331.49	7729.81	86851	2.45454e+06	9.18721e-10	4.58808e-10	9.76594e-11	4.87719e-10	
86.3455	49544.2	10235	362.756	538.299	538299	347.072	8354.9	7751.6	87083.4	2.45454e+06	9.1846e-10	4.59659e-10	9.7471e-11	4.86164e-10	
86.6071	50013	10202.5	364.37	538.299	538299	347.398	8378.33	7773.42	87316.9	2.45454e+06	9.18193e-10	4.60482e-10	9.7283e-11	4.84617e-10	
87.4545	51543	10098.1	369.486	538.299	538299	348.453	8454.32	7844.23	88080.6	2.45454e+06	9.17287e-10	4.62946e-10	9.66771e-11	4.79661e-10	
88.302	53088.5	9995.72	374.431	538.299	538299	349.505	8530.33	7915.14	88854.7	2.45454e+06	9.16318e-10	4.6512e-10	9.60763e-11	4.74797e-10	
88.5139	53477.1	9970.43	375.64	538.299	538299	349.767	8549.33	7932.87	89049.7	2.45454e+06	9.16065e-10	4.65619e-10	9.59271e-11	4.73595e-10	
88.7257	53866.4	9945.26	376.839	538.299	538299	350.029	8568.31	7950.6	89245.3	2.45454e+06	9.15809e-10	4.66102e-10	9.57782e-11	4.724e-10	
88.9376	54256.5	9920.23	378.028	538.299	538299	350.29	8587.29	7968.33	89441.3	2.45454e+06	9.15548e-10	4.66568e-10	9.56297e-11	4.71211e-10	
89.1494	54647.4	9895.32	379.206	538.299	538299	350.552	8606.25	7986.05	89638	2.45454e+06	9.15284e-10	4.67018e-10	9.54817e-11	4.70028e-10	
89.4123	55133.3	9864.61	380.653	538.299	538299	350.875	8629.75	8008.02	89882.6	2.45454e+06	9.1495e-10	4.67553e-10	9.52986e-11	4.68569e-10	
89.6751	55620.2	9834.1	382.084	538.299	538299	351.198	8653.24	8029.97	90127.9	2.45454e+06	9.1461e-10	4.68063e-10	9.51161e-11	4.6712e-10	
89.938	56108	9803.79	383.499	538.299	538299	351.52	8676.69	8051.9	90373.9	2.45454e+06	9.14263e-10	4.6855e-10	9.49344e-11	4.6568e-10	
90.5665	57278.1	9732.17	386.82	538.299	538299	352.287	8732.65	8104.26	90964.9	2.45454e+06	9.13407e-10	4.69619e-10	9.45028e-11	4.62278e-10	
91.195	58452.4	9661.76	390.053	538.299	538299	353.05	8788.38	8156.45	91559.1	2.45454e+06	9.12515e-10	4.7056e-10	9.40754e-11	4.58934e-10	
91.8235	59630.1	9592.58	393.2	538.299	538299	353.807	8843.86	8208.43	92156.1	2.45454e+06	9.11585e-10	4.7138e-10	9.36526e-11	4.55647e-10	
92.452	60810.4	9524.63	396.263	538.299	538299	354.558	8899.04	8260.16	92755.3	2.45454e+06	9.10618e-10	4.72085e-10	9.32345e-11	4.5242e-10	
92.7766	61420.7	9490.02	397.812	538.299	538299	354.944	8927.41	8286.77	93065.5	2.45454e+06	9.10104e-10	4.72407e-10	9.30204e-11	4.50776e-10	
93.1012	62031.4	9455.75	399.34	538.299	538299	355.327	8955.69	8313.3	93376.1	2.45454e+06	9.0958e-10	4.727e-10	9.28077e-11	4.49148e-10	
93.4258	62642.3	9421.81	400.847	538.299	538299	355.71	8983.87	8339.75	93687.1	2.45454e+06	9.09046e-10	4.72967e-10	9.25963e-11	4.47536e-10	
93.9278	63587.4	9369.98	403.135	538.299	538299	356.297	9027.25	8380.48	94168.5	2.45454e+06	9.08201e-10	4.73327e-10	9.2272e-11	4.45074e-10	
94.4297	64532.5	9318.94	405.374	538.299	538299	356.88	9070.38	8420.98	94650.3	2.45454e+06	9.07332e-10	4.73628e-10	9.1951e-11	4.42649e-10	
94.9317	65477.3	9268.68	407.566	538.299	538299	357.458	9113.24	8461.25	95132.3	2.45454e+06	9.06439e-10	4.73871e-10	9.16333e-11	4.40263e-10	
95.4046	66366.9	9222.05	409.588	538.299	538299	357.998	9153.37	8498.96	95586.5	2.45454e+06	9.05577e-10	4.74051e-10	9.13371e-11	4.38048e-10	
95.8776	67255.6	9176.12	411.57	538.299	538299	358.534	9193.24	8536.45	96040.5	2.45454e+06	9.04693e-10	4.74186e-10	9.10438e-11	4.35865e-10	
96.3505	68143.2	9130.86	413.512	538.299	538299	359.066	9232.85	8573.71	96494.1	2.45454e+06	9.0379e-10	4.74277e-10	9.07535e-11	4.33716e-10	
96.8487	69076.6	9083.94	415.516	538.299	538299	359.621	9274.28	8612.68	96971.2	2.45454e+06	9.02816e-10	4.74328e-10	9.0451e-11	4.31487e-10	
97.3468	70008.2	9037.76	417.479	538.299	538299	360.171	9315.4	8651.37	97447.6	2.45454e+06	9.0182e-10	4.74336e-10	9.01518e-11	4.29293e-10	
97.845	70937.7	8992.31	419.401	538.299	538299	360.716	9356.21	8689.78	97922.9	2.45454e+06	9.00802e-10	4.74303e-10	8.98559e-11	4.27135e-10	
98.3122	71807.3	8950.35	421.167	538.299	538299	361.222	9394.2	8725.55	98367.7	2.45454e+06	8.99827e-10	4.74237e-10	8.95815e-11	4.25142e-10	
98.7794	72674.7	8909.02	422.901	538.299	538299	361.724	9431.91	8761.05	98811.4	2.45454e+06	8.98833e-10	4.74138e-10	8.93099e-11	4.23178e-10	
99.2466	73539.6	8868.31	424.601	538.299	538299	362.221	9469.33	8796.29	99253.7	2.45454e+06	8.97822e-10	4.74009e-10	8.90413e-11	4.21244e-10	
99.7137	74401.5	8828.22	426.269	538.299	538299	362.714	9506.45	8831.25	99694.5	2.45454e+06	8.96792e-10	4.7385e-10	8.87756e-11	4.1934e-10	
100.181	75260.6	8788.74	427.905	538.299	538299	363.202	9543.28	8865.95	100134	2.45454e+06	8.95744e-10	4.73664e-10	8.85127e-11	4.17465e-10	
100.648	76116.6	8749.84	429.512	538.299	538299	363.685	9579.82	8900.37	100571	2.45454e+06	8.94679e-10	4.73452e-10	8.82527e-11	4.15618e-10	
101.141	77017.3	8709.4	431.177	538.299	538299	364.19	9618.09	8936.44	101031	2.45454e+06	8.93535e-10	4.73201e-10	8.79811e-11	4.13696e-10	
101.634	77914.3	8669.59	432.81	538.299	538299	364.691	9656.05	8972.2	101490	2.45454e+06	8.92372e-10	4.72924e-10	8.77125e-11	4.11805e-10	
102.128	78807.5	8630.4	434.412	538.299	538299	365.186	9693.68	9007.66	101945	2.45454e+06	8.91191e-10	4.72622e-10	8.7447e-11	4.09944e-10	
102.655	79757.2	8589.2	436.091	538.299	538299	365.71	9733.53	9045.21	102430	2.45454e+06	8.89909e-10	4.72274e-10	8.71666e-11	4.07987e-10	
103.182	80702.2	8548.69	437.736	538.299	538299	366.228	9773.01	9082.42	102912	2.45454e+06	8.88607e-10	4.71901e-10	8.68896e-11	4.06063e-10	
103.709	81642.4	8508.83	439.35	538.299	538299	366.74	9812.13	9119.29	103391	2.45454e+06	8.87286e-10	4.71505e-10	8.66159e-11	4.0417e-10	
104.272	82642.4	8466.92	441.043	538.299	538299	367.282	9853.58	9158.35	103900	2.45454e+06	8.85851e-10	4.71057e-10	8.63267e-11	4.02179e-10	
104.836	83636.5	8425.73	442.701	538.299	538299	367.818	9894.63	9197.04	104405	2.45454e+06	8.84396e-10	4.70586e-10	8.60411e-11	4.00222e-10	
105.4	84624.5	8385.23	444.326	538.299	538299	368.348	9935.27	9235.34	104907	2.45454e+06	8.8292e-10	4.70093e-10	8.5759e-11	3.98299e-10	
106.004	85676.4	8342.6	446.033	538.299	538299	368.908	9978.39	9275.97	105441	2.45454e+06	8.81317e-10	4.69541e-10	8.54606e-11	3.96274e-10	
106.607	86721	8300.72	447.705	538.299	538299	369.462	10021.1	9316.18	105971	2.45454e+06	8.79692e-10	4.68968e-10	8.51661e-11	3.94284e-10	
107.211	87758.4	8259.58	449.344	538.299	538299	370.01	10063.3	9355.98	106496	2.45454e+06	8.78046e-10	4.68375e-10	8.48753e-11	3.9233e-10	
107.778	88725.7	8221.6	450.853	538.299	538299	370.518	10102.6	9392.98	106985	2.45454e+06	8.76482e-10	4.678e-10	8.46056e-11	3.90526e-10	
108.345	89686.5	8184.22	452.335	538.299	538299	371.021	10141.5	9429.63	107471	2.45454e+06	8.74901e-10	4.6721e-10	8.4339e-11	3.88751e-10	
108.912	90640.8	8147.43	453.791	538.299	538299	371.518	10180	9465.95	107952	2.45454e+06	8.73303e-10	4.66605e-10	8.40755e-11	3.87003e-10	
109.492	91609.3	8110.42	455.254	538.299	538299	372.021	10219.1	9502.72	108440	2.45454e+06	8.71654e-10	4.65973e-10	8.38092e-11	3.85245e-10	
110.071	92570.9	8073.98	456.691	538.299	538299	372.518	10257.8	9539.15	108925	2.45454e+06	8.69988e-10	4.65327e-10	8.35459e-11	3.83514e-10	
110.651	93525.8	8038.1	458.104	538.299	538299	373.01	10296.1	9575.25	109404	2.45454e+06	8.68307e-10	4.64669e-10	8.32855e-11	3.8181e-10	
111.165	94367.9	8006.69	459.339	538.299	538299	373.443	10329.9	9607.04	109827	2.45454e+06	8.66802e-10	4.64074e-10	8.30566e-11	3.80318e-10	
111.68	95204.7	7975.68	460.557	538.299	538299	373.871	10363.4	9638.59	110247	2.45454e+06	8.65286e-10	4.63471e-10	8.28299e-11	3.78845e-10	
112.194	96036.2	7945.08	461.758	538.299	538299	374.296	10396.7	9669.9	110663	2.45454e+06	8.63758e-10	4.62859e-10	8.26052e-11	3.77391e-10	
112.904	97174	7903.51	463.388	538.299	538299	374.877	10442.2	9712.68	111232	2.45454e+06	8.61634e-10	4.62004e-10	8.22988e-11	3.75417e-10	
113.081	97456.9	7893.23	463.79	538.299	538299	375.02	10453.5	9723.31	111374	2.45454e+06	8.61101e-10	4.61787e-10	8.22228e-11	3.74929e-10	
113.258	97739.1	7883	464.191	538.299	538299	375.164	10464.7	9733.92	111515	2.45454e+06	8.60565e-10	4.6157e-10	8.2147e-11	3.74442e-10	
113.436	98020.8	7872.8	464.59	538.299	538299	375.307	10476	9744.49	111655	2.45454e+06	8.60029e-10	4.61353e-10	8.20714e-11	3.73958e-10	
113.649	98359.5	7860.57	465.069	538.299	538299	375.479	10489.5	9757.21	111824	2.45454e+06	8.59381e-10	4.61089e-10	8.19806e-11	3.73377e-10	
113.863	98697.4	7848.4	465.545	538.299	538299	375.651	10503	9769.89	111993	2.45454e+06	8.58731e-10	4.60824e-10	8.18901e-11	3.72799e-10	
114.077	99034.4	7836.29	466.019	538.299	538299	375.821	10516.4	9782.54	112161	2.45454e+06	8.5808e-10	4.60558e-10	8.17999e-11	3.72224e-10	
114.538	99757.8	7810.38	467.032	538.299	538299	376.188	10545.3	9809.67	112521	2.45454e+06	8.5667e-10	4.59981e-10	8.16066e-11	3.70993e-10	
114.999	100477	7784.75	468.034	538.299	538299	376.551	10574	9836.64	112879	2.45454e+06	8.55254e-10	4.59399e-10	8.14147e-11	3.69776e-10	
115.46	101192	7759.37	469.025	538.299	538299	376.913	10602.5	9863.45	113235	2.45454e+06	8.5383e-10	4.58812e-10	8.12241e-11	3.6857e-10	
116.221	102365	7718.02	470.64	538.299	538299	377.504	10649.3	9907.39	113817	2.45454e+06	8.51463e-10	4.57833e-10	8.09124e-11	3.66606e-10	
116.411	102657	7707.79	471.04	538.299	538299	377.651	10660.9	9918.31	113961	2.45454e+06	8.50869e-10	4.57587e-10	8.0835e-11	3.6612e-10	
116.601	102947	7697.6	471.438	538.299	538299	377.797	10672.5	9929.21	114106	2.45454e+06	8.50274e-10	4.5734e-10	8.07578e-11	3.65636e-10	
116.792	103238	7687.45	471.834	538.299	538299	377.943	10684.1	9940.08	114249	2.45454e+06	8.49677e-10	4.57092e-10	8.06809e-11	3.65154e-10	
116.979	103523	7677.5	472.222	538.299	538299	378.086	10695.4	9950.76	114390	2.45454e+06	8.49089e-10	4.56847e-10	8.06054e-11	3.64681e-10	
117.166	103807	7667.59	472.609	538.299	538299	378.229	10706.8	9961.41	114531	2.45454e+06	8.485e-10	4.56602e-10	8.05301e-11	3.64211e-10	
117.353	104090	7657.72	472.995	538.299	538299	378.372	10718.1	9972.03	114671	2.45454e+06	8.4791e-10	4.56356e-10	8.04549e-11	3.63742e-10	
117.856	104850	7631.37	474.024	538.299	538299	378.753	10748.4	10000.5	115047	2.45454e+06	8.46319e-10	4.55693e-10	8.0254e-11	3.6249e-10	
118.359	105605	7605.28	475.042	538.299	538299	379.132	10778.5	10028.8	115420	2.45454e+06	8.4472e-10	4.55024e-10	8.00543e-11	3.61251e-10	
118.862	106356	7579.43	476.052	538.299	538299	379.509	10808.5	10057	115790	2.45454e+06	8.43115e-10	4.54352e-10	7.9856e-11	3.60023e-10	
119.517	107327	7546.18	477.35	538.299	538299	379.995	10847.3	10093.4	116269	2.45454e+06	8.41016e-10	4.53471e-10	7.95999e-11	3.58444e-10	
120.171	108291	7513.33	478.634	538.299	538299	380.478	10885.9	10129.6	116743	2.45454e+06	8.38906e-10	4.52584e-10	7.93458e-11	3.56883e-10	
120.826	109248	7480.85	479.904	538.299	538299	380.957	10924.3	10165.5	117214	2.45454e+06	8.36785e-10	4.5169e-10	7.90936e-11	3.5534e-10	
121.251	109867	7459.93	480.723	538.299	538299	381.267	10949.1	10188.8	117518	2.45454e+06	8.35399e-10	4.51106e-10	7.89306e-11	3.54347e-10	
121.677	110484	7439.15	481.537	538.299	538299	381.575	10973.8	10212	117820	2.45454e+06	8.34009e-10	4.50519e-10	7.87683e-11	3.5336e-10	
122.103	111098	7418.52	482.345	538.299	538299	381.882	10998.5	10235.1	118121	2.45454e+06	8.32615e-10	4.49929e-10	7.86068e-11	3.5238e-10	
122.355	111460	7406.37	482.821	538.299	538299	382.064	11013.1	10248.8	118298	2.45454e+06	8.31787e-10	4.49579e-10	7.85114e-11	3.51802e-10	
122.607	111822	7394.26	483.296	538.299	538299	382.245	11027.6	10262.4	118475	2.45454e+06	8.30957e-10	4.49228e-10	7.84163e-11	3.51227e-10	
122.859	112183	7382.2	483.769	538.299	538299	382.425	11042.1	10276	118652	2.45454e+06	8.30126e-10	4.48876e-10	7.83215e-11	3.50655e-10	
123.472	113056	7353.1	484.911	538.299	538299	382.862	11077.3	10309	119079	2.45454e+06	8.281e-10	4.48018e-10	7.80919e-11	3.49272e-10	
124.084	113925	7324.27	486.044	538.299	538299	383.296	11112.3	10341.8	119503	2.45454e+06	8.26065e-10	4.47155e-10	7.78636e-11	3.47903e-10	
124.697	114789	7295.69	487.169	538.299	538299	383.728	11147.2	10374.5	119924	2.45454e+06	8.24021e-10	4.46287e-10	7.76366e-11	3.46545e-10	
125.217	115519	7271.63	488.117	538.299	538299	384.093	11176.8	10402.2	120279	2.45454e+06	8.22279e-10	4.45547e-10	7.74449e-11	3.45403e-10	
125.736	116245	7247.74	489.06	538.299	538299	384.456	11206.2	10429.7	120633	2.45454e+06	8.20531e-10	4.44804e-10	7.72539e-11	3.44268e-10	
126.256	116969	7224.02	489.997	538.299	538299	384.819	11235.6	10457.2	120985	2.45454e+06	8.18777e-10	4.44058e-10	7.70637e-11	3.43141e-10	
126.854	117799	7196.92	491.069	538.299	538299	385.234	11269.3	10488.7	121388	2.45454e+06	8.16751e-10	4.43196e-10	7.68458e-11	3.41854e-10	
127.452	118624	7170.02	492.135	538.299	538299	385.647	11302.9	10520.2	121788	2.45454e+06	8.14716e-10	4.42329e-10	7.66288e-11	3.40576e-10	
128.05	119447	7143.32	493.195	538.299	538299	386.059	11336.4	10551.6	122187	2.45454e+06	8.12672e-10	4.41458e-10	7.64126e-11	3.39308e-10	
128.676	120305	7115.55	494.3	538.299	538299	386.488	11371.5	10584.3	122602	2.45454e+06	8.10523e-10	4.40542e-10	7.61871e-11	3.37989e-10	
129.302	121159	7087.98	495.399	538.299	538299	386.917	11406.5	10617	123015	2.45454e+06	8.08365e-10	4.39621e-10	7.59624e-11	3.36679e-10	
129.928	122011	7060.59	496.493	538.299	538299	387.344	11441.4	10649.7	123426	2.45454e+06	8.06196e-10	4.38696e-10	7.57384e-11	3.35378e-10	
130.415	122672	7039.41	497.341	538.299	538299	387.675	11468.5	10675	123745	2.45454e+06	8.04503e-10	4.37973e-10	7.55647e-11	3.34372e-10	
130.902	123331	7018.33	498.187	538.299	538299	388.006	11495.6	10700.3	124062	2.45454e+06	8.02803e-10	4.37248e-10	7.53914e-11	3.33371e-10	
131.389	123988	6997.34	499.03	538.299	538299	388.336	11522.7	10725.6	124379	2.45454e+06	8.01097e-10	4.36519e-10	7.52184e-11	3.32374e-10	
131.875	124644	6976.45	499.871	538.299	538299	388.665	11549.8	10750.9	124694	2.45454e+06	7.99385e-10	4.35788e-10	7.50458e-11	3.31381e-10	
132.128	124985	6965.62	500.307	538.299	538299	388.836	11563.8	10764.1	124858	2.45454e+06	7.98492e-10	4.35406e-10	7.49561e-11	3.30867e-10	
132.382	125325	6954.81	500.744	538.299	538299	389.008	11577.9	10777.2	125022	2.45454e+06	7.97597e-10	4.35024e-10	7.48665e-11	3.30354e-10	
132.635	125666	6944.03	501.179	538.299	538299	389.178	11592	10790.4	125185	2.45454e+06	7.967e-10	4.34641e-10	7.47769e-11	3.29841e-10	
133.06	126237	6925.95	501.911	538.299	538299	389.466	11615.6	10812.4	125459	2.45454e+06	7.95189e-10	4.33995e-10	7.46265e-11	3.28982e-10	
133.486	126807	6907.92	502.641	538.299	538299	389.752	11639.3	10834.5	125733	2.45454e+06	7.93672e-10	4.33346e-10	7.44763e-11	3.28126e-10	
133.911	127377	6889.96	503.371	538.299	538299	390.039	11662.9	10856.6	126006	2.45454e+06	7.9215e-10	4.32696e-10	7.43263e-11	3.27273e-10	
134.549	128230	6863.13	504.463	538.299	538299	390.468	11698.4	10889.7	126414	2.45454e+06	7.89858e-10	4.31716e-10	7.41015e-11	3.25999e-10	
135.187	129082	6836.42	505.553	538.299	538299	390.897	11733.9	10922.8	126822	2.45454e+06	7.87554e-10	4.3073e-10	7.38771e-11	3.2473e-10	
135.825	129933	6809.81	506.643	538.299	538299	391.326	11769.5	10956	127228	2.45454e+06	7.85237e-10	4.29739e-10	7.36527e-11	3.23466e-10	
137.102	131634	6756.89	508.82	538.299	538299	392.183	11840.7	11022.3	128039	2.45454e+06	7.80562e-10	4.27739e-10	7.32044e-11	3.20952e-10	
138.378	133335	6704.31	510.997	538.299	538299	393.041	11912.1	11088.9	128847	2.45454e+06	7.75832e-10	4.25714e-10	7.2756e-11	3.18455e-10	
139.654	135037	6652	513.178	538.299	538299	393.901	11983.9	11155.8	129655	2.45454e+06	7.71042e-10	4.23664e-10	7.23071e-11	3.1597e-10	
140.93	136742	6599.91	515.365	538.299	538299	394.762	12056.1	11223	130461	2.45454e+06	7.66189e-10	4.21586e-10	7.18573e-11	3.13496e-10	
143.247	139855	6505.69	519.363	538.299	538299	396.336	12188.5	11346.2	131928	2.45454e+06	7.57201e-10	4.17738e-10	7.10364e-11	3.0902e-10	
145.564	142999	6411.67	523.41	538.299	538299	397.927	12323	11471.2	133401	2.45454e+06	7.47965e-10	4.13782e-10	7.02078e-11	3.04554e-10	
147.881	146187	6317.52	527.525	538.299	538299	399.54	12460.1	11598.6	134887	2.45454e+06	7.38453e-10	4.09706e-10	6.93686e-11	3.00082e-10	
150.198	149432	6222.93	531.726	538.299	538299	401.182	12600.5	11728.8	136390	2.45454e+06	7.28632e-10	4.05495e-10	6.85158e-11	2.95589e-10	
152.516	152750	6127.55	536.035	538.299	538299	402.859	12744.6	11862.5	137917	2.45454e+06	7.18467e-10	4.01133e-10	6.76462e-11	2.91059e-10	
155.101	156556	6019.83	540.995	538.299	538299	404.779	12910.6	12016.3	139656	2.45454e+06	7.0667e-10	3.96065e-10	6.6652e-11	2.85942e-10	
157.687	160495	5910.28	546.147	538.299	538299	406.762	13083.1	12175.9	141441	2.45454e+06	6.94337e-10	3.90759e-10	6.56278e-11	2.80738e-10	
160.272	164593	5798.42	551.527	538.299	538299	408.817	13263.2	12342.4	143282	2.45454e+06	6.81402e-10	3.85181e-10	6.45683e-11	2.75425e-10	
162.857	168880	5683.77	557.173	538.299	538299	410.958	13452	12516.8	145189	2.45454e+06	6.67793e-10	3.79295e-10	6.34678e-11	2.69979e-10	
165.443	173388	5565.82	563.131	538.299	538299	413.196	13650.9	12700.3	147174	2.45454e+06	6.53433e-10	3.73062e-10	6.23204e-11	2.64376e-10	
168.292	178655	5431.42	570.113	538.299	538299	415.794	13883.5	12914.8	149467	2.45454e+06	6.36643e-10	3.65737e-10	6.09938e-11	2.57992e-10	
171.14	184294	5291.65	577.606	538.299	538299	418.549	14132.4	13144	151890	2.45454e+06	6.1872e-10	3.57866e-10	5.95927e-11	2.51353e-10	
173.989	190371	5145.79	585.695	538.299	538299	421.486	14400.2	13390.3	154464	2.45454e+06	5.99543e-10	3.49374e-10	5.8107e-11	2.44425e-10	
176.837	196964	4993.09	594.476	538.299	538299	424.63	14689.7	13656.4	157214	2.45454e+06	5.78986e-10	3.40178e-10	5.6526e-11	2.37172e-10	
179.686	204164	4832.85	604.056	538.299	538299	428.01	15004.1	13945.1	160167	2.45454e+06	5.56932e-10	3.30187e-10	5.48388e-11	2.2956e-10	
182.535	212078	4664.44	614.554	538.299	538299	431.655	15347	14259.7	163355	2.45454e+06	5.33286e-10	3.19309e-10	5.30349e-11	2.21561e-10	
185.383	220828	4487.37	626.1	538.299	538299	435.595	15722.1	14603.8	166812	2.45454e+06	5.07988e-10	3.07452e-10	5.11046e-11	2.1315e-10	
187.669	228549	4338.82	636.213	538.299	538299	438.991	16049.1	14903.6	169806	2.45454e+06	4.86487e-10	2.97173e-10	4.94591e-11	2.06094e-10	
189.955	236982	4184.56	647.153	538.299	538299	442.61	16401.4	15226.5	173017	2.45454e+06	4.6396e-10	2.86179e-10	4.77255e-11	1.98766e-10	
192.242	246214	4024.78	658.982	538.299	538299	446.463	16780.6	15574.3	176466	2.45454e+06	4.40495e-10	2.74452e-10	4.59042e-11	1.91177e-10	
194.528	256338	3859.96	671.747	538.299	538299	450.556	17188.3	15948.3	180173	2.45454e+06	4.16238e-10	2.61998e-10	4.39987e-11	1.83348e-10	
196.814	267449	3690.82	685.476	538.299	538299	454.89	17625.4	16349.5	184157	2.45454e+06	3.91401e-10	2.48854e-10	4.20164e-11	1.75314e-10	
198.682	277324	3550.16	697.407	538.299	538299	458.603	18004.3	16697.7	187628	2.45454e+06	3.70872e-10	2.37651e-10	4.03481e-11	1.68633e-10	
200.549	287965	3408.08	709.956	538.299	538299	462.462	18402.3	17064	191300	2.45454e+06	3.5033e-10	2.26097e-10	3.86458e-11	1.61884e-10	
202.417	299410	3265.46	723.079	538.299	538299	466.451	18818.2	17447.3	195175	2.45454e+06	3.29983e-10	2.14275e-10	3.69208e-11	1.55109e-10	
204.285	311685	3123.32	736.707	538.299	538299	470.548	19250.3	17846.2	199251	2.45454e+06	3.10056e-10	2.02287e-10	3.51868e-11	1.48358e-10	
206.153	324800	2982.76	750.744	538.299	538299	474.728	19696	18258.5	203523	2.45454e+06	2.90776e-10	1.90253e-10	3.3459e-11	1.41681e-10	
208.021	338749	2844.95	765.069	538.299	538299	478.958	20152	18681.5	207977	2.45454e+06	2.72357e-10	1.78308e-10	3.17539e-11	1.35135e-10	
209.518	350507	2737.28	776.659	538.299	538299	482.358	20522.3	19025.8	211665	2.45454e+06	2.58349e-10	1.68893e-10	3.04152e-11	1.30021e-10	
210.71	360228	2653.63	785.91	538.299	538299	485.061	20819	19302.1	214671	2.45454e+06	2.47724e-10	1.6154e-10	2.93719e-11	1.26048e-10	
211.903	370241	2572.2	795.127	538.299	538299	487.747	21115.7	19579	217729	2.45454e+06	2.37612e-10	1.54358e-10	2.83538e-11	1.22179e-10	
212.935	379124	2503.69	803.041	538.299	538299	490.048	21371.5	19818.3	220410	2.45454e+06	2.29294e-10	1.48305e-10	2.7496e-11	1.18925e-10	
213.967	388190	2437.17	810.87	538.299	538299	492.321	21625.7	20056.4	223117	2.45454e+06	2.2139e-10	1.42423e-10	2.66619e-11	1.15765e-10	
215	397421	2372.73	818.587	538.299	538299	494.56	21877.4	20292.5	225845	2.45454e+06	2.13906e-10	1.36726e-10	2.58534e-11	1.12705e-10	
216.032	406795	2310.49	826.165	538.299	538299	496.758	22125.9	20526	228585	2.45454e+06	2.06842e-10	1.3123e-10	2.50721e-11	1.09748e-10	
217.064	416288	2250.53	833.582	538.299	538299	498.91	22370.5	20756.2	231332	2.45454e+06	2.00196e-10	1.25945e-10	2.43193e-11	1.069e-10	
218.096	425878	2192.91	840.815	538.299	538299	501.011	22610.3	20982.4	234077	2.45454e+06	1.93962e-10	1.2088e-10	2.3596e-11	1.04163e-10	
218.944	433809	2147.35	846.606	538.299	538299	502.694	22803.5	21164.9	236326	2.45454e+06	1.89142e-10	1.16888e-10	2.30244e-11	1.01999e-10	
219.792	441774	2103.41	852.251	538.299	538299	504.338	22992.8	21343.8	238566	2.45454e+06	1.84587e-10	1.13052e-10	2.24734e-11	9.9912e-11	
220.64	449756	2061.1	857.74	538.299	538299	505.939	23177.8	21519.1	240792	2.45454e+06	1.80289e-10	1.09372e-10	2.19433e-11	9.79024e-11	
221.488	457742	2020.42	863.068	538.299	538299	507.495	23358.5	21690.4	243001	2.45454e+06	1.76238e-10	1.05849e-10	2.1434e-11	9.59701e-11	
222.336	465716	1981.36	868.229	538.299	538299	509.007	23534.5	21857.5	245188	2.45454e+06	1.72427e-10	1.02482e-10	2.09454e-11	9.41146e-11	
223.184	473664	1943.9	873.218	538.299	538299	510.471	23705.6	22020.2	247351	2.45454e+06	1.68844e-10	9.92686e-11	2.04774e-11	9.23352e-11	
224.032	481571	1908.02	878.031	538.299	538299	511.888	23871.8	22178.3	249484	2.45454e+06	1.65479e-10	9.62071e-11	2.00298e-11	9.06309e-11	
224.88	489425	1873.69	882.668	538.299	538299	513.257	24032.8	22331.7	251587	2.45454e+06	1.62322e-10	9.32944e-11	1.96021e-11	8.90004e-11	
226.162	501165	1824.68	889.34	538.299	538299	515.235	24266.2	22554.4	254698	2.45454e+06	1.57921e-10	8.91651e-11	1.89925e-11	8.66721e-11	
227.444	512710	1779.01	895.606	538.299	538299	517.101	24487.6	22765.9	257720	2.45454e+06	1.53935e-10	8.53528e-11	1.84258e-11	8.45031e-11	
228.726	524017	1736.56	901.472	538.299	538299	518.857	24696.7	22966	260645	2.45454e+06	1.50328e-10	8.18415e-11	1.79003e-11	8.24866e-11	
230.008	535054	1697.17	906.948	538.299	538299	520.506	24893.8	23154.9	263467	2.45454e+06	1.47067e-10	7.86139e-11	1.74139e-11	8.06154e-11	
231.29	545790	1660.67	912.046	538.299	538299	522.049	25079	23332.5	266179	2.45454e+06	1.4412e-10	7.56522e-11	1.69644e-11	7.88819e-11	
232.573	556197	1626.91	916.782	538.299	538299	523.49	25252.6	23499.2	268777	2.45454e+06	1.41457e-10	7.29382e-11	1.65496e-11	7.72783e-11	
234.646	572280	1577.68	923.715	538.299	538299	525.615	25509.6	23746.3	272733	2.45454e+06	1.37682e-10	6.90284e-11	1.59468e-11	7.494e-11	
236.719	587384	1534.5	929.819	538.299	538299	527.503	25738.9	23967.2	276379	2.45454e+06	1.34476e-10	6.56478e-11	1.542e-11	7.28885e-11	
238.418	599000	1503.16	934.259	538.299	538299	528.886	25907.7	24129.9	279137	2.45454e+06	1.3221e-10	6.32256e-11	1.5039e-11	7.13999e-11	
240.116	609924	1475.09	938.239	538.299	538299	530.135	26060.5	24277.3	281691	2.45454e+06	1.30223e-10	6.10797e-11	1.46989e-11	7.00668e-11	
241.815	620155	1449.98	941.801	538.299	538299	531.26	26198.5	24410.5	284049	2.45454e+06	1.28478e-10	5.91792e-11	1.43954e-11	6.88741e-11	
243.513	629703	1427.54	944.986	538.299	538299	532.271	26322.9	24530.8	286218	2.45454e+06	1.26945e-10	5.74964e-11	1.41247e-11	6.7808e-11	
245.212	638583	1407.48	947.831	538.299	538299	533.179	26435	24639.1	288206	2.45454e+06	1.25595e-10	5.60061e-11	1.38835e-11	6.68555e-11	
246.91	646817	1389.58	950.369	538.299	538299	533.994	26535.7	24736.5	290024	2.45454e+06	1.24405e-10	5.46862e-11	1.36686e-11	6.6005e-11	
248.609	654430	1373.59	952.633	538.299	538299	534.724	26626.2	24824	291682	2.45454e+06	1.23354e-10	5.35167e-11	1.34772e-11	6.52457e-11	
250.308	661451	1359.33	954.652	538.299	538299	535.378	26707.3	24902.5	293190	2.45454e+06	1.22425e-10	5.24801e-11	1.33066e-11	6.45681e-11	
252.006	667911	1346.6	956.452	538.299	538299	535.964	26780.1	24972.9	294559	2.45454e+06	1.21603e-10	5.15609e-11	1.31547e-11	6.39634e-11	
253.705	673841	1335.24	958.057	538.299	538299	536.488	26845.3	25036.1	295800	2.45454e+06	1.20874e-10	5.07454e-11	1.30193e-11	6.34238e-11	
255.403	679275	1325.1	959.487	538.299	538299	536.956	26903.6	25092.6	296923	2.45454e+06	1.20228e-10	5.00214e-11	1.28987e-11	6.29423e-11	
257.102	684244	1316.05	960.761	538.299	538299	537.375	26955.9	25143.2	297938	2.45454e+06	1.19653e-10	4.93784e-11	1.27911e-11	6.25125e-11	
258.8	688781	1307.98	961.898	538.299	538299	537.749	27002.7	25188.5	298853	2.45454e+06	1.19142e-10	4.88069e-11	1.26953e-11	6.2129e-11	
259.098	689532	1306.66	962.084	538.299	538299	537.811	27010.4	25195.9	299003	2.45454e+06	1.19059e-10	4.87137e-11	1.26796e-11	6.20663e-11	
259.395	690272	1305.36	962.266	538.299	538299	537.871	27017.9	25203.2	299151	2.45454e+06	1.18977e-10	4.86223e-11	1.26643e-11	6.20048e-11	
259.692	690999	1304.1	962.444	538.299	538299	537.93	27025.3	25210.4	299296	2.45454e+06	1.18897e-10	4.85329e-11	1.26492e-11	6.19445e-11	
259.989	691715	1302.85	962.619	538.299	538299	537.987	27032.5	25217.4	299439	2.45454e+06	1.18819e-10	4.84452e-11	1.26345e-11	6.18854e-11	
260.286	692419	1301.63	962.791	538.299	538299	538.044	27039.6	25224.2	299579	2.45454e+06	1.18742e-10	4.83593e-11	1.262e-11	6.18275e-11	
260.88	693793	1299.26	963.123	538.299	538299	538.154	27053.3	25237.6	299851	2.45454e+06	1.18593e-10	4.81927e-11	1.25919e-11	6.1715e-11	
261.474	695122	1296.99	963.443	538.299	538299	538.26	27066.6	25250.4	300114	2.45454e+06	1.1845e-10	4.80327e-11	1.2565e-11	6.16069e-11	
262.069	696408	1294.8	963.75	538.299	538299	538.362	27079.3	25262.7	300367	2.45454e+06	1.18312e-10	4.78792e-11	1.2539e-11	6.1503e-11	
262.663	697652	1292.7	964.046	538.299	538299	538.459	27091.6	25274.6	300610	2.45454e+06	1.1818e-10	4.77318e-11	1.25141e-11	6.14031e-11	
263.877	700070	1288.65	964.613	538.299	538299	538.648	27115.2	25297.5	301081	2.45454e+06	1.17926e-10	4.74484e-11	1.24662e-11	6.12109e-11	
265.092	702326	1284.92	965.137	538.299	538299	538.822	27137	25318.6	301518	2.45454e+06	1.17691e-10	4.71876e-11	1.24221e-11	6.10335e-11	
266.307	704431	1281.47	965.62	538.299	538299	538.982	27157.1	25338.1	301922	2.45454e+06	1.17476e-10	4.69474e-11	1.23813e-11	6.08699e-11	
267.522	706394	1278.29	966.064	538.299	538299	539.13	27175.7	25356.1	302296	2.45454e+06	1.17276e-10	4.67263e-11	1.23438e-11	6.0719e-11	
269.559	709389	1273.51	966.734	538.299	538299	539.354	27203.8	25383.2	302863	2.45454e+06	1.16976e-10	4.63937e-11	1.22872e-11	6.04916e-11	
271.596	712049	1269.32	967.32	538.299	538299	539.549	27228.3	25407	303360	2.45454e+06	1.16714e-10	4.61036e-11	1.22378e-11	6.02927e-11	
273.633	714406	1265.66	967.831	538.299	538299	539.72	27249.8	25427.9	303797	2.45454e+06	1.16485e-10	4.58505e-11	1.21946e-11	6.01188e-11	
275.67	716494	1262.46	968.278	538.299	538299	539.87	27268.6	25446.1	304180	2.45454e+06	1.16284e-10	4.56295e-11	1.21568e-11	5.99667e-11	
277.707	718341	1259.65	968.668	538.299	538299	540	27285.1	25462	304516	2.45454e+06	1.16108e-10	4.54364e-11	1.21238e-11	5.98336e-11	
279.744	719975	1257.2	969.01	538.299	538299	540.115	27299.5	25476	304810	2.45454e+06	1.15954e-10	4.52677e-11	1.20949e-11	5.97171e-11	
281.78	721418	1255.06	969.309	538.299	538299	540.215	27312.2	25488.2	305068	2.45454e+06	1.15819e-10	4.51202e-11	1.20696e-11	5.96152e-11	
283.817	722692	1253.18	969.571	538.299	538299	540.303	27323.3	25499	305295	2.45454e+06	1.15701e-10	4.49911e-11	1.20474e-11	5.95258e-11	
286.358	724073	1251.15	969.852	538.299	538299	540.398	27335.2	25510.5	305538	2.45454e+06	1.15574e-10	4.48525e-11	1.20236e-11	5.94298e-11	
288.899	725254	1249.44	970.09	538.299	538299	540.478	27345.3	25520.3	305745	2.45454e+06	1.15466e-10	4.4735e-11	1.20034e-11	5.93483e-11	
291.439	726262	1247.98	970.293	538.299	538299	540.546	27353.9	25528.6	305920	2.45454e+06	1.15374e-10	4.46354e-11	1.19863e-11	5.92792e-11	
293.98	727124	1246.75	970.464	538.299	538299	540.604	27361.2	25535.7	306069	2.45454e+06	1.15296e-10	4.45509e-11	1.19718e-11	5.92205e-11	
296.52	727859	1245.7	970.61	538.299	538299	540.653	27367.3	25541.7	306195	2.45454e+06	1.1523e-10	4.44793e-11	1.19594e-11	5.91707e-11	
299.551	728595	1244.65	970.755	538.299	538299	540.702	27373.5	25547.6	306321	2.45454e+06	1.15163e-10	4.44078e-11	1.19471e-11	5.9121e-11	
302.581	729205	1243.79	970.874	538.299	538299	540.742	27378.6	25552.5	306424	2.45454e+06	1.15109e-10	4.43491e-11	1.1937e-11	5.90802e-11	
305.612	729708	1243.08	970.972	538.299	538299	540.775	27382.8	25556.6	306510	2.45454e+06	1.15064e-10	4.43007e-11	1.19287e-11	5.90465e-11	
308.643	730124	1242.5	971.053	538.299	538299	540.802	27386.2	25559.9	306580	2.45454e+06	1.15027e-10	4.42609e-11	1.19218e-11	5.90188e-11	
311.673	730467	1242.02	971.12	538.299	538299	540.825	27389.1	25562.7	306637	2.45454e+06	1.14996e-10	4.42281e-11	1.19162e-11	5.8996e-11	
314.704	730751	1241.62	971.175	538.299	538299	540.843	27391.4	25564.9	306685	2.45454e+06	1.14971e-10	4.42011e-11	1.19115e-11	5.89771e-11	
319.307	731090	1241.15	971.24	538.299	538299	540.865	27394.2	25567.6	306741	2.45454e+06	1.14941e-10	4.41689e-11	1.19059e-11	5.89547e-11	
323.91	731343	1240.8	971.289	538.299	538299	540.882	27396.3	25569.6	306783	2.45454e+06	1.14919e-10	4.4145e-11	1.19018e-11	5.8938e-11	
328.513	731532	1240.54	971.325	538.299	538299	540.894	27397.8	25571.1	306815	2.45454e+06	1.14902e-10	4.41271e-11	1.18987e-11	5.89255e-11	
333.116	731673	1240.34	971.353	538.299	538299	540.903	27399	25572.3	306838	2.45454e+06	1.1489e-10	4.41138e-11	1.18964e-11	5.89162e-11	
337.719	731778	1240.2	971.373	538.299	538299	540.91	27399.8	25573.1	306855	2.45454e+06	1.1488e-10	4.41038e-11	1.18947e-11	5.89093e-11	
342.322	731857	1240.09	971.388	538.299	538299	540.915	27400.5	25573.7	306868	2.45454e+06	1.14874e-10	4.40964e-11	1.18934e-11	5.89041e-11	
348.857	731935	1239.98	971.403	538.299	538299	540.92	27401.1	25574.3	306881	2.45454e+06	1.14867e-10	4.4089e-11	1.18921e-11	5.8899e-11	
355.392	731987	1239.91	971.413	538.299	538299	540.924	27401.5	25574.8	306890	2.45454e+06	1.14862e-10	4.40841e-11	1.18913e-11	5.88956e-11	
361.927	732021	1239.86	971.419	538.299	538299	540.926	27401.8	25575	306896	2.45454e+06	1.14859e-10	4.40809e-11	1.18907e-11	5.88933e-11	
368.462	732044	1239.83	971.424	538.299	538299	540.927	27402	25575.2	306899	2.45454e+06	1.14857e-10	4.40787e-11	1.18904e-11	5.88918e-11	
374.997	732059	1239.81	971.427	538.299	538299	540.928	27402.1	25575.3	306902	2.45454e+06	1.14856e-10	4.40773e-11	1.18901e-11	5.88908e-11	
381.532	732069	1239.79	971.429	538.299	538299	540.929	27402.2	25575.4	306903	2.45454e+06	1.14855e-10	4.40764e-11	1.189e-11	5.88902e-11	
390.382	732077	1239.78	971.43	538.299	538299	540.929	27402.3	25575.5	306905	2.45454e+06	1.14854e-10	4.40756e-11	1.18898e-11	5.88897e-11	
399.231	732082	1239.78	971.431	538.299	538299	540.93	27402.3	25575.5	306906	2.45454e+06	1.14854e-10	4.40752e-11	1.18898e-11	5.88893e-11	
408.08	732085	1239.77	971.431	538.299	538299	540.93	27402.3	25575.5	306906	2.45454e+06	1.14853e-10	4.40749e-11	1.18897e-11	5.88892e-11	
416.93	732086	1239.77	971.432	538.299	538299	540.93	27402.4	25575.5	306906	2.45454e+06	1.14853e-10	4.40748e-11	1.18897e-11	5.88891e-11	
425.779	732087	1239.77	971.432	538.299	538299	540.93	27402.4	25575.5	306906	2.45454e+06	1.14853e-10	4.40747e-11	1.18897e-11	5.8889e-11	
434.629	732088	1239.77	971.432	538.299	538299	540.93	27402.4	25575.5	306906	2.45454e+06	1.14853e-10	4.40746e-11	1.18897e-11	5.8889e-11	
447.942	732088	1239.77	971.432	538.299	538299	540.93	27402.4	25575.5	306907	2.45454e+06	1.14853e-10	4.40746e-11	1.18897e-11	5.88889e-11	
461.256	732088	1239.77	971.432	538.299	538299	540.93	27402.4	25575.5	306907	2.45454e+06	1.14853e-10	4.40746e-11	1.18897e-11	5.88889e-11	
474.57	732088	1239.77	971.432	538.299	538299	540.93	27402.4	25575.5	306907	2.45454e+06	1.14853e-10	4.40746e-11	1.18897e-11	5.88889e-11	
487.883	732088	1239.77	971.432	538.299	538299	540.93	27402.4	25575.5	306907	2.45454e+06	1.14853e-10	4.40746e-11	1.18897e-11	5.88889e-11	
500	732088	1239.77	971.432	538.299	538299	540.93	27402.4	25575.5	306907	2.45454e+06	1.14853e-10	4.40746e-11	1.18897e-11	5.88889e-11	
