# Time	[Z]	[mu2]	[mZ]	[mF]	[F]	[mP]	[PE]	[PG]	[PM]	[STAT]	
0	4030.71	21595.1	46.9655	60	60000	73.9875	1115.67	1041.3	12495.6	40339.9	
1e-09	4030.71	21595.1	46.9655	60	60000	73.9875	1115.67	1041.3	12495.6	40339.9	
2e-09	4030.71	21595.1	46.9655	60	60000	73.9875	1115.67	1041.3	12495.6	40339.9	
1.0002e-05	4030.71	21595.1	46.9657	60	60000	73.9875	1115.67	1041.3	12495.6	40339.9	
2.0002e-05	4030.71	21595.1	46.9659	60	60000	73.9875	1115.67	1041.3	12495.6	40339.9	
0.000120002	4030.71	21595.1	46.9676	60	60000	73.9875	1115.67	1041.3	12495.6	40339.9	
0.000220002	4030.71	21595.1	46.9693	60	60000	73.9875	1115.67	1041.3	12495.6	40339.9	
0.000320002	4030.71	21595.1	46.971	60	60000	73.9875	1115.67	1041.3	12495.6	40339.9	
0.00132	4030.71	21594.8	46.9881	60	60000	73.9875	1115.67	1041.3	12495.6	40339.9	
0.00232	4030.71	21594.5	47.0052	60	60000	73.9875	1115.67	1041.3	12495.6	40339.9	
0.00332	4030.72	21594.2	47.0223	60	60000	73.9875	1115.67	1041.3	12495.6	40339.9	
0.00432	4030.72	21593.9	47.0394	60	60000	73.9875	1115.67	1041.3	12495.6	40339.9	
0.01432	4030.73	21591.1	47.2086	60	60000	73.9876	1115.68	1041.3	12495.6	40339.9	
0.02432	4030.76	21588.3	47.3754	60	60000	73.9876	1115.68	1041.3	12495.6	40339.9	
0.03432	4030.8	21585.5	47.5399	60	60000	73.9877	1115.68	1041.3	12495.6	40339.9	
0.04432	4030.86	21582.7	47.702	60	60000	73.9878	1115.69	1041.3	12495.6	40339.9	
0.05432	4030.93	21579.8	47.8619	60	60000	73.9879	1115.7	1041.3	12495.6	40339.9	
0.15432	4032.39	21551.6	49.3416	60	60000	73.9904	1115.86	1041.31	12495.6	40339.9	
0.25432	4035.07	21523.2	50.6263	60	60000	73.9951	1116.15	1041.36	12495.6	40339.9	
0.35432	4038.79	21494.7	51.7426	60	60000	74.0018	1116.57	1041.45	12495.6	40339.9	
0.45432	4043.42	21466.1	52.7135	60	60000	74.0103	1117.09	1041.61	12495.6	40339.9	
0.55432	4048.84	21437.6	53.5589	60	60000	74.0204	1117.71	1041.82	12495.7	40339.9	
0.65432	4054.93	21409	54.2959	60	60000	74.0319	1118.42	1042.1	12495.8	40339.9	
0.824898	4066.63	21360.3	55.3441	60	60000	74.0547	1119.79	1042.74	12496.1	40339.9	
0.995477	4079.67	21311.7	56.1798	60	60000	74.0806	1121.33	1043.57	12496.7	40339.9	
1.16606	4093.75	21263.3	56.85	60	60000	74.1093	1123.03	1044.58	12497.5	40339.9	
1.33663	4108.65	21215.1	57.3914	60	60000	74.1402	1124.84	1045.76	12498.6	40339.9	
1.50721	4124.19	21167.2	57.8326	60	60000	74.173	1126.75	1047.09	12500.1	40339.9	
1.67779	4140.22	21119.7	58.1959	60	60000	74.2073	1128.74	1048.55	12502	40339.9	
1.84837	4156.65	21072.4	58.4985	60	60000	74.2429	1130.79	1050.12	12504.2	40339.9	
2.01895	4173.38	21025.4	58.7541	60	60000	74.2796	1132.9	1051.79	12506.9	40339.9	
2.18953	4190.35	20978.8	58.973	60	60000	74.3171	1135.04	1053.54	12510.1	40339.9	
2.3601	4207.51	20932.6	59.1634	60	60000	74.3553	1137.22	1055.37	12513.7	40339.9	
2.56411	4228.22	20877.7	59.3626	60	60000	74.4016	1139.85	1057.62	12518.7	40339.9	
2.76812	4249.1	20823.4	59.5384	60	60000	74.4486	1142.52	1059.94	12524.3	40339.9	
2.97213	4270.1	20769.6	59.697	60	60000	74.496	1145.2	1062.32	12530.6	40339.9	
3.17614	4291.19	20716.3	59.843	60	60000	74.5436	1147.89	1064.74	12537.6	40339.9	
3.38015	4312.36	20663.5	59.9797	60	60000	74.5914	1150.59	1067.18	12545.2	40339.9	
3.58416	4333.59	20611.2	60.1097	60	60000	74.6394	1153.29	1069.66	12553.6	40339.9	
3.82615	4358.83	20549.9	60.2576	60	60000	74.6963	1156.5	1072.61	12564.3	40339.9	
4.06815	4384.12	20489.3	60.401	60	60000	74.7531	1159.7	1075.57	12575.8	40339.9	
4.31014	4409.46	20429.3	60.5412	60	60000	74.8098	1162.9	1078.54	12588.3	40339.9	
4.55213	4434.84	20370.1	60.6796	60	60000	74.8663	1166.08	1081.52	12601.5	40339.9	
4.79412	4460.25	20311.6	60.8167	60	60000	74.9225	1169.26	1084.49	12615.6	40339.9	
5.10164	4492.59	20238.2	60.9902	60	60000	74.9936	1173.27	1088.26	12634.6	40339.9	
5.40915	4524.97	20165.9	61.1634	60	60000	75.0643	1177.26	1092.01	12654.8	40339.9	
5.71666	4557.41	20094.7	61.3369	60	60000	75.1343	1181.22	1095.74	12676	40339.9	
6.02418	4589.89	20024.5	61.5109	60	60000	75.2039	1185.15	1099.45	12698.4	40339.9	
6.33169	4622.42	19955.4	61.6857	60	60000	75.2729	1189.06	1103.14	12721.7	40339.9	
6.70821	4662.31	19872.1	61.901	60	60000	75.3565	1193.8	1107.63	12751.5	40339.9	
7.08473	4702.28	19790.4	62.1177	60	60000	75.4393	1198.5	1112.07	12782.6	40339.9	
7.46125	4742.33	19710.1	62.3361	60	60000	75.5212	1203.15	1116.47	12815	40339.9	
7.83777	4782.45	19631.2	62.5561	60	60000	75.6022	1207.76	1120.83	12848.4	40339.9	
8.21321	4822.54	19554	62.7771	60	60000	75.682	1212.3	1125.14	12882.8	40339.9	
8.58864	4862.72	19478.2	62.9999	60	60000	75.761	1216.81	1129.41	12918.1	40339.9	
8.96408	4902.98	19403.7	63.2243	60	60000	75.839	1221.27	1133.63	12954.3	40339.9	
9.33951	4943.33	19330.5	63.4506	60	60000	75.9162	1225.68	1137.81	12991.2	40339.9	
9.99271	5013.75	19206.2	63.8484	60	60000	76.0483	1233.25	1144.99	13057.1	40339.9	
10.6459	5084.46	19085.8	64.2516	60	60000	76.1778	1240.69	1152.03	13124.9	40339.9	
11.2991	5155.46	18969	64.6603	60	60000	76.3047	1247.99	1158.96	13194.1	40339.9	
11.9523	5226.77	18855.7	65.0746	60	60000	76.4289	1255.15	1165.75	13264.6	40339.9	
12.9447	5335.72	18690	65.7147	60	60000	76.6129	1265.79	1175.84	13373.4	40339.9	
13.9371	5445.43	18531.8	66.3681	60	60000	76.7911	1276.12	1185.64	13483.7	40339.9	
14.1852	5472.98	18493.4	66.5335	60	60000	76.8348	1278.66	1188.05	13511.4	40339.9	
14.4333	5500.58	18455.4	66.6998	60	60000	76.8781	1281.18	1190.44	13539.1	40339.9	
14.6814	5528.24	18417.8	66.8669	60	60000	76.9211	1283.68	1192.81	13566.9	40339.9	
14.9295	5555.94	18380.7	67.0349	60	60000	76.9637	1286.16	1195.16	13594.7	40339.9	
15.1561	5581.28	18347.1	67.189	60	60000	77.0024	1288.41	1197.3	13620.1	40339.9	
15.3826	5606.67	18313.9	67.3439	60	60000	77.0407	1290.65	1199.42	13645.5	40339.9	
15.6092	5632.1	18281	67.4995	60	60000	77.0788	1292.87	1201.53	13670.9	40339.9	
15.955	5671	18231.5	67.7383	60	60000	77.1364	1296.23	1204.72	13709.7	40339.9	
16.3009	5710.01	18182.7	67.9789	60	60000	77.1933	1299.56	1207.88	13748.4	40339.9	
16.6467	5749.12	18134.7	68.2212	60	60000	77.2496	1302.85	1211	13787.1	40339.9	
17.4483	5840.19	18026.2	68.7894	60	60000	77.3778	1310.36	1218.12	13876.4	40339.9	
18.25	5931.86	17921.4	69.367	60	60000	77.5026	1317.68	1225.08	13965.2	40339.9	
18.4504	5954.87	17895.8	69.5129	60	60000	77.5333	1319.49	1226.79	13987.3	40339.9	
18.6508	5977.92	17870.5	69.6594	60	60000	77.5638	1321.28	1228.49	14009.4	40339.9	
18.8512	6001	17845.3	69.8065	60	60000	77.5941	1323.06	1230.18	14031.4	40339.9	
19.0516	6024.13	17820.3	69.9542	60	60000	77.6242	1324.84	1231.86	14053.3	40339.9	
19.2767	6050.15	17792.6	70.1209	60	60000	77.6578	1326.81	1233.74	14077.9	40339.9	
19.5019	6076.23	17765.1	70.2883	60	60000	77.6911	1328.78	1235.61	14102.4	40339.9	
19.727	6102.35	17737.8	70.4565	60	60000	77.7243	1330.73	1237.46	14126.9	40339.9	
20.3556	6175.56	17663.2	70.9301	60	60000	77.8154	1336.11	1242.57	14194.7	40339.9	
20.5127	6193.93	17644.8	71.0495	60	60000	77.8379	1337.44	1243.83	14211.5	40339.9	
20.6698	6212.32	17626.6	71.1693	60	60000	77.8603	1338.76	1245.08	14228.4	40339.9	
20.827	6230.73	17608.5	71.2894	60	60000	77.8826	1340.08	1246.33	14245.1	40339.9	
21.0128	6252.54	17587.2	71.432	60	60000	77.9088	1341.63	1247.8	14264.9	40339.9	
21.1987	6274.39	17566.1	71.5752	60	60000	77.9349	1343.17	1249.27	14284.6	40339.9	
21.3845	6296.28	17545.2	71.7189	60	60000	77.9608	1344.7	1250.72	14304.3	40339.9	
22.071	6377.44	17469.3	72.2545	60	60000	78.0551	1350.29	1256.02	14376.4	40339.9	
22.2426	6397.81	17450.6	72.3895	60	60000	78.0784	1351.67	1257.33	14394.3	40339.9	
22.4143	6418.21	17432.1	72.5251	60	60000	78.1015	1353.04	1258.64	14412.1	40339.9	
22.5859	6438.65	17413.7	72.6612	60	60000	78.1245	1354.41	1259.93	14429.9	40339.9	
22.7748	6461.17	17393.6	72.8114	60	60000	78.1497	1355.9	1261.35	14449.4	40339.9	
22.9637	6483.74	17373.7	72.9623	60	60000	78.1747	1357.39	1262.76	14468.8	40339.9	
23.1526	6506.35	17353.9	73.1138	60	60000	78.1996	1358.87	1264.16	14488.2	40339.9	
23.8301	6587.78	17284.2	73.662	60	60000	78.2876	1364.1	1269.13	14557	40339.9	
23.9995	6608.22	17267.1	73.8002	60	60000	78.3093	1365.4	1270.36	14574	40339.9	
24.1689	6628.69	17250.1	73.939	60	60000	78.331	1366.68	1271.58	14591	40339.9	
24.3383	6649.2	17233.2	74.0782	60	60000	78.3524	1367.96	1272.79	14608	40339.9	
24.5238	6671.69	17214.8	74.2313	60	60000	78.3758	1369.36	1274.12	14626.5	40339.9	
24.7093	6694.23	17196.6	74.3849	60	60000	78.3991	1370.74	1275.43	14644.9	40339.9	
24.8948	6716.81	17178.5	74.5392	60	60000	78.4223	1372.12	1276.74	14663.2	40339.9	
25.6461	6808.7	17106.5	75.17	60	60000	78.5146	1377.64	1281.97	14736.7	40339.9	
25.8339	6831.78	17088.8	75.3293	60	60000	78.5374	1379	1283.26	14754.9	40339.9	
26.0217	6854.91	17071.3	75.4892	60	60000	78.56	1380.35	1284.54	14773	40339.9	
26.2095	6878.08	17053.9	75.6497	60	60000	78.5825	1381.7	1285.82	14791.1	40339.9	
26.3973	6901.28	17036.6	75.8108	60	60000	78.6049	1383.03	1287.09	14809	40339.9	
26.5851	6924.54	17019.4	75.9726	60	60000	78.6271	1384.37	1288.35	14826.9	40339.9	
26.7728	6947.84	17002.4	76.135	60	60000	78.6493	1385.69	1289.61	14844.7	40339.9	
27.3104	7014.81	16954.3	76.6036	60	60000	78.7119	1389.44	1293.16	14895.2	40339.9	
27.848	7082.17	16907.1	77.0776	60	60000	78.7735	1393.14	1296.67	14945.1	40339.9	
28.3856	7149.93	16860.8	77.5571	60	60000	78.8342	1396.78	1300.12	14994.4	40339.9	
28.7982	7202.21	16826	77.9289	60	60000	78.8802	1399.54	1302.73	15031.8	40339.9	
29.2108	7254.73	16791.6	78.304	60	60000	78.9255	1402.27	1305.32	15068.8	40339.9	
29.6233	7307.51	16757.7	78.6825	60	60000	78.9704	1404.97	1307.88	15105.4	40339.9	
30.0887	7367.35	16720.1	79.1135	60	60000	79.0204	1407.97	1310.73	15146.3	40339.9	
30.5541	7427.52	16683.1	79.549	60	60000	79.0697	1410.95	1313.54	15186.7	40339.9	
31.0195	7488.03	16646.7	79.9889	60	60000	79.1184	1413.88	1316.32	15226.7	40339.9	
31.5734	7560.5	16604	80.5185	60	60000	79.1756	1417.33	1319.59	15273.7	40339.9	
32.1272	7633.47	16562.2	81.0547	60	60000	79.2319	1420.74	1322.81	15320	40339.9	
32.6811	7706.97	16521.1	81.5977	60	60000	79.2874	1424.09	1325.99	15365.7	40339.9	
33.2899	7788.37	16476.8	82.2024	60	60000	79.3475	1427.73	1329.43	15415.2	40339.9	
33.8987	7870.44	16433.3	82.8156	60	60000	79.4067	1431.32	1332.82	15464	40339.9	
34.5076	7953.19	16390.6	83.4376	60	60000	79.4649	1434.85	1336.17	15512	40339.9	
35.2924	8060.93	16336.6	84.2525	60	60000	79.5388	1439.34	1340.41	15572.9	40339.9	
35.4886	8088.05	16323.3	84.4586	60	60000	79.5571	1440.45	1341.46	15587.9	40339.9	
35.6848	8115.25	16310.1	84.6657	60	60000	79.5753	1441.56	1342.5	15602.9	40339.9	
35.881	8142.53	16297	84.8737	60	60000	79.5934	1442.66	1343.54	15617.7	40339.9	
36.0916	8171.89	16283	85.098	60	60000	79.6127	1443.83	1344.65	15633.7	40339.9	
36.3021	8201.34	16269	85.3235	60	60000	79.6319	1445	1345.76	15649.5	40339.9	
36.5127	8230.88	16255.1	85.5501	60	60000	79.6511	1446.17	1346.86	15665.2	40339.9	
36.9853	8297.54	16224.3	86.063	60	60000	79.6937	1448.77	1349.31	15700.3	40339.9	
37.4579	8364.69	16193.9	86.5818	60	60000	79.736	1451.34	1351.74	15734.9	40339.9	
37.9305	8432.34	16163.8	87.1067	60	60000	79.7778	1453.89	1354.15	15769.2	40339.9	
39.3337	8636.25	16076.6	88.7019	60	60000	79.8996	1461.33	1361.17	15868.7	40339.9	
39.6845	8687.97	16055.2	89.1096	60	60000	79.9295	1463.16	1362.89	15893.1	40339.9	
40.0353	8740.01	16034.1	89.5211	60	60000	79.9593	1464.98	1364.61	15917.3	40339.9	
40.3861	8792.36	16013	89.9362	60	60000	79.9888	1466.79	1366.31	15941.3	40339.9	
40.7369	8845.03	15992.2	90.3552	60	60000	80.0182	1468.59	1368.01	15965.1	40339.9	
41.143	8906.41	15968.2	90.8449	60	60000	80.052	1470.66	1369.96	15992.5	40339.9	
41.549	8968.24	15944.5	91.3399	60	60000	80.0856	1472.72	1371.9	16019.6	40339.9	
41.955	9030.53	15920.9	91.8403	60	60000	80.1189	1474.77	1373.82	16046.4	40339.9	
43.2306	9229.33	15848.1	93.4483	60	60000	80.2224	1481.13	1379.8	16129.4	40339.9	
44.5062	9433.14	15776.9	95.1137	60	60000	80.3241	1487.38	1385.68	16210.4	40339.9	
44.8251	9484.92	15759.3	95.5394	60	60000	80.3493	1488.94	1387.14	16230.3	40339.9	
45.144	9537.04	15741.9	95.9691	60	60000	80.3743	1490.48	1388.59	16250.1	40339.9	
45.4629	9589.51	15724.4	96.4026	60	60000	80.3994	1492.02	1390.04	16269.8	40339.9	
45.7818	9642.34	15707.1	96.8402	60	60000	80.4243	1493.56	1391.48	16289.4	40339.9	
45.9971	9678.2	15695.4	97.1379	60	60000	80.4411	1494.6	1392.45	16302.6	40339.9	
46.2124	9714.23	15683.8	97.4374	60	60000	80.4578	1495.63	1393.42	16315.7	40339.9	
46.4276	9750.43	15672.2	97.7388	60	60000	80.4745	1496.66	1394.39	16328.7	40339.9	
47.1064	9865.71	15635.9	98.7018	60	60000	80.527	1499.91	1397.43	16369.6	40339.9	
47.7851	9982.75	15599.8	99.6845	60	60000	80.5792	1503.14	1400.46	16410.1	40339.9	
48.4638	10101.6	15563.9	100.688	60	60000	80.6312	1506.36	1403.47	16450.2	40339.9	
49.8153	10344.1	15493.2	102.748	60	60000	80.7342	1512.75	1409.45	16528.8	40339.9	
51.1667	10594.9	15423.1	104.899	60	60000	80.8367	1519.11	1415.4	16606.1	40339.9	
51.5046	10658.9	15405.6	105.451	60	60000	80.8623	1520.71	1416.88	16625.3	40339.9	
51.8425	10723.5	15388.2	106.009	60	60000	80.8879	1522.3	1418.37	16644.4	40339.9	
52.1803	10788.7	15370.8	106.574	60	60000	80.9135	1523.89	1419.86	16663.4	40339.9	
52.5182	10854.5	15353.4	107.145	60	60000	80.9391	1525.49	1421.34	16682.4	40339.9	
52.7025	10890.6	15343.9	107.46	60	60000	80.9531	1526.36	1422.15	16692.7	40339.9	
52.8868	10927	15334.4	107.776	60	60000	80.9671	1527.23	1422.97	16703	40339.9	
53.071	10963.5	15325	108.094	60	60000	80.981	1528.1	1423.78	16713.3	40339.9	
53.686	11086.7	15293.3	109.17	60	60000	81.0277	1531.01	1426.49	16747.5	40339.9	
54.3009	11212	15261.7	110.269	60	60000	81.0745	1533.93	1429.21	16781.6	40339.9	
54.9159	11339.5	15230.1	111.391	60	60000	81.1214	1536.87	1431.94	16815.6	40339.9	
56.2397	11622.1	15161.8	113.892	60	60000	81.223	1543.22	1437.85	16888.4	40339.9	
57.5634	11916.3	15093.1	116.513	60	60000	81.3255	1549.65	1443.82	16960.9	40339.9	
57.8944	11991.8	15075.9	117.189	60	60000	81.3514	1551.27	1445.32	16979	40339.9	
58.2253	12068.1	15058.6	117.872	60	60000	81.3773	1552.9	1446.83	16997.2	40339.9	
58.5563	12145.2	15041.3	118.565	60	60000	81.4033	1554.54	1448.35	17015.3	40339.9	
58.8872	12223.1	15023.9	119.266	60	60000	81.4295	1556.18	1449.87	17033.4	40339.9	
59.1049	12274.9	15012.4	119.731	60	60000	81.4467	1557.26	1450.88	17045.3	40339.9	
59.3226	12327	15000.9	120.201	60	60000	81.464	1558.35	1451.89	17057.2	40339.9	
59.5403	12379.5	14989.4	120.674	60	60000	81.4814	1559.44	1452.9	17069.2	40339.9	
60.2776	12560.2	14950.3	122.308	60	60000	81.5405	1563.17	1456.34	17109.7	40339.9	
61.0149	12745.5	14910.8	123.988	60	60000	81.6003	1566.93	1459.83	17150.2	40339.9	
61.7522	12935.7	14870.9	125.717	60	60000	81.6607	1570.75	1463.36	17191	40339.9	
62.4895	13131	14830.7	127.496	60	60000	81.7219	1574.62	1466.93	17231.9	40339.9	
63.2483	13337.5	14788.9	129.383	60	60000	81.7858	1578.66	1470.66	17274.3	40339.9	
64.0071	13549.9	14746.5	131.329	60	60000	81.8506	1582.76	1474.45	17317	40339.9	
64.7659	13768.5	14703.6	133.334	60	60000	81.9165	1586.94	1478.3	17360	40339.9	
65.5247	13993.6	14660.2	135.403	60	60000	81.9834	1591.19	1482.21	17403.4	40339.9	
65.8816	14101.8	14639.5	136.399	60	60000	82.0153	1593.21	1484.08	17424	40339.9	
66.2386	14211.6	14618.7	137.409	60	60000	82.0475	1595.26	1485.96	17444.6	40339.9	
66.5955	14322.9	14597.8	138.435	60	60000	82.0799	1597.32	1487.86	17465.4	40339.9	
67.565	14633.6	14540.1	141.299	60	60000	82.1695	1603.02	1493.11	17522.4	40339.9	
68.5346	14956.9	14481.2	144.281	60	60000	82.2614	1608.88	1498.5	17580.3	40339.9	
69.5042	15293.7	14421	147.387	60	60000	82.3558	1614.91	1504.03	17639.3	40339.9	
70.4738	15644.6	14359.5	150.623	60	60000	82.4528	1621.12	1509.73	17699.4	40339.9	
70.8034	15767.4	14338.2	151.754	60	60000	82.4864	1623.27	1511.71	17720.1	40339.9	
71.133	15891.8	14316.8	152.9	60	60000	82.5204	1625.45	1513.7	17740.9	40339.9	
71.4625	16018.1	14295.1	154.062	60	60000	82.5547	1627.65	1515.72	17761.9	40339.9	
71.9367	16203.1	14263.7	155.763	60	60000	82.6046	1630.85	1518.66	17792.5	40339.9	
72.4108	16392.1	14231.9	157.498	60	60000	82.6554	1634.11	1521.64	17823.3	40339.9	
72.885	16585.1	14199.7	159.268	60	60000	82.7069	1637.42	1524.68	17854.5	40339.9	
73.5303	16854.5	14155.2	161.735	60	60000	82.7783	1642.01	1528.88	17897.6	40339.9	
74.1757	17132	14109.9	164.268	60	60000	82.8512	1646.71	1533.19	17941.5	40339.9	
74.8211	17417.8	14063.8	166.871	60	60000	82.9258	1651.52	1537.59	17986.1	40339.9	
75.4665	17712.4	14016.8	169.543	60	60000	83.002	1656.45	1542.09	18031.5	40339.9	
75.8267	17880.6	13990.2	171.066	60	60000	83.0453	1659.25	1544.66	18057.2	40339.9	
76.1869	18051.8	13963.4	172.61	60	60000	83.0892	1662.09	1547.25	18083.2	40339.9	
76.5471	18225.8	13936.3	174.178	60	60000	83.1336	1664.96	1549.88	18109.5	40339.9	
76.9234	18410.9	13907.6	175.84	60	60000	83.1807	1668.01	1552.67	18137.3	40339.9	
77.2998	18599.3	13878.6	177.527	60	60000	83.2284	1671.1	1555.49	18165.4	40339.9	
77.6762	18791.1	13849.4	179.239	60	60000	83.2767	1674.24	1558.36	18193.8	40339.9	
78.1316	19027.8	13813.5	181.345	60	60000	83.3361	1678.1	1561.89	18228.7	40339.9	
78.587	19269.7	13777.1	183.488	60	60000	83.3965	1682.02	1565.47	18264	40339.9	
79.0424	19516.9	13740.3	185.668	60	60000	83.458	1686.02	1569.13	18299.9	40339.9	
79.4052	19717.7	13710.6	187.432	60	60000	83.5077	1689.26	1572.08	18328.9	40339.9	
79.768	19922	13680.6	189.219	60	60000	83.5581	1692.54	1575.08	18358.3	40339.9	
80.1307	20129.9	13650.3	191.03	60	60000	83.6091	1695.87	1578.12	18388	40339.9	
80.4846	20336.2	13620.4	192.82	60	60000	83.6596	1699.17	1581.13	18417.3	40339.9	
80.8385	20546	13590.2	194.632	60	60000	83.7108	1702.51	1584.19	18447.1	40339.9	
81.1924	20759.4	13559.7	196.467	60	60000	83.7626	1705.9	1587.28	18477.1	40339.9	
81.5138	20956.5	13531.7	198.153	60	60000	83.8104	1709.03	1590.13	18504.8	40339.9	
81.8353	21156.5	13503.4	199.858	60	60000	83.8587	1712.19	1593.02	18532.8	40339.9	
82.1568	21359.7	13474.9	201.581	60	60000	83.9076	1715.39	1595.95	18561.1	40339.9	
82.4546	21550.8	13448.3	203.194	60	60000	83.9534	1718.4	1598.69	18587.6	40339.9	
82.7525	21744.6	13421.4	204.822	60	60000	83.9998	1721.44	1601.47	18614.4	40339.9	
83.0504	21941.2	13394.3	206.465	60	60000	84.0467	1724.52	1604.28	18641.5	40339.9	
83.3234	22123.8	13369.2	207.985	60	60000	84.0901	1727.38	1606.89	18666.6	40339.9	
83.5965	22308.8	13344	209.518	60	60000	84.134	1730.27	1609.52	18692	40339.9	
83.8695	22496.2	13318.6	211.063	60	60000	84.1784	1733.18	1612.19	18717.6	40339.9	
84.1215	22671.3	13294.9	212.499	60	60000	84.2197	1735.91	1614.67	18741.4	40339.9	
84.3734	22848.5	13271.1	213.946	60	60000	84.2614	1738.66	1617.18	18765.5	40339.9	
84.6253	23027.7	13247.2	215.403	60	60000	84.3035	1741.43	1619.72	18789.9	40339.9	
84.8669	23201.7	13224.1	216.81	60	60000	84.3443	1744.12	1622.17	18813.4	40339.9	
85.1086	23377.6	13200.8	218.226	60	60000	84.3855	1746.84	1624.65	18837.2	40339.9	
85.3502	23555.5	13177.4	219.651	60	60000	84.427	1749.58	1627.16	18861.2	40339.9	
85.6054	23745.5	13152.5	221.166	60	60000	84.4712	1752.5	1629.83	18886.7	40339.9	
85.8605	23937.8	13127.4	222.69	60	60000	84.5159	1755.46	1632.53	18912.5	40339.9	
86.1157	24132.3	13102.2	224.224	60	60000	84.561	1758.44	1635.25	18938.6	40339.9	
86.392	24345.6	13074.7	225.895	60	60000	84.6103	1761.71	1638.23	18967.1	40339.9	
86.6684	24561.6	13047	227.578	60	60000	84.6601	1765.01	1641.25	18996	40339.9	
86.9447	24780.3	13019.1	229.27	60	60000	84.7104	1768.34	1644.29	19025.1	40339.9	
87.2444	25020.6	12988.7	231.117	60	60000	84.7655	1772	1647.64	19057	40339.9	
87.5441	25264.1	12958	232.976	60	60000	84.8212	1775.7	1651.02	19089.3	40339.9	
87.8438	25511	12927.1	234.846	60	60000	84.8775	1779.45	1654.44	19122	40339.9	
88.1678	25781.5	12893.5	236.878	60	60000	84.9391	1783.54	1658.18	19157.8	40339.9	
88.4917	26055.9	12859.6	238.923	60	60000	85.0013	1787.69	1661.97	19194	40339.9	
88.8157	26334.2	12825.5	240.979	60	60000	85.0643	1791.88	1665.81	19230.6	40339.9	
89.1644	26638.1	12788.6	243.204	60	60000	85.1328	1796.46	1669.99	19270.6	40339.9	
89.513	26946.6	12751.3	245.441	60	60000	85.2022	1801.09	1674.22	19311.1	40339.9	
89.8617	27259.7	12713.8	247.688	60	60000	85.2723	1805.78	1678.51	19352.2	40339.9	
90.2356	27600.6	12673.3	250.109	60	60000	85.3485	1810.87	1683.17	19396.8	40339.9	
90.6095	27946.8	12632.5	252.541	60	60000	85.4255	1816.03	1687.9	19442	40339.9	
90.9834	28298.4	12591.4	254.982	60	60000	85.5035	1821.26	1692.69	19487.9	40339.9	
91.3833	28680.3	12547.2	257.602	60	60000	85.5879	1826.93	1697.88	19537.8	40339.9	
91.7831	29068.4	12502.6	260.23	60	60000	85.6734	1832.68	1703.14	19588.3	40339.9	
92.183	29462.6	12457.8	262.865	60	60000	85.7599	1838.5	1708.47	19639.6	40339.9	
92.6101	29890.5	12409.6	265.686	60	60000	85.8535	1844.8	1714.25	19695.3	40339.9	
93.0371	30325.4	12361.2	268.511	60	60000	85.9482	1851.19	1720.11	19751.8	40339.9	
93.4642	30767.3	12312.4	271.339	60	60000	86.044	1857.66	1726.04	19809.3	40339.9	
93.8913	31216.1	12263.4	274.168	60	60000	86.141	1864.22	1732.06	19867.6	40339.9	
94.3183	31672	12214.1	276.997	60	60000	86.2391	1870.87	1738.16	19926.8	40339.9	
94.7454	32134.8	12164.6	279.824	60	60000	86.3383	1877.59	1744.34	19986.9	40339.9	
95.1724	32604.4	12114.9	282.646	60	60000	86.4385	1884.4	1750.59	20047.9	40339.9	
95.5995	33080.9	12065.1	285.463	60	60000	86.5398	1891.29	1756.92	20109.8	40339.9	
96.0266	33564.2	12015	288.273	60	60000	86.6421	1898.25	1763.32	20172.6	40339.9	
96.5328	34145.7	11955.5	291.592	60	60000	86.7646	1906.61	1771.01	20248.2	40339.9	
97.039	34736.5	11895.8	294.896	60	60000	86.8885	1915.07	1778.8	20325	40339.9	
97.5452	35336.4	11836	298.182	60	60000	87.0137	1923.63	1786.68	20403.1	40339.9	
98.0514	35945.4	11776.1	301.449	60	60000	87.1401	1932.29	1794.66	20482.5	40339.9	
98.4346	36412.2	11730.7	303.906	60	60000	87.2365	1938.91	1800.77	20543.4	40339.9	
98.8178	36884	11685.3	306.35	60	60000	87.3336	1945.58	1806.92	20605	40339.9	
99.201	37360.8	11639.9	308.779	60	60000	87.4314	1952.3	1813.12	20667.3	40339.9	
99.9352	38287.7	11552.9	313.389	60	60000	87.6202	1965.32	1825.14	20788.7	40339.9	
100.67	39231.5	11466.1	317.934	60	60000	87.8111	1978.5	1837.33	20912.5	40339.9	
101.404	40191.7	11379.5	322.411	60	60000	88.0036	1991.84	1849.66	21038.8	40339.9	
102.138	41167.5	11293.3	326.813	60	60000	88.1977	2005.31	1862.14	21167.4	40339.9	
102.436	41567.8	11258.4	328.578	60	60000	88.2769	2010.82	1867.24	21220.2	40339.9	
102.734	41970.5	11223.7	330.33	60	60000	88.3562	2016.34	1872.36	21273.5	40339.9	
103.032	42375.5	11189	332.068	60	60000	88.4357	2021.89	1877.5	21327.1	40339.9	
103.625	43188.2	11120.3	335.487	60	60000	88.5945	2032.96	1887.78	21434.8	40339.9	
104.218	44009.3	11052	338.85	60	60000	88.7538	2044.1	1898.12	21543.9	40339.9	
104.812	44838.5	10984.2	342.156	60	60000	88.9135	2055.29	1908.51	21654.3	40339.9	
105.405	45675.2	10916.9	345.404	60	60000	89.0736	2066.53	1918.96	21765.9	40339.9	
105.845	46301.6	10867.3	347.78	60	60000	89.1926	2074.9	1926.74	21849.6	40339.9	
106.286	46931.6	10818	350.122	60	60000	89.3116	2083.28	1934.55	21934	40339.9	
106.727	47565.1	10769.1	352.432	60	60000	89.4307	2091.68	1942.37	22018.9	40339.9	
107.622	48862.3	10670.8	357.023	60	60000	89.6725	2108.77	1958.29	22193.3	40339.9	
108.518	50171.3	10574.1	361.476	60	60000	89.9136	2125.87	1974.24	22369.7	40339.9	
109.413	51490.5	10479.2	365.793	60	60000	90.1539	2142.95	1990.19	22548.1	40339.9	
109.637	51821.7	10455.7	366.851	60	60000	90.2138	2147.21	1994.18	22592.9	40339.9	
109.861	52153.3	10432.3	367.9	60	60000	90.2735	2151.47	1998.16	22637.9	40339.9	
110.085	52485.5	10409.1	368.941	60	60000	90.3332	2155.73	2002.14	22682.9	40339.9	
110.308	52818.1	10386	369.973	60	60000	90.3928	2159.99	2006.12	22728	40339.9	
110.561	53193.3	10360.1	371.126	60	60000	90.4599	2164.78	2010.6	22779	40339.9	
110.813	53569.1	10334.3	372.269	60	60000	90.5268	2169.56	2015.07	22830	40339.9	
111.065	53945.3	10308.7	373.4	60	60000	90.5935	2174.33	2019.54	22881.2	40339.9	
111.746	54963.4	10240.3	376.405	60	60000	90.7731	2187.2	2031.58	23019.8	40339.9	
112.427	55983.9	10173	379.334	60	60000	90.9514	2200.01	2043.58	23158.9	40339.9	
113.109	57006.1	10106.9	382.188	60	60000	91.1284	2212.75	2055.52	23298.5	40339.9	
113.79	58029.3	10041.9	384.969	60	60000	91.304	2225.42	2067.4	23438.4	40339.9	
114.17	58601	10006.1	386.491	60	60000	91.4014	2232.46	2074	23516.6	40339.9	
114.551	59172.7	9970.66	387.991	60	60000	91.4984	2239.47	2080.58	23594.9	40339.9	
114.931	59744.2	9935.61	389.469	60	60000	91.5948	2246.45	2087.13	23673.2	40339.9	
115.434	60498.8	9889.86	391.388	60	60000	91.7214	2255.63	2095.75	23776.7	40339.9	
115.937	61252.8	9844.75	393.271	60	60000	91.847	2264.75	2104.32	23880.2	40339.9	
116.439	62005.8	9800.28	395.117	60	60000	91.9717	2273.82	2112.84	23983.5	40339.9	
116.933	62745	9757.19	396.897	60	60000	92.0932	2282.68	2121.17	24085	40339.9	
117.427	63482.8	9714.71	398.643	60	60000	92.2138	2291.47	2129.44	24186.4	40339.9	
117.921	64219.2	9672.85	400.356	60	60000	92.3334	2300.21	2137.66	24287.6	40339.9	
118.428	64971.6	9630.59	402.077	60	60000	92.4549	2309.1	2146.01	24391.1	40339.9	
118.934	65722	9588.97	403.765	60	60000	92.5752	2317.91	2154.31	24494.3	40339.9	
119.44	66470.2	9547.97	405.42	60	60000	92.6945	2326.67	2162.55	24597.1	40339.9	
119.92	67177.5	9509.67	406.96	60	60000	92.8065	2334.9	2170.3	24694.4	40339.9	
120.399	67882.4	9471.92	408.472	60	60000	92.9175	2343.07	2177.99	24791.4	40339.9	
120.879	68584.9	9434.72	409.956	60	60000	93.0276	2351.18	2185.63	24888	40339.9	
121.355	69279.2	9398.35	411.402	60	60000	93.1357	2359.15	2193.14	24983.4	40339.9	
121.831	69970.7	9362.51	412.821	60	60000	93.2428	2367.07	2200.59	25078.5	40339.9	
122.307	70659.4	9327.18	414.216	60	60000	93.3489	2374.91	2207.99	25173.2	40339.9	
122.767	71321.6	9293.56	415.539	60	60000	93.4504	2382.43	2215.07	25264.1	40339.9	
123.227	71981	9260.41	416.839	60	60000	93.5509	2389.89	2222.1	25354.7	40339.9	
123.686	72637.4	9227.73	418.118	60	60000	93.6505	2397.28	2229.07	25444.8	40339.9	
124.16	73310.8	9194.51	419.413	60	60000	93.7522	2404.84	2236.2	25537.3	40339.9	
124.634	73980.9	9161.78	420.686	60	60000	93.8529	2412.33	2243.26	25629.2	40339.9	
125.108	74647.6	9129.52	421.936	60	60000	93.9525	2419.76	2250.26	25720.6	40339.9	
125.609	75349.1	9095.89	423.237	60	60000	94.0569	2427.55	2257.61	25816.7	40339.9	
126.11	76046.6	9062.77	424.513	60	60000	94.1602	2435.27	2264.89	25912.3	40339.9	
126.611	76739.9	9030.16	425.768	60	60000	94.2624	2442.91	2272.1	26007.2	40339.9	
127.142	77469.2	8996.17	427.071	60	60000	94.3693	2450.92	2279.65	26106.9	40339.9	
127.672	78193.6	8962.73	428.35	60	60000	94.4751	2458.85	2287.13	26205.9	40339.9	
128.203	78913.2	8929.81	429.605	60	60000	94.5797	2466.71	2294.54	26304.2	40339.9	
128.765	79669.7	8895.53	430.91	60	60000	94.6891	2474.93	2302.3	26407.4	40339.9	
129.326	80420.5	8861.82	432.19	60	60000	94.7972	2483.07	2309.98	26509.8	40339.9	
129.888	81165.7	8828.66	433.445	60	60000	94.904	2491.13	2317.58	26611.3	40339.9	
130.483	81949.1	8794.12	434.75	60	60000	95.0158	2499.57	2325.54	26717.9	40339.9	
131.078	82726	8760.17	436.029	60	60000	95.1262	2507.92	2333.41	26823.5	40339.9	
131.673	83496.3	8726.79	437.284	60	60000	95.2352	2516.17	2341.2	26928.1	40339.9	
132.255	84243.4	8694.7	438.488	60	60000	95.3405	2524.16	2348.73	27029.4	40339.9	
132.837	84984.3	8663.13	439.67	60	60000	95.4445	2532.05	2356.18	27129.8	40339.9	
133.419	85718.8	8632.07	440.831	60	60000	95.5473	2539.87	2363.55	27229.2	40339.9	
134.035	86488.7	8599.77	442.036	60	60000	95.6546	2548.04	2371.25	27333.3	40339.9	
134.65	87251.6	8568	443.218	60	60000	95.7607	2556.12	2378.87	27436.4	40339.9	
135.266	88007.5	8536.77	444.379	60	60000	95.8653	2564.11	2386.4	27538.3	40339.9	
135.701	88538.3	8514.97	445.188	60	60000	95.9387	2569.71	2391.69	27609.8	40339.9	
136.137	89065.6	8493.42	445.987	60	60000	96.0114	2575.27	2396.93	27680.8	40339.9	
136.573	89589.4	8472.12	446.776	60	60000	96.0834	2580.79	2402.13	27751.3	40339.9	
136.921	90005.3	8455.28	447.399	60	60000	96.1405	2585.16	2406.25	27807.2	40339.9	
137.269	90418.9	8438.6	448.015	60	60000	96.1973	2589.51	2410.35	27862.8	40339.9	
137.617	90830.4	8422.06	448.626	60	60000	96.2536	2593.83	2414.43	27918	40339.9	
138.16	91467.9	8396.55	449.567	60	60000	96.3407	2600.53	2420.73	28003.6	40339.9	
138.703	92100.2	8371.39	450.495	60	60000	96.427	2607.16	2426.98	28088.3	40339.9	
139.246	92727.1	8346.56	451.409	60	60000	96.5124	2613.73	2433.17	28172.3	40339.9	
139.717	93266.9	8325.3	452.191	60	60000	96.5857	2619.38	2438.5	28244.5	40339.9	
140.188	93802.7	8304.27	452.964	60	60000	96.6584	2624.99	2443.78	28316.1	40339.9	
140.659	94334.6	8283.49	453.727	60	60000	96.7305	2630.55	2449.02	28387.1	40339.9	
141.264	95011.7	8257.16	454.694	60	60000	96.8222	2637.63	2455.69	28477.4	40339.9	
141.868	95682.5	8231.2	455.645	60	60000	96.9128	2644.64	2462.29	28566.9	40339.9	
142.473	96347.2	8205.6	456.583	60	60000	97.0025	2651.59	2468.83	28655.3	40339.9	
142.851	96759.1	8189.8	457.162	60	60000	97.058	2655.89	2472.89	28710.2	40339.9	
143.228	97168.7	8174.13	457.735	60	60000	97.1131	2660.17	2476.91	28764.6	40339.9	
143.606	97576	8158.6	458.304	60	60000	97.1679	2664.42	2480.92	28818.7	40339.9	
143.812	97797.5	8150.17	458.612	60	60000	97.1977	2666.73	2483.1	28848.1	40339.9	
144.018	98018.2	8141.77	458.919	60	60000	97.2274	2669.04	2485.27	28877.4	40339.9	
144.225	98238.3	8133.42	459.225	60	60000	97.257	2671.34	2487.43	28906.7	40339.9	
144.685	98727.1	8114.91	459.901	60	60000	97.3226	2676.44	2492.24	28971.5	40339.9	
145.145	99212.5	8096.59	460.571	60	60000	97.3878	2681.51	2497.01	29035.8	40339.9	
145.606	99694.6	8078.45	461.234	60	60000	97.4524	2686.55	2501.75	29099.7	40339.9	
146.387	100505	8048.07	462.343	60	60000	97.561	2695.02	2509.72	29206.9	40339.9	
146.582	100706	8040.56	462.618	60	60000	97.588	2697.12	2511.69	29233.5	40339.9	
146.777	100907	8033.07	462.891	60	60000	97.6148	2699.22	2513.67	29260.1	40339.9	
146.972	101107	8025.62	463.163	60	60000	97.6416	2701.31	2515.63	29286.5	40339.9	
147.162	101301	8018.4	463.427	60	60000	97.6675	2703.34	2517.54	29312.1	40339.9	
147.352	101494	8011.2	463.689	60	60000	97.6934	2705.36	2519.44	29337.6	40339.9	
147.542	101687	8004.04	463.951	60	60000	97.7192	2707.38	2521.34	29363.1	40339.9	
148.022	102173	7986.03	464.608	60	60000	97.7842	2712.46	2526.12	29427.2	40339.9	
148.503	102655	7968.2	465.259	60	60000	97.8487	2717.51	2530.87	29490.8	40339.9	
148.983	103134	7950.53	465.904	60	60000	97.9127	2722.53	2535.59	29554	40339.9	
149.683	103826	7925.08	466.833	60	60000	98.0052	2729.78	2542.41	29645.2	40339.9	
150.383	104512	7899.97	467.749	60	60000	98.0967	2736.97	2549.17	29735.4	40339.9	
151.083	105191	7875.19	468.654	60	60000	98.1874	2744.1	2555.87	29824.7	40339.9	
151.44	105535	7862.68	469.111	60	60000	98.2333	2747.71	2559.26	29869.8	40339.9	
151.797	105877	7850.24	469.565	60	60000	98.2789	2751.31	2562.64	29914.8	40339.9	
152.154	106217	7837.89	470.016	60	60000	98.3244	2754.89	2566.01	29959.5	40339.9	
152.375	106428	7830.26	470.295	60	60000	98.3525	2757.11	2568.09	29987.1	40339.9	
152.597	106638	7822.67	470.572	60	60000	98.3805	2759.31	2570.16	30014.6	40339.9	
152.818	106847	7815.11	470.849	60	60000	98.4084	2761.52	2572.23	30042	40339.9	
153.218	107223	7801.54	471.345	60	60000	98.4586	2765.47	2575.95	30091.3	40339.9	
153.617	107597	7788.06	471.837	60	60000	98.5085	2769.42	2579.65	30140.3	40339.9	
154.017	107969	7774.67	472.327	60	60000	98.5581	2773.34	2583.34	30189.1	40339.9	
155.253	109109	7733.81	473.822	60	60000	98.7102	2785.38	2594.64	30338.2	40339.9	
156.49	110231	7693.77	475.29	60	60000	98.8601	2797.26	2605.79	30484.9	40339.9	
156.799	110509	7683.88	475.652	60	60000	98.8972	2800.2	2608.56	30521.2	40339.9	
157.108	110787	7674.04	476.013	60	60000	98.9342	2803.14	2611.32	30557.4	40339.9	
157.417	111063	7664.24	476.373	60	60000	98.9711	2806.07	2614.07	30593.4	40339.9	
157.726	111338	7654.5	476.731	60	60000	99.0078	2808.99	2616.81	30629.3	40339.9	
157.91	111501	7648.72	476.943	60	60000	99.0296	2810.72	2618.43	30650.6	40339.9	
158.094	111664	7642.96	477.154	60	60000	99.0514	2812.45	2620.06	30671.8	40339.9	
158.278	111826	7637.21	477.366	60	60000	99.0731	2814.18	2621.68	30693	40339.9	
159.274	112701	7606.37	478.499	60	60000	99.1899	2823.48	2630.4	30806.9	40339.9	
159.523	112918	7598.73	478.781	60	60000	99.2189	2825.8	2632.57	30835.2	40339.9	
159.772	113134	7591.12	479.061	60	60000	99.2478	2828.1	2634.74	30863.3	40339.9	
160.021	113350	7583.53	479.34	60	60000	99.2767	2830.4	2636.9	30891.4	40339.9	
160.197	113502	7578.19	479.537	60	60000	99.297	2832.03	2638.42	30911.3	40339.9	
160.373	113655	7572.85	479.734	60	60000	99.3174	2833.65	2639.94	30931	40339.9	
160.549	113806	7567.53	479.93	60	60000	99.3377	2835.27	2641.46	30950.8	40339.9	
161.01	114202	7553.66	480.441	60	60000	99.3906	2839.5	2645.43	31002.2	40339.9	
161.47	114596	7539.88	480.95	60	60000	99.4433	2843.71	2649.38	31053.5	40339.9	
161.931	114989	7526.19	481.456	60	60000	99.4958	2847.91	2653.31	31104.4	40339.9	
163.227	116083	7488.1	482.865	60	60000	99.6422	2859.64	2664.31	31246.4	40339.9	
164.524	117164	7450.63	484.255	60	60000	99.787	2871.25	2675.19	31386.5	40339.9	
164.848	117432	7441.36	484.599	60	60000	99.823	2874.14	2677.9	31421.3	40339.9	
165.172	117699	7432.12	484.942	60	60000	99.8588	2877.02	2680.6	31455.9	40339.9	
165.496	117966	7422.92	485.285	60	60000	99.8946	2879.9	2683.29	31490.4	40339.9	
165.82	118232	7413.75	485.626	60	60000	99.9302	2882.76	2685.98	31524.8	40339.9	
166.078	118443	7406.49	485.896	60	60000	99.9585	2885.04	2688.11	31552.1	40339.9	
166.335	118653	7399.25	486.166	60	60000	99.9867	2887.31	2690.24	31579.3	40339.9	
166.593	118863	7392.03	486.435	60	60000	100.015	2889.58	2692.36	31606.5	40339.9	
166.968	119169	7381.55	486.826	60	60000	100.056	2892.88	2695.45	31645.9	40339.9	
167.343	119473	7371.1	487.216	60	60000	100.097	2896.17	2698.54	31685.2	40339.9	
167.719	119777	7360.71	487.605	60	60000	100.137	2899.46	2701.61	31724.4	40339.9	
170.068	121656	7296.56	490.009	60	60000	100.39	2919.86	2720.71	31966.9	40339.9	
170.655	122121	7280.76	490.604	60	60000	100.452	2924.92	2725.45	32026.8	40339.9	
171.242	122585	7265.04	491.196	60	60000	100.515	2929.97	2730.17	32086.4	40339.9	
171.829	123046	7249.41	491.786	60	60000	100.577	2935	2734.88	32145.8	40339.9	
172.417	123506	7233.87	492.373	60	60000	100.639	2940.03	2739.58	32204.9	40339.9	
172.632	123675	7228.18	492.588	60	60000	100.661	2941.87	2741.31	32226.6	40339.9	
172.848	123843	7222.5	492.803	60	60000	100.684	2943.71	2743.03	32248.2	40339.9	
173.064	124011	7216.83	493.018	60	60000	100.707	2945.55	2744.75	32269.8	40339.9	
173.307	124201	7210.44	493.26	60	60000	100.732	2947.62	2746.69	32294.2	40339.9	
173.551	124391	7204.06	493.502	60	60000	100.758	2949.7	2748.63	32318.5	40339.9	
173.794	124580	7197.7	493.744	60	60000	100.783	2951.77	2750.57	32342.8	40339.9	
174.462	125097	7180.32	494.404	60	60000	100.853	2957.44	2755.87	32409.1	40339.9	
175.129	125612	7163.04	495.061	60	60000	100.922	2963.09	2761.16	32475.2	40339.9	
175.797	126126	7145.84	495.717	60	60000	100.992	2968.74	2766.43	32541	40339.9	
176.628	126764	7124.55	496.531	60	60000	101.078	2975.75	2772.99	32622.7	40339.9	
177.459	127399	7103.38	497.342	60	60000	101.163	2982.75	2779.53	32703.9	40339.9	
178.29	128033	7082.33	498.15	60	60000	101.249	2989.74	2786.07	32784.9	40339.9	
178.842	128452	7068.42	498.685	60	60000	101.305	2994.38	2790.39	32838.4	40339.9	
179.394	128871	7054.56	499.219	60	60000	101.362	2999.01	2794.72	32891.8	40339.9	
179.945	129288	7040.75	499.753	60	60000	101.418	3003.63	2799.04	32945.1	40339.9	
180.226	129501	7033.73	500.024	60	60000	101.447	3005.99	2801.24	32972.2	40339.9	
180.507	129713	7026.72	500.295	60	60000	101.476	3008.34	2803.44	32999.3	40339.9	
180.788	129926	7019.72	500.566	60	60000	101.504	3010.69	2805.64	33026.3	40339.9	
181.168	130213	7010.27	500.932	60	60000	101.543	3013.88	2808.61	33062.8	40339.9	
181.548	130499	7000.84	501.298	60	60000	101.582	3017.06	2811.58	33099.3	40339.9	
181.928	130786	6991.43	501.664	60	60000	101.621	3020.24	2814.55	33135.8	40339.9	
183.486	131957	6953.03	503.16	60	60000	101.779	3033.28	2826.72	33284.7	40339.9	
185.043	133127	6914.89	504.654	60	60000	101.937	3046.32	2838.89	33433	40339.9	
185.433	133419	6905.39	505.028	60	60000	101.977	3049.58	2841.93	33470	40339.9	
186.212	134003	6886.43	505.774	60	60000	102.056	3056.11	2848.02	33543.9	40339.9	
186.99	134587	6867.52	506.521	60	60000	102.135	3062.64	2854.12	33617.8	40339.9	
187.769	135171	6848.65	507.268	60	60000	102.214	3069.19	2860.22	33691.5	40339.9	
188.548	135755	6829.83	508.015	60	60000	102.293	3075.74	2866.33	33765.2	40339.9	
190.644	137328	6779.33	510.03	60	60000	102.506	3093.43	2882.82	33963.4	40339.9	
192.74	138907	6728.99	512.054	60	60000	102.719	3111.22	2899.4	34161.7	40339.9	
194.835	140493	6678.74	514.09	60	60000	102.934	3129.16	2916.1	34360.3	40339.9	
196.931	142091	6628.48	516.143	60	60000	103.151	3147.27	2932.96	34559.7	40339.9	
200.021	144472	6554.2	519.208	60	60000	103.473	3174.35	2958.16	34855.8	40339.9	
203.11	146893	6479.46	522.332	60	60000	103.801	3201.99	2983.85	35155.3	40339.9	
205.664	148933	6417.14	524.969	60	60000	104.076	3225.33	3005.54	35406.4	40339.9	
208.218	151013	6354.16	527.664	60	60000	104.357	3249.21	3027.72	35661.3	40339.9	
210.772	153141	6290.36	530.427	60	60000	104.644	3273.7	3050.44	35920.9	40339.9	
213.326	155325	6225.56	533.268	60	60000	104.938	3298.88	3073.8	36186	40339.9	
216.208	157866	6151.01	536.581	60	60000	105.28	3328.24	3101.01	36492.6	40339.9	
219.091	160500	6074.71	540.024	60	60000	105.633	3358.74	3129.27	36808.6	40339.9	
221.973	163241	5996.36	543.616	60	60000	106	3390.54	3158.7	37135.3	40339.9	
224.855	166105	5915.65	547.378	60	60000	106.382	3423.81	3189.48	37474.3	40339.9	
227.738	169110	5832.27	551.334	60	60000	106.781	3458.75	3221.78	37827.3	40339.9	
230.62	172275	5745.85	555.511	60	60000	107.199	3495.58	3255.81	38196.2	40339.9	
233.503	175623	5656.02	559.939	60	60000	107.64	3534.56	3291.79	38583.3	40339.9	
236.385	179180	5562.37	564.653	60	60000	108.105	3575.97	3329.98	38991	40339.9	
239.267	182976	5464.44	569.692	60	60000	108.598	3620.13	3370.69	39422	40339.9	
242.15	187046	5361.76	575.102	60	60000	109.123	3667.42	3414.23	39879.5	40339.9	
245.032	191430	5253.82	580.936	60	60000	109.683	3718.24	3461	40367	40339.9	
247.415	195323	5160.25	586.118	60	60000	110.176	3763.25	3502.4	40795.3	40339.9	
249.797	199493	5062.42	591.667	60	60000	110.699	3811.3	3546.57	41249.4	40339.9	
252.179	203973	4959.98	597.624	60	60000	111.255	3862.71	3593.8	41732.1	40339.9	
254.562	208803	4852.64	604.037	60	60000	111.847	3917.87	3644.44	42246.5	40339.9	
256.944	214027	4740.07	610.954	60	60000	112.479	3977.14	3698.85	42796	40339.9	
259.326	219695	4622.01	618.431	60	60000	113.154	4040.97	3757.4	43384.3	40339.9	
261.709	225862	4498.22	626.527	60	60000	113.875	4109.81	3820.53	44015.6	40339.9	
263.657	231320	4392.61	633.649	60	60000	114.503	4170.14	3875.86	44566.9	40339.9	
265.606	237192	4283.02	641.259	60	60000	115.166	4234.39	3934.77	45152.4	40339.9	
267.554	243518	4169.47	649.388	60	60000	115.867	4302.8	3997.49	45774.7	40339.9	
269.502	250341	4052.05	658.067	60	60000	116.607	4375.6	4064.26	46436.4	40339.9	
271.451	257706	3930.95	667.322	60	60000	117.386	4452.98	4135.26	47140.2	40339.9	
273.399	265659	3806.45	677.171	60	60000	118.206	4535.11	4210.64	47888.4	40339.9	
275.347	274246	3678.96	687.624	60	60000	119.065	4622.06	4290.51	48683.5	40339.9	
276.896	281554	3575.83	696.361	60	60000	119.776	4694.61	4357.2	49350	40339.9	
278.445	289310	3471.48	705.471	60	60000	120.511	4770.15	4426.71	50047.9	40339.9	
279.993	297535	3366.27	714.936	60	60000	121.268	4848.58	4498.95	50777.6	40339.9	
281.542	306241	3260.64	724.734	60	60000	122.044	4929.73	4573.79	51539.1	40339.9	
283.091	315440	3155.06	734.831	60	60000	122.838	5013.37	4651.03	52332.1	40339.9	
284.64	325135	3050.04	745.184	60	60000	123.646	5099.22	4730.44	53155.7	40339.9	
286.188	335325	2946.11	755.744	60	60000	124.465	5186.92	4811.69	54008.5	40339.9	
287.737	345999	2843.79	766.452	60	60000	125.29	5276.04	4894.41	54888.7	40339.9	
289.001	355057	2761.86	775.255	60	60000	125.965	5349.51	4962.73	55625.5	40339.9	
290.265	364412	2681.63	784.074	60	60000	126.639	5423.33	5031.49	56377.2	40339.9	
291.529	374045	2603.37	792.87	60	60000	127.309	5497.22	5100.44	57141.8	40339.9	
292.793	383933	2527.31	801.601	60	60000	127.973	5570.87	5169.28	57917.2	40339.9	
294.057	394051	2453.68	810.229	60	60000	128.627	5643.99	5237.75	58701	40339.9	
295.648	407074	2364.65	820.888	60	60000	129.436	5734.85	5323.02	59696.3	40339.9	
297.24	420346	2280.04	831.248	60	60000	130.221	5823.8	5406.69	60695.5	40339.9	
298.832	433796	2200.07	841.246	60	60000	130.979	5910.33	5488.26	61693	40339.9	
300.424	447346	2124.86	850.826	60	60000	131.707	5993.95	5567.27	62683.3	40339.9	
302.016	460918	2054.46	859.945	60	60000	132.402	6074.28	5643.34	63660.7	40339.9	
303.608	474432	1988.85	868.571	60	60000	133.062	6150.98	5716.12	64620.2	40339.9	
305.2	487813	1927.95	876.682	60	60000	133.685	6223.83	5785.37	65556.7	40339.9	
306.792	500988	1871.63	884.269	60	60000	134.27	6292.65	5850.93	66466	40339.9	
308.384	513892	1819.71	891.33	60	60000	134.818	6357.36	5912.67	67344.2	40339.9	
309.976	526465	1771.99	897.874	60	60000	135.328	6417.94	5970.55	68188.1	40339.9	
311.568	538654	1728.24	903.915	60	60000	135.801	6474.42	6024.59	68995.2	40339.9	
313.16	550418	1688.22	909.472	60	60000	136.239	6526.89	6074.86	69763.5	40339.9	
314.752	561720	1651.69	914.567	60	60000	136.643	6575.46	6121.46	70492	40339.9	
316.344	572533	1618.39	919.228	60	60000	137.015	6620.31	6164.53	71179.7	40339.9	
317.936	582839	1588.09	923.481	60	60000	137.356	6661.6	6204.21	71826.6	40339.9	
319.851	594549	1555.27	928.099	60	60000	137.729	6706.84	6247.73	72551.3	40339.9	
321.766	605498	1526.05	932.216	60	60000	138.063	6747.57	6286.95	73218.6	40339.9	
323.682	615690	1500.09	935.879	60	60000	138.362	6784.14	6322.19	73830.5	40339.9	
325.597	625138	1477.02	939.135	60	60000	138.63	6816.9	6353.78	74389.3	40339.9	
327.513	633863	1456.55	942.024	60	60000	138.868	6846.21	6382.04	74898	40339.9	
329.428	641893	1438.4	944.586	60	60000	139.081	6872.38	6407.3	75359.5	40339.9	
331.625	650289	1420.1	947.168	60	60000	139.296	6898.93	6432.94	75835	40339.9	
333.822	657866	1404.17	949.415	60	60000	139.484	6922.18	6455.39	76257.6	40339.9	
336.019	664682	1390.3	951.368	60	60000	139.648	6942.52	6475.05	76632.2	40339.9	
338.216	670794	1378.23	953.067	60	60000	139.792	6960.31	6492.23	76963.3	40339.9	
340.413	676261	1367.72	954.545	60	60000	139.917	6975.85	6507.25	77255.4	40339.9	
342.61	681138	1358.58	955.829	60	60000	140.026	6989.42	6520.36	77512.7	40339.9	
345.348	686474	1348.82	957.199	60	60000	140.143	7003.94	6534.4	77790.2	40339.9	
348.086	691077	1340.6	958.35	60	60000	140.241	7016.2	6546.25	78026.2	40339.9	
350.824	695037	1333.69	959.319	60	60000	140.324	7026.54	6556.25	78226.4	40339.9	
353.562	698436	1327.86	960.134	60	60000	140.394	7035.27	6564.68	78396.2	40339.9	
356.3	701349	1322.95	960.82	60	60000	140.453	7042.64	6571.81	78540	40339.9	
359.038	703840	1318.82	961.398	60	60000	140.502	7048.86	6577.82	78661.7	40339.9	
361.777	705968	1315.33	961.885	60	60000	140.544	7054.11	6582.89	78764.6	40339.9	
364.515	707783	1312.38	962.295	60	60000	140.58	7058.54	6587.17	78851.6	40339.9	
367.253	709330	1309.9	962.642	60	60000	140.609	7062.29	6590.79	78925.1	40339.9	
369.991	710647	1307.8	962.934	60	60000	140.635	7065.45	6593.85	78987.3	40339.9	
372.729	711767	1306.03	963.181	60	60000	140.656	7068.12	6596.43	79039.8	40339.9	
375.467	712719	1304.53	963.389	60	60000	140.674	7070.38	6598.61	79084.2	40339.9	
378.205	713528	1303.27	963.565	60	60000	140.689	7072.29	6600.46	79121.7	40339.9	
380.943	714214	1302.2	963.713	60	60000	140.702	7073.9	6602.02	79153.4	40339.9	
383.682	714797	1301.3	963.839	60	60000	140.713	7075.27	6603.33	79180.1	40339.9	
386.42	715292	1300.53	963.945	60	60000	140.722	7076.42	6604.45	79202.8	40339.9	
389.158	715711	1299.89	964.035	60	60000	140.73	7077.4	6605.39	79221.9	40339.9	
391.896	716067	1299.34	964.111	60	60000	140.737	7078.22	6606.19	79238.1	40339.9	
395.426	716446	1298.76	964.192	60	60000	140.744	7079.1	6607.04	79255.3	40339.9	
398.955	716753	1298.29	964.257	60	60000	140.749	7079.81	6607.73	79269.2	40339.9	
399.593	716802	1298.21	964.267	60	60000	140.75	7079.92	6607.83	79271.4	40339.9	
400.23	716849	1298.14	964.277	60	60000	140.751	7080.03	6607.94	79273.5	40339.9	
400.868	716894	1298.07	964.287	60	60000	140.752	7080.13	6608.04	79275.6	40339.9	
401.506	716937	1298.01	964.296	60	60000	140.753	7080.23	6608.14	79277.5	40339.9	
402.781	717019	1297.88	964.314	60	60000	140.754	7080.42	6608.32	79281.2	40339.9	
404.056	717095	1297.77	964.33	60	60000	140.755	7080.6	6608.49	79284.7	40339.9	
405.331	717165	1297.66	964.345	60	60000	140.757	7080.76	6608.64	79287.8	40339.9	
407.516	717274	1297.49	964.367	60	60000	140.759	7081.01	6608.88	79292.7	40339.9	
409.701	717369	1297.35	964.387	60	60000	140.76	7081.23	6609.1	79297	40339.9	
411.885	717452	1297.22	964.405	60	60000	140.762	7081.42	6609.28	79300.7	40339.9	
414.07	717524	1297.11	964.42	60	60000	140.763	7081.59	6609.44	79304	40339.9	
417.154	717612	1296.98	964.439	60	60000	140.765	7081.79	6609.64	79307.9	40339.9	
420.238	717685	1296.87	964.454	60	60000	140.766	7081.95	6609.8	79311.1	40339.9	
423.321	717745	1296.78	964.467	60	60000	140.767	7082.09	6609.93	79313.8	40339.9	
426.405	717795	1296.7	964.477	60	60000	140.768	7082.21	6610.04	79316.1	40339.9	
431.161	717856	1296.61	964.49	60	60000	140.769	7082.35	6610.18	79318.8	40339.9	
435.916	717901	1296.54	964.5	60	60000	140.77	7082.45	6610.28	79320.9	40339.9	
440.671	717936	1296.49	964.507	60	60000	140.771	7082.53	6610.35	79322.4	40339.9	
445.427	717961	1296.45	964.512	60	60000	140.771	7082.59	6610.41	79323.5	40339.9	
450.182	717980	1296.42	964.516	60	60000	140.772	7082.63	6610.45	79324.4	40339.9	
456.613	717999	1296.39	964.52	60	60000	140.772	7082.67	6610.49	79325.2	40339.9	
463.044	718011	1296.37	964.523	60	60000	140.772	7082.7	6610.52	79325.8	40339.9	
469.474	718020	1296.36	964.525	60	60000	140.772	7082.72	6610.54	79326.2	40339.9	
475.905	718026	1296.35	964.526	60	60000	140.772	7082.73	6610.55	79326.4	40339.9	
482.336	718029	1296.35	964.527	60	60000	140.773	7082.74	6610.56	79326.6	40339.9	
491.473	718033	1296.34	964.527	60	60000	140.773	7082.75	6610.57	79326.7	40339.9	
500	718035	1296.34	964.528	60	60000	140.773	7082.76	6610.57	79326.8	40339.9	
