# Time	[Z]	[mu2]	[mZ]	[mF]	[F]	[mP]	[PE]	[PG]	[PM]	[STAT]	(R3).Flux	(R4).Flux	(R5).Flux	(R6).Flux	
0	3774.45	22723.8	45.9148	60	60000	73.0591	1064.65	993.673	11924.1	2.45454e+06	9.27886e-10	9.27923e-11	3.678e-11	1.07938e-09	
1e-09	3774.45	22723.8	45.9148	60	60000	73.0591	1064.65	993.673	11924.1	2.45454e+06	9.27886e-10	9.27923e-11	3.678e-11	1.07938e-09	
2e-09	3774.45	22723.8	45.9148	60	60000	73.0591	1064.65	993.673	11924.1	2.45454e+06	9.27886e-10	9.27923e-11	3.678e-11	1.07938e-09	
1.0002e-05	3774.45	22723.7	45.9149	60.0024	60000	73.0591	1064.65	993.673	11924.1	2.45454e+06	9.27886e-10	9.27927e-11	3.678e-11	1.07938e-09	
2.0002e-05	3774.45	22723.7	45.9151	60.0048	60000	73.0591	1064.65	993.673	11924.1	2.45454e+06	9.27886e-10	9.2793e-11	3.678e-11	1.07938e-09	
3.0002e-05	3774.45	22723.7	45.9153	60.0072	60000	73.0591	1064.65	993.673	11924.1	2.45454e+06	9.27886e-10	9.27933e-11	3.678e-11	1.07938e-09	
0.000130002	3774.45	22723.7	45.917	60.0311	60000	73.0591	1064.65	993.673	11924.1	2.45454e+06	9.27886e-10	9.27967e-11	3.67799e-11	1.07938e-09	
0.000230002	3774.45	22723.7	45.9186	60.055	60000	73.0591	1064.65	993.673	11924.1	2.45454e+06	9.27886e-10	9.28001e-11	3.67799e-11	1.07938e-09	
0.000330002	3774.45	22723.7	45.9203	60.0789	60000	73.0591	1064.65	993.673	11924.1	2.45454e+06	9.27886e-10	9.28034e-11	3.67799e-11	1.07937e-09	
0.000430002	3774.45	22723.6	45.922	60.1028	60000	73.0591	1064.65	993.673	11924.1	2.45454e+06	9.27886e-10	9.28068e-11	3.67799e-11	1.07937e-09	
0.00143	3774.45	22723.3	45.9388	60.3419	60000	73.0591	1064.65	993.673	11924.1	2.45454e+06	9.27886e-10	9.28404e-11	3.67796e-11	1.07936e-09	
0.00243	3774.45	22723.1	45.9557	60.5808	60000.1	73.0591	1064.65	993.673	11924.1	2.45454e+06	9.27886e-10	9.28739e-11	3.67793e-11	1.07935e-09	
0.00343	3774.45	22722.8	45.9724	60.8196	60000.1	73.0591	1064.65	993.673	11924.1	2.45454e+06	9.27886e-10	9.29074e-11	3.67791e-11	1.07933e-09	
0.00443	3774.45	22722.5	45.9892	61.0583	60000.2	73.0591	1064.65	993.673	11924.1	2.45454e+06	9.27886e-10	9.29408e-11	3.67788e-11	1.07932e-09	
0.01443	3774.46	22719.7	46.1555	63.4385	60002.5	73.0591	1064.65	993.673	11924.1	2.45454e+06	9.27886e-10	9.32724e-11	3.67763e-11	1.07919e-09	
0.02443	3774.49	22716.9	46.3194	65.8069	60007.1	73.0592	1064.65	993.673	11924.1	2.45454e+06	9.27886e-10	9.35992e-11	3.67737e-11	1.07905e-09	
0.03443	3774.53	22714.1	46.481	68.1634	60014.1	73.0595	1064.66	993.673	11924.1	2.45454e+06	9.27886e-10	9.39213e-11	3.67713e-11	1.07892e-09	
0.04443	3774.58	22711.2	46.6403	70.5083	60023.4	73.06	1064.66	993.673	11924.1	2.45454e+06	9.27886e-10	9.42387e-11	3.67689e-11	1.07878e-09	
0.05443	3774.65	22708.4	46.7974	72.8414	60035	73.0606	1064.67	993.674	11924.1	2.45454e+06	9.27886e-10	9.45515e-11	3.67666e-11	1.07865e-09	
0.153826	3776.01	22680.3	48.2422	95.4083	60274.4	73.0886	1064.84	993.688	11924.1	2.45454e+06	9.27886e-10	9.74242e-11	3.67548e-11	1.07731e-09	
0.253222	3778.49	22652.1	49.4964	116.881	60729.1	73.1814	1065.25	993.742	11924.1	2.45454e+06	9.27886e-10	9.9909e-11	3.67753e-11	1.07597e-09	
0.352618	3781.95	22623.7	50.5859	137.313	61386.5	73.3724	1066.05	993.88	11924.1	2.45454e+06	9.27886e-10	1.02059e-10	3.68449e-11	1.07463e-09	
0.452014	3786.24	22595.3	51.5333	156.754	62234.6	73.6899	1067.44	994.16	11924.2	2.45454e+06	9.27886e-10	1.0392e-10	3.69778e-11	1.07328e-09	
0.55141	3791.25	22566.8	52.3577	175.253	63261.8	74.1585	1069.64	994.668	11924.3	2.45454e+06	9.27886e-10	1.05531e-10	3.71862e-11	1.07192e-09	
0.650807	3796.9	22538.3	53.0761	192.854	64457.3	74.7994	1072.89	995.509	11924.5	2.45454e+06	9.27886e-10	1.06926e-10	3.74804e-11	1.07057e-09	
0.75376	3803.31	22508.7	53.7236	210.187	65862.1	75.6639	1077.64	996.865	11925	2.45454e+06	9.27885e-10	1.08176e-10	3.78851e-11	1.06916e-09	
0.856713	3810.21	22479.1	54.2866	226.649	67425.5	76.7494	1084.06	998.875	11925.7	2.45454e+06	9.27885e-10	1.09253e-10	3.83997e-11	1.06776e-09	
0.959666	3817.55	22449.5	54.777	242.286	69137.3	78.0699	1092.44	1001.71	11926.9	2.45454e+06	9.27885e-10	1.10184e-10	3.90309e-11	1.06635e-09	
1.06262	3825.25	22419.9	55.205	257.138	70987.6	79.6365	1103.02	1005.57	11928.7	2.45454e+06	9.27885e-10	1.10988e-10	3.97839e-11	1.06494e-09	
1.16557	3833.26	22390.2	55.5793	271.245	72967.3	81.4572	1116.04	1010.64	11931.2	2.45454e+06	9.27885e-10	1.11683e-10	4.06625e-11	1.06354e-09	
1.26853	3841.55	22360.6	55.9076	284.644	75067.4	83.5372	1131.74	1017.13	11934.8	2.45454e+06	9.27885e-10	1.12284e-10	4.16691e-11	1.06213e-09	
1.39136	3851.73	22325.2	56.2479	299.754	77719.3	86.361	1154.23	1026.99	11940.8	2.45454e+06	9.27885e-10	1.12898e-10	4.30384e-11	1.06045e-09	
1.51419	3862.18	22289.7	56.5412	313.964	80517.8	89.5551	1181.06	1039.47	11949.1	2.45454e+06	9.27885e-10	1.13416e-10	4.45893e-11	1.05876e-09	
1.63702	3872.87	22254.2	56.7952	327.327	83450.3	93.1111	1212.47	1054.88	11960.3	2.45454e+06	9.27885e-10	1.13854e-10	4.63172e-11	1.05707e-09	
1.75985	3883.74	22218.6	57.0165	339.894	86505.2	97.015	1248.6	1073.5	11975.1	2.45454e+06	9.27885e-10	1.14226e-10	4.82146e-11	1.05538e-09	
1.88269	3894.77	22183	57.2105	351.713	89671.6	101.247	1289.52	1095.58	11994	2.45454e+06	9.27885e-10	1.14542e-10	5.02709e-11	1.05369e-09	
2.0341	3908.55	22138.9	57.4187	365.317	93713.2	106.876	1346.56	1127.84	12024.1	2.45454e+06	9.27885e-10	1.14869e-10	5.30051e-11	1.0516e-09	
2.18552	3922.49	22094.7	57.5993	377.93	97891	112.909	1410.73	1165.94	12063	2.45454e+06	9.27885e-10	1.15139e-10	5.59321e-11	1.0495e-09	
2.33693	3936.55	22050.2	57.7577	389.623	102188	119.28	1481.72	1210.04	12112.2	2.45454e+06	9.27885e-10	1.15364e-10	5.90191e-11	1.04739e-09	
2.48835	3950.72	22005.7	57.8986	400.464	106591	125.919	1559.08	1260.18	12172.9	2.45454e+06	9.27885e-10	1.15552e-10	6.22312e-11	1.04527e-09	
2.63977	3964.97	21960.9	58.0254	410.514	111083	132.756	1642.2	1316.26	12246.6	2.45454e+06	9.27885e-10	1.15711e-10	6.5532e-11	1.04314e-09	
2.79118	3979.29	21915.9	58.1411	419.831	115654	139.716	1730.4	1378.08	12334.5	2.45454e+06	9.27885e-10	1.15847e-10	6.88857e-11	1.041e-09	
2.9426	3993.67	21870.7	58.2479	428.469	120291	146.733	1822.9	1445.3	12437.9	2.45454e+06	9.27885e-10	1.15965e-10	7.22581e-11	1.03886e-09	
3.09401	4008.1	21825.3	58.3477	436.477	124983	153.741	1918.87	1517.5	12557.7	2.45454e+06	9.27885e-10	1.16067e-10	7.56172e-11	1.0367e-09	
3.24543	4022.56	21779.7	58.4419	443.901	129721	160.682	2017.47	1594.17	12694.9	2.45454e+06	9.27885e-10	1.16157e-10	7.89344e-11	1.03453e-09	
3.39631	4037.01	21734	58.5315	450.76	134478	167.48	2117.51	1674.44	12849.6	2.45454e+06	9.27885e-10	1.16237e-10	8.21731e-11	1.03237e-09	
3.54719	4051.49	21688.3	58.6176	457.121	139262	174.118	2218.54	1757.95	13022.9	2.45454e+06	9.27885e-10	1.16309e-10	8.53243e-11	1.03019e-09	
3.69806	4065.99	21642.3	58.7011	463.02	144067	180.559	2319.78	1844.06	13215.1	2.45454e+06	9.27885e-10	1.16375e-10	8.83706e-11	1.02801e-09	
3.84894	4080.53	21596.3	58.7826	468.49	148885	186.776	2420.55	1932.12	13426.4	2.45454e+06	9.27884e-10	1.16436e-10	9.12986e-11	1.02582e-09	
3.99982	4095.09	21550.1	58.8625	473.562	153709	192.746	2520.22	2021.49	13656.8	2.45454e+06	9.27884e-10	1.16493e-10	9.40982e-11	1.02363e-09	
4.1507	4109.67	21503.8	58.9412	478.266	158535	198.454	2618.24	2111.55	13906.2	2.45454e+06	9.27884e-10	1.16547e-10	9.67622e-11	1.02143e-09	
4.34265	4128.26	21444.9	59.0402	483.76	164667	205.324	2739.82	2226.2	14250.3	2.45454e+06	9.27884e-10	1.16613e-10	9.99494e-11	1.01863e-09	
4.5346	4146.89	21385.9	59.1382	488.751	170782	211.745	2857.17	2339.91	14623.5	2.45454e+06	9.27884e-10	1.16675e-10	1.02907e-10	1.01583e-09	
4.72655	4165.56	21326.8	59.2358	493.286	176871	217.721	2969.7	2451.72	15024.6	2.45454e+06	9.27884e-10	1.16735e-10	1.05638e-10	1.01303e-09	
4.91851	4184.27	21267.8	59.3332	497.405	182926	223.259	3076.97	2560.79	15452	2.45454e+06	9.27884e-10	1.16794e-10	1.08147e-10	1.01022e-09	
5.11046	4203.03	21208.9	59.4305	501.147	188942	228.375	3178.74	2666.46	15903.8	2.45454e+06	9.27884e-10	1.16852e-10	1.10443e-10	1.00742e-09	
5.30241	4221.83	21150.1	59.528	504.547	194910	233.09	3274.87	2768.2	16378.1	2.45454e+06	9.27884e-10	1.1691e-10	1.12536e-10	1.00463e-09	
5.52349	4243.55	21082.5	59.6407	508.079	201720	238.051	3378.59	2879.99	16949.6	2.45454e+06	9.27884e-10	1.16976e-10	1.14712e-10	1.00142e-09	
5.74458	4265.32	21015.1	59.7539	511.242	208454	242.546	3474.96	2985.66	17545	2.45454e+06	9.27884e-10	1.17042e-10	1.16654e-10	9.98218e-10	
5.96566	4287.17	20948.1	59.8677	514.073	215107	246.612	3564.21	3085	18161.1	2.45454e+06	9.27884e-10	1.17109e-10	1.18382e-10	9.95032e-10	
6.18674	4309.08	20881.3	59.9822	516.609	221672	250.287	3646.7	3177.96	18794.8	2.45454e+06	9.27884e-10	1.17176e-10	1.19916e-10	9.91862e-10	
6.40783	4331.07	20814.9	60.0974	518.879	228146	253.608	3722.83	3264.63	19442.9	2.45454e+06	9.27883e-10	1.17245e-10	1.21275e-10	9.8871e-10	
6.62891	4353.13	20749	60.2135	520.911	234526	256.609	3793.02	3345.19	20102.6	2.45454e+06	9.27883e-10	1.17314e-10	1.22475e-10	9.85576e-10	
6.83489	4373.75	20687.9	60.3223	522.613	240382	259.146	3853.47	3414.97	20725.2	2.45454e+06	9.27883e-10	1.1738e-10	1.23465e-10	9.82674e-10	
7.04087	4394.43	20627.2	60.4319	524.148	246152	261.458	3909.51	3479.93	21353.5	2.45454e+06	9.27883e-10	1.17447e-10	1.24345e-10	9.79791e-10	
7.24684	4415.19	20566.9	60.5423	525.533	251834	263.566	3961.51	3540.34	21985.6	2.45454e+06	9.27883e-10	1.17515e-10	1.25125e-10	9.76927e-10	
7.45282	4436.01	20507	60.6533	526.782	257427	265.492	4009.81	3596.5	22619.6	2.45454e+06	9.27883e-10	1.17585e-10	1.25816e-10	9.74084e-10	
7.65879	4456.91	20447.6	60.7652	527.909	262930	267.254	4054.73	3648.7	23254.2	2.45454e+06	9.27883e-10	1.17656e-10	1.26427e-10	9.71261e-10	
7.96123	4487.72	20361.1	60.9308	529.367	270846	269.578	4115.18	3718.78	24183.9	2.45454e+06	9.27883e-10	1.17762e-10	1.27197e-10	9.67154e-10	
8.26366	4518.69	20275.7	61.0981	530.621	278567	271.631	4169.88	3781.88	25107.7	2.45454e+06	9.27883e-10	1.17872e-10	1.27835e-10	9.63095e-10	
8.56609	4549.83	20191.2	61.2671	531.698	286092	273.453	4219.61	3838.83	26022.4	2.45454e+06	9.27882e-10	1.17985e-10	1.28363e-10	9.59083e-10	
8.86852	4581.12	20107.8	61.4378	532.625	293423	275.077	4265.06	3890.43	26925.4	2.45454e+06	9.27882e-10	1.18101e-10	1.28797e-10	9.55121e-10	
9.17095	4612.59	20025.4	61.6102	533.421	300561	276.533	4306.81	3937.36	27814.5	2.45454e+06	9.27882e-10	1.1822e-10	1.2915e-10	9.51207e-10	
9.39624	4636.14	19964.7	61.7398	533.941	305755	277.523	4335.82	3969.67	28466.9	2.45454e+06	9.27882e-10	1.18312e-10	1.29369e-10	9.48324e-10	
9.62154	4659.78	19904.6	61.8703	534.405	310843	278.442	4363.26	3999.97	29110	2.45454e+06	9.27882e-10	1.18405e-10	1.29555e-10	9.45469e-10	
9.84683	4683.52	19845.1	62.0019	534.82	315828	279.297	4389.29	4028.46	29743.4	2.45454e+06	9.27882e-10	1.185e-10	1.29711e-10	9.42641e-10	
10.0721	4707.36	19786.1	62.1344	535.19	320711	280.096	4414.05	4055.34	30366.9	2.45454e+06	9.27882e-10	1.18597e-10	1.29841e-10	9.3984e-10	
10.3936	4741.54	19703	62.3251	535.652	327503	281.148	4447.45	4091.23	31238.5	2.45454e+06	9.27881e-10	1.1874e-10	1.29987e-10	9.35893e-10	
10.715	4775.91	19621.1	62.5179	536.045	334094	282.112	4478.87	4124.59	32088.7	2.45454e+06	9.27881e-10	1.18886e-10	1.30093e-10	9.32e-10	
11.0365	4810.49	19540.3	62.7127	536.38	340488	282.999	4508.58	4155.79	32917	2.45454e+06	9.27881e-10	1.19037e-10	1.30165e-10	9.28164e-10	
11.3579	4845.27	19460.7	62.9095	536.665	346689	283.821	4536.82	4185.12	33723.4	2.45454e+06	9.27881e-10	1.19192e-10	1.30208e-10	9.24382e-10	
11.6793	4880.26	19382.2	63.1085	536.907	352703	284.585	4563.76	4212.85	34508	2.45454e+06	9.27881e-10	1.19351e-10	1.30226e-10	9.20654e-10	
12.0008	4915.45	19304.9	63.3095	537.114	358533	285.3	4589.59	4239.19	35270.9	2.45454e+06	9.2788e-10	1.19515e-10	1.30223e-10	9.16981e-10	
12.3222	4950.84	19228.6	63.5126	537.29	364185	285.971	4614.44	4264.32	36012.4	2.45454e+06	9.2788e-10	1.19683e-10	1.30203e-10	9.13361e-10	
12.6437	4986.45	19153.5	63.7178	537.44	369664	286.604	4638.41	4288.4	36732.9	2.45454e+06	9.2788e-10	1.19855e-10	1.30167e-10	9.09793e-10	
12.8132	5005.32	19114.4	63.827	537.509	372485	286.924	4650.75	4300.73	37104.7	2.45454e+06	9.2788e-10	1.19948e-10	1.30142e-10	9.07932e-10	
12.9828	5024.24	19075.5	63.9367	537.574	375261	287.235	4662.88	4312.81	37470.8	2.45454e+06	9.2788e-10	1.20042e-10	1.30114e-10	9.06086e-10	
13.1524	5043.23	19036.9	64.047	537.633	377990	287.538	4674.82	4324.67	37831.3	2.45454e+06	9.2788e-10	1.20138e-10	1.30083e-10	9.04253e-10	
13.322	5062.27	18998.6	64.1579	537.687	380675	287.833	4686.58	4336.31	38186.3	2.45454e+06	9.2788e-10	1.20234e-10	1.30049e-10	9.02435e-10	
13.5799	5091.35	18941	64.3278	537.761	384674	288.268	4704.15	4353.65	38715.8	2.45454e+06	9.27879e-10	1.20384e-10	1.29993e-10	8.99697e-10	
13.8378	5120.56	18884	64.4991	537.826	388572	288.687	4721.35	4370.57	39233.1	2.45454e+06	9.27879e-10	1.20536e-10	1.2993e-10	8.96991e-10	
14.0957	5149.91	18827.7	64.6718	537.883	392373	289.092	4738.22	4387.11	39738.3	2.45454e+06	9.27879e-10	1.20691e-10	1.29863e-10	8.94317e-10	
14.3536	5179.4	18772.1	64.8459	537.933	396078	289.484	4754.78	4403.29	40231.8	2.45454e+06	9.27879e-10	1.20849e-10	1.29792e-10	8.91675e-10	
14.9042	5242.83	18655.5	65.2224	538.021	403681	290.282	4789.19	4436.79	41247.5	2.45454e+06	9.27878e-10	1.21197e-10	1.29627e-10	8.86136e-10	
15.4548	5306.9	18541.8	65.6057	538.088	410880	291.033	4822.46	4469.02	42214	2.45454e+06	9.27878e-10	1.21559e-10	1.29448e-10	8.80736e-10	
16.0055	5371.61	18431	65.9956	538.139	417696	291.744	4854.71	4500.15	43134	2.45454e+06	9.27878e-10	1.21935e-10	1.29259e-10	8.75471e-10	
16.5561	5436.97	18322.9	66.3924	538.177	424150	292.42	4886.05	4530.32	44010.1	2.45454e+06	9.27877e-10	1.22324e-10	1.29062e-10	8.70337e-10	
17.1067	5502.98	18217.5	66.7962	538.207	430260	293.065	4916.58	4559.63	44845.1	2.45454e+06	9.27877e-10	1.22728e-10	1.28858e-10	8.6533e-10	
17.2854	5524.55	18183.8	66.9287	538.215	432172	293.268	4926.32	4568.98	45107.7	2.45454e+06	9.27877e-10	1.22862e-10	1.28791e-10	8.63732e-10	
17.4642	5546.19	18150.4	67.062	538.222	434050	293.469	4935.99	4578.24	45366.3	2.45454e+06	9.27876e-10	1.22998e-10	1.28723e-10	8.62146e-10	
17.6429	5567.9	18117.3	67.1961	538.228	435896	293.667	4945.58	4587.43	45621	2.45454e+06	9.27876e-10	1.23135e-10	1.28655e-10	8.60574e-10	
17.8216	5589.68	18084.5	67.3309	538.234	437708	293.862	4955.1	4596.55	45871.8	2.45454e+06	9.27876e-10	1.23274e-10	1.28587e-10	8.59014e-10	
18.0341	5615.67	18045.8	67.4921	538.241	439822	294.091	4966.33	4607.29	46165.2	2.45454e+06	9.27876e-10	1.23441e-10	1.28506e-10	8.57176e-10	
18.2466	5641.76	18007.5	67.6545	538.247	441892	294.317	4977.46	4617.93	46453.4	2.45454e+06	9.27876e-10	1.2361e-10	1.28424e-10	8.55355e-10	
18.4591	5667.95	17969.5	67.818	538.252	443918	294.54	4988.49	4628.48	46736.6	2.45454e+06	9.27876e-10	1.23781e-10	1.28341e-10	8.53551e-10	
19.1297	5751.25	17852.1	68.3409	538.265	450036	295.222	5022.71	4661.15	47598.3	2.45454e+06	9.27875e-10	1.24336e-10	1.2808e-10	8.47973e-10	
19.8003	5835.58	17738.1	68.8749	538.275	455759	295.877	5056.06	4692.97	48414.6	2.45454e+06	9.27874e-10	1.24914e-10	1.27818e-10	8.4256e-10	
19.9679	5856.82	17710.1	69.0101	538.277	457131	296.037	5064.27	4700.79	48612	2.45454e+06	9.27874e-10	1.25061e-10	1.27752e-10	8.41231e-10	
20.1355	5878.12	17682.4	69.1461	538.279	458480	296.195	5072.43	4708.57	48806.8	2.45454e+06	9.27874e-10	1.2521e-10	1.27686e-10	8.39913e-10	
20.3032	5899.5	17654.8	69.2828	538.28	459806	296.352	5080.54	4716.3	48999	2.45454e+06	9.27874e-10	1.25361e-10	1.27621e-10	8.38605e-10	
20.4708	5920.93	17627.5	69.4202	538.282	461111	296.507	5088.6	4723.98	49188.8	2.45454e+06	9.27874e-10	1.25513e-10	1.27555e-10	8.37306e-10	
20.6398	5942.6	17600.1	69.5594	538.283	462404	296.663	5096.68	4731.68	49377.6	2.45454e+06	9.27873e-10	1.25668e-10	1.27489e-10	8.36007e-10	
20.8087	5964.33	17573	69.6993	538.284	463675	296.816	5104.71	4739.32	49564	2.45454e+06	9.27873e-10	1.25824e-10	1.27423e-10	8.34717e-10	
20.9776	5986.14	17546.1	69.8399	538.286	464925	296.968	5112.69	4746.92	49748	2.45454e+06	9.27873e-10	1.25981e-10	1.27357e-10	8.33437e-10	
21.6993	6080.04	17433.2	70.4493	538.29	470033	297.604	5146.27	4778.89	50508.4	2.45454e+06	9.27872e-10	1.2667e-10	1.27076e-10	8.28076e-10	
22.4211	6175.18	17323.8	71.0725	538.292	474785	298.218	5179.05	4810.07	51229.6	2.45454e+06	9.27871e-10	1.27386e-10	1.26797e-10	8.2288e-10	
23.1428	6271.6	17217.8	71.7099	538.294	479207	298.81	5211.05	4840.5	51914.8	2.45454e+06	9.2787e-10	1.28128e-10	1.26521e-10	8.17844e-10	
23.3232	6295.91	17191.8	71.8715	538.295	480264	298.955	5218.94	4848	52080.8	2.45454e+06	9.2787e-10	1.28318e-10	1.26452e-10	8.1661e-10	
23.5036	6320.29	17166	72.034	538.295	481301	299.099	5226.78	4855.45	52244.7	2.45454e+06	9.2787e-10	1.2851e-10	1.26384e-10	8.15384e-10	
23.6841	6344.76	17140.4	72.1974	538.296	482321	299.242	5234.58	4862.86	52406.7	2.45454e+06	9.2787e-10	1.28704e-10	1.26316e-10	8.14169e-10	
23.8645	6369.31	17115	72.3618	538.296	483321	299.384	5242.33	4870.23	52566.7	2.45454e+06	9.2787e-10	1.28899e-10	1.26248e-10	8.12962e-10	
24.0785	6398.54	17085.1	72.558	538.296	484486	299.55	5251.47	4878.91	52754	2.45454e+06	9.27869e-10	1.29132e-10	1.26168e-10	8.11543e-10	
24.2925	6427.88	17055.5	72.7554	538.296	485625	299.715	5260.55	4887.53	52938.6	2.45454e+06	9.27869e-10	1.29369e-10	1.26088e-10	8.10136e-10	
24.5066	6457.35	17026.2	72.9543	538.297	486740	299.879	5269.56	4896.1	53120.7	2.45454e+06	9.27869e-10	1.29607e-10	1.26008e-10	8.08743e-10	
25.3112	6569.18	16918.2	73.7137	538.297	490726	300.481	5302.93	4927.79	53783.2	2.45454e+06	9.27868e-10	1.30527e-10	1.25711e-10	8.03613e-10	
26.1158	6682.72	16813.7	74.4927	538.298	494403	301.063	5335.5	4958.71	54413.1	2.45454e+06	9.27866e-10	1.31483e-10	1.25419e-10	7.98651e-10	
26.9204	6798.03	16712.6	75.2917	538.298	497797	301.627	5367.29	4988.88	55013	2.45454e+06	9.27865e-10	1.32475e-10	1.25131e-10	7.9385e-10	
27.1216	6827.13	16687.9	75.4947	538.298	498603	301.766	5375.12	4996.32	55158.6	2.45454e+06	9.27865e-10	1.32729e-10	1.2506e-10	7.92674e-10	
27.3227	6856.36	16663.3	75.6989	538.298	499394	301.903	5382.9	5003.7	55302.5	2.45454e+06	9.27865e-10	1.32985e-10	1.24989e-10	7.91507e-10	
27.5239	6885.69	16638.9	75.9045	538.298	500169	302.039	5390.64	5011.05	55444.8	2.45454e+06	9.27864e-10	1.33244e-10	1.24919e-10	7.9035e-10	
27.725	6915.14	16614.8	76.1114	538.298	500928	302.175	5398.34	5018.35	55585.4	2.45454e+06	9.27864e-10	1.33505e-10	1.24849e-10	7.89202e-10	
27.9156	6943.16	16592	76.3086	538.299	501634	302.302	5405.59	5025.22	55717.2	2.45454e+06	9.27864e-10	1.33754e-10	1.24782e-10	7.88122e-10	
28.1062	6971.28	16569.5	76.5071	538.299	502326	302.428	5412.8	5032.06	55847.6	2.45454e+06	9.27863e-10	1.34005e-10	1.24717e-10	7.87051e-10	
28.2968	6999.5	16547.1	76.7068	538.299	503005	302.554	5419.97	5038.87	55976.7	2.45454e+06	9.27863e-10	1.34259e-10	1.24651e-10	7.85987e-10	
28.8579	7083.21	16482.1	77.3017	538.299	504931	302.918	5440.86	5058.68	56348.8	2.45454e+06	9.27862e-10	1.35018e-10	1.24459e-10	7.82902e-10	
29.4189	7167.87	16418.6	77.9074	538.299	506751	303.275	5461.42	5078.17	56709.9	2.45454e+06	9.27861e-10	1.35797e-10	1.2427e-10	7.79883e-10	
29.98	7253.49	16356.4	78.5242	538.299	508472	303.625	5481.67	5097.37	57060.7	2.45454e+06	9.2786e-10	1.36594e-10	1.24083e-10	7.76927e-10	
30.5411	7340.11	16295.4	79.1524	538.299	510100	303.969	5501.61	5116.27	57401.5	2.45454e+06	9.27859e-10	1.37412e-10	1.23898e-10	7.74032e-10	
30.9275	7400.36	16254.2	79.5918	538.299	511169	304.202	5515.18	5129.12	57630.9	2.45454e+06	9.27858e-10	1.37986e-10	1.23773e-10	7.72073e-10	
31.3139	7461.1	16213.5	80.0368	538.299	512197	304.432	5528.6	5141.84	57855.9	2.45454e+06	9.27857e-10	1.3857e-10	1.23648e-10	7.70142e-10	
31.7004	7522.34	16173.4	80.4875	538.299	513187	304.66	5541.89	5154.43	58076.8	2.45454e+06	9.27856e-10	1.39164e-10	1.23524e-10	7.68236e-10	
32.7486	7691.01	16067.3	81.7395	538.299	515685	305.262	5577.29	5187.94	58656.3	2.45454e+06	9.27854e-10	1.40824e-10	1.23194e-10	7.63198e-10	
33.7968	7863.61	15965	83.0362	538.299	517936	305.846	5611.77	5220.58	59209.3	2.45454e+06	9.27852e-10	1.42559e-10	1.22871e-10	7.58338e-10	
34.0588	7907.4	15940	83.3676	538.299	518462	305.99	5620.26	5228.61	59343.7	2.45454e+06	9.27851e-10	1.43005e-10	1.22791e-10	7.57149e-10	
34.3208	7951.45	15915.2	83.7021	538.299	518975	306.132	5628.69	5236.59	59476.6	2.45454e+06	9.2785e-10	1.43456e-10	1.22712e-10	7.55971e-10	
34.5829	7995.76	15890.6	84.0395	538.299	519475	306.273	5637.08	5244.52	59608	2.45454e+06	9.2785e-10	1.43912e-10	1.22633e-10	7.54802e-10	
34.8449	8040.34	15866.2	84.3799	538.299	519962	306.413	5645.41	5252.4	59738.1	2.45454e+06	9.27849e-10	1.44372e-10	1.22555e-10	7.53643e-10	
35.0486	8075.18	15847.3	84.6467	538.299	520332	306.521	5651.85	5258.49	59838.2	2.45454e+06	9.27849e-10	1.44734e-10	1.22494e-10	7.52749e-10	
35.2523	8110.18	15828.6	84.9154	538.299	520694	306.629	5658.27	5264.55	59937.5	2.45454e+06	9.27848e-10	1.45098e-10	1.22434e-10	7.5186e-10	
35.456	8145.36	15810	85.1859	538.299	521049	306.735	5664.65	5270.59	60036	2.45454e+06	9.27847e-10	1.45466e-10	1.22374e-10	7.50977e-10	
36.227	8280.03	15740.7	86.2275	538.299	522329	307.135	5688.56	5293.18	60401.8	2.45454e+06	9.27845e-10	1.46886e-10	1.22148e-10	7.47685e-10	
36.9979	8417.24	15673	87.2978	538.299	523514	307.527	5712.09	5315.4	60757	2.45454e+06	9.27843e-10	1.48352e-10	1.21926e-10	7.44467e-10	
37.7689	8557.08	15606.7	88.3978	538.299	524611	307.912	5735.25	5337.27	61102.3	2.45454e+06	9.27841e-10	1.49865e-10	1.21706e-10	7.41319e-10	
38.5398	8699.68	15541.8	89.5287	538.299	525626	308.289	5758.07	5358.8	61438.3	2.45454e+06	9.27838e-10	1.51428e-10	1.2149e-10	7.38236e-10	
38.8114	8750.59	15519.3	89.9347	538.299	525966	308.421	5766.03	5366.31	61554.6	2.45454e+06	9.27837e-10	1.5199e-10	1.21414e-10	7.37165e-10	
39.0829	8801.86	15496.9	90.3448	538.299	526296	308.552	5773.96	5373.78	61669.8	2.45454e+06	9.27836e-10	1.52559e-10	1.21339e-10	7.36102e-10	
39.3545	8853.49	15474.6	90.7589	538.299	526618	308.682	5781.84	5381.21	61784	2.45454e+06	9.27835e-10	1.53134e-10	1.21264e-10	7.35046e-10	
39.7499	8929.34	15442.5	91.3694	538.299	527071	308.87	5793.26	5391.98	61948.4	2.45454e+06	9.27834e-10	1.53983e-10	1.21155e-10	7.3352e-10	
40.1452	9006	15410.7	91.9889	538.299	527506	309.056	5804.61	5402.66	62110.8	2.45454e+06	9.27833e-10	1.54845e-10	1.21047e-10	7.3201e-10	
40.5406	9083.49	15379.2	92.6177	538.299	527924	309.241	5815.88	5413.28	62271.2	2.45454e+06	9.27831e-10	1.55723e-10	1.20939e-10	7.30513e-10	
41.7172	9319.2	15287.1	94.5458	538.299	529076	309.784	5849.05	5444.5	62737.4	2.45454e+06	9.27826e-10	1.5842e-10	1.20623e-10	7.26135e-10	
42.8938	9563.01	15197.1	96.5635	538.299	530100	310.316	5881.7	5475.2	63188.3	2.45454e+06	9.27821e-10	1.61253e-10	1.2031e-10	7.21862e-10	
43.188	9625.29	15174.9	97.0827	538.299	530337	310.447	5889.79	5482.8	63298.8	2.45454e+06	9.2782e-10	1.61984e-10	1.20232e-10	7.20808e-10	
43.4822	9688.13	15152.8	97.6079	538.299	530568	310.579	5897.86	5490.38	63408.4	2.45454e+06	9.27818e-10	1.62724e-10	1.20155e-10	7.1976e-10	
43.7763	9751.53	15130.9	98.1394	538.299	530792	310.709	5905.9	5497.93	63517.3	2.45454e+06	9.27817e-10	1.63473e-10	1.20077e-10	7.18718e-10	
44.0705	9815.51	15109	98.6771	538.299	531010	310.839	5913.92	5505.46	63625.4	2.45454e+06	9.27816e-10	1.64231e-10	1.2e-10	7.1768e-10	
44.3965	9887.1	15085	99.2806	538.299	531244	310.983	5922.79	5513.78	63744.2	2.45454e+06	9.27814e-10	1.65083e-10	1.19915e-10	7.16535e-10	
44.7225	9959.42	15061	99.8922	538.299	531470	311.126	5931.63	5522.08	63862.2	2.45454e+06	9.27812e-10	1.65946e-10	1.1983e-10	7.15396e-10	
45.0485	10032.5	15037.1	100.512	538.299	531689	311.268	5940.45	5530.35	63979.2	2.45454e+06	9.27811e-10	1.66822e-10	1.19745e-10	7.14263e-10	
46.0891	10270.9	14961.7	102.546	538.299	532342	311.72	5968.46	5556.6	64347.3	2.45454e+06	9.27805e-10	1.697e-10	1.19475e-10	7.10679e-10	
47.1297	10517.7	14887.1	104.672	538.299	532931	312.168	5996.33	5582.69	64707.5	2.45454e+06	9.27799e-10	1.72711e-10	1.19205e-10	7.07138e-10	
47.3899	10580.8	14868.6	105.218	538.299	533069	312.28	6003.28	5589.19	64796.4	2.45454e+06	9.27797e-10	1.73485e-10	1.19138e-10	7.06258e-10	
47.65	10644.4	14850.1	105.77	538.299	533203	312.391	6010.23	5595.68	64884.9	2.45454e+06	9.27795e-10	1.74268e-10	1.1907e-10	7.05381e-10	
47.9101	10708.6	14831.7	106.328	538.299	533334	312.502	6017.17	5602.17	64973.1	2.45454e+06	9.27794e-10	1.7506e-10	1.19003e-10	7.04506e-10	
48.1703	10773.4	14813.3	106.893	538.299	533461	312.613	6024.11	5608.66	65060.8	2.45454e+06	9.27792e-10	1.75861e-10	1.18936e-10	7.03632e-10	
48.407	10832.9	14796.6	107.413	538.299	533574	312.714	6030.43	5614.56	65140.3	2.45454e+06	9.2779e-10	1.76598e-10	1.18875e-10	7.02838e-10	
48.6438	10892.9	14779.9	107.938	538.299	533685	312.815	6036.74	5620.46	65219.5	2.45454e+06	9.27788e-10	1.77343e-10	1.18813e-10	7.02046e-10	
48.8805	10953.4	14763.3	108.468	538.299	533793	312.916	6043.06	5626.35	65298.4	2.45454e+06	9.27787e-10	1.78095e-10	1.18752e-10	7.01254e-10	
49.8906	11217.5	14692.4	110.795	538.299	534226	313.346	6070.03	5651.51	65632	2.45454e+06	9.27779e-10	1.81397e-10	1.1849e-10	6.97889e-10	
50.9007	11491.8	14621.8	113.229	538.299	534617	313.776	6097.08	5676.72	65961.1	2.45454e+06	9.27771e-10	1.8485e-10	1.18226e-10	6.94535e-10	
51.9109	11776.9	14551.3	115.779	538.299	534971	314.208	6124.28	5702.03	66286.6	2.45454e+06	9.27762e-10	1.88465e-10	1.1796e-10	6.91185e-10	
52.1634	11850	14533.6	116.435	538.299	535054	314.316	6131.11	5708.39	66367.5	2.45454e+06	9.27759e-10	1.89395e-10	1.17893e-10	6.90347e-10	
52.4159	11923.8	14516	117.099	538.299	535135	314.424	6137.95	5714.75	66448.2	2.45454e+06	9.27757e-10	1.90336e-10	1.17826e-10	6.89508e-10	
52.6684	11998.4	14498.3	117.77	538.299	535214	314.533	6144.81	5721.12	66528.8	2.45454e+06	9.27754e-10	1.91287e-10	1.17759e-10	6.88669e-10	
52.921	12073.8	14480.6	118.45	538.299	535291	314.642	6151.69	5727.51	66609.2	2.45454e+06	9.27752e-10	1.9225e-10	1.17692e-10	6.8783e-10	
53.1443	12141.1	14465	119.058	538.299	535357	314.738	6157.79	5733.17	66680.2	2.45454e+06	9.27749e-10	1.93111e-10	1.17632e-10	6.87087e-10	
53.3676	12209	14449.3	119.672	538.299	535422	314.834	6163.9	5738.84	66751.1	2.45454e+06	9.27747e-10	1.9398e-10	1.17572e-10	6.86343e-10	
53.5909	12277.5	14433.7	120.293	538.299	535486	314.931	6170.02	5744.53	66821.9	2.45454e+06	9.27745e-10	1.94858e-10	1.17512e-10	6.85599e-10	
54.5208	12569.9	14368.2	122.951	538.299	535735	315.335	6195.71	5768.35	67115.9	2.45454e+06	9.27734e-10	1.98615e-10	1.1726e-10	6.82488e-10	
55.4507	12874.3	14302.3	125.73	538.299	535963	315.744	6221.73	5792.45	67409.1	2.45454e+06	9.27722e-10	2.02536e-10	1.17004e-10	6.79357e-10	
56.3806	13191.4	14235.8	128.639	538.299	536170	316.158	6248.14	5816.89	67702.1	2.45454e+06	9.2771e-10	2.06631e-10	1.16744e-10	6.76198e-10	
57.3105	13522.1	14168.6	131.684	538.299	536359	316.579	6275.01	5841.72	67995.3	2.45454e+06	9.27696e-10	2.10907e-10	1.1648e-10	6.73006e-10	
57.7114	13669.1	14139.3	133.04	538.299	536436	316.762	6286.75	5852.56	68122	2.45454e+06	9.2769e-10	2.12809e-10	1.16364e-10	6.71618e-10	
58.1123	13818.8	14109.9	134.424	538.299	536509	316.947	6298.59	5863.48	68249	2.45454e+06	9.27683e-10	2.14746e-10	1.16247e-10	6.70222e-10	
58.5132	13971.5	14080.4	135.836	538.299	536579	317.133	6310.53	5874.5	68376.2	2.45454e+06	9.27676e-10	2.1672e-10	1.16129e-10	6.68817e-10	
58.9141	14127.1	14050.6	137.277	538.299	536647	317.32	6322.59	5885.61	68503.7	2.45454e+06	9.27669e-10	2.18731e-10	1.1601e-10	6.67404e-10	
59.1744	14229.7	14031.2	138.228	538.299	536689	317.443	6330.48	5892.88	68586.7	2.45454e+06	9.27664e-10	2.20057e-10	1.15932e-10	6.66481e-10	
59.4347	14333.6	14011.7	139.191	538.299	536731	317.567	6338.42	5900.2	68669.9	2.45454e+06	9.27659e-10	2.21399e-10	1.15853e-10	6.65554e-10	
59.695	14438.9	13992.1	140.168	538.299	536771	317.691	6346.42	5907.56	68753.2	2.45454e+06	9.27654e-10	2.22757e-10	1.15774e-10	6.64623e-10	
60.5232	14782.9	13929	143.361	538.299	536892	318.091	6372.23	5931.31	69019.9	2.45454e+06	9.27637e-10	2.2719e-10	1.15519e-10	6.61629e-10	
61.3514	15141.5	13865	146.69	538.299	537004	318.5	6398.63	5955.59	69289	2.45454e+06	9.27618e-10	2.31794e-10	1.15258e-10	6.58586e-10	
62.1796	15515.5	13799.8	150.162	538.299	537107	318.918	6425.69	5980.44	69561.2	2.45454e+06	9.27597e-10	2.36576e-10	1.1499e-10	6.55489e-10	
63.0078	15905.8	13733.3	153.782	538.299	537202	319.346	6453.46	6005.92	69836.8	2.45454e+06	9.27574e-10	2.4154e-10	1.14715e-10	6.52333e-10	
63.2373	16017	13714.7	154.812	538.299	537227	319.466	6461.29	6013.09	69913.9	2.45454e+06	9.27568e-10	2.42948e-10	1.14638e-10	6.51448e-10	
63.4668	16129.6	13695.9	155.854	538.299	537251	319.588	6469.18	6020.33	69991.3	2.45454e+06	9.27561e-10	2.4437e-10	1.1456e-10	6.50557e-10	
63.6963	16243.5	13677.1	156.909	538.299	537275	319.71	6477.12	6027.61	70069	2.45454e+06	9.27554e-10	2.45807e-10	1.14481e-10	6.49661e-10	
64.2565	16527.4	13630.6	159.533	538.299	537331	320.012	6496.79	6045.63	70260.1	2.45454e+06	9.27536e-10	2.49375e-10	1.14286e-10	6.47453e-10	
64.8166	16819.9	13583.4	162.23	538.299	537383	320.32	6516.85	6064	70453.4	2.45454e+06	9.27517e-10	2.53029e-10	1.14088e-10	6.45213e-10	
65.3768	17121.5	13535.6	165.004	538.299	537433	320.633	6537.32	6082.73	70649.1	2.45454e+06	9.27496e-10	2.56772e-10	1.13885e-10	6.4294e-10	
65.9369	17432.3	13487	167.854	538.299	537480	320.953	6558.22	6101.85	70847.3	2.45454e+06	9.27475e-10	2.60602e-10	1.13679e-10	6.40631e-10	
66.2732	17623.6	13457.4	169.603	538.299	537507	321.148	6570.98	6113.52	70967.6	2.45454e+06	9.27461e-10	2.62944e-10	1.13553e-10	6.39228e-10	
66.6095	17818.4	13427.6	171.38	538.299	537534	321.345	6583.91	6125.34	71088.9	2.45454e+06	9.27446e-10	2.65317e-10	1.13425e-10	6.37811e-10	
66.9458	18016.8	13397.5	173.186	538.299	537559	321.545	6597.01	6137.31	71211.3	2.45454e+06	9.27431e-10	2.67722e-10	1.13296e-10	6.36381e-10	
67.4145	18299.6	13355	175.751	538.299	537593	321.827	6615.56	6154.25	71383.7	2.45454e+06	9.27409e-10	2.71127e-10	1.13113e-10	6.34365e-10	
67.8832	18589.9	13312	178.373	538.299	537625	322.115	6634.46	6171.51	71558.3	2.45454e+06	9.27386e-10	2.74592e-10	1.12926e-10	6.3232e-10	
68.3519	18887.8	13268.4	181.052	538.299	537656	322.407	6653.72	6189.1	71735.2	2.45454e+06	9.27362e-10	2.78116e-10	1.12737e-10	6.30248e-10	
68.8206	19193.6	13224.1	183.788	538.299	537685	322.705	6673.36	6207.02	71914.6	2.45454e+06	9.27336e-10	2.817e-10	1.12543e-10	6.28146e-10	
69.1981	19445.8	13188	186.033	538.299	537708	322.949	6689.46	6221.71	72060.9	2.45454e+06	9.27314e-10	2.84629e-10	1.12385e-10	6.26432e-10	
69.5756	19703.4	13151.5	188.316	538.299	537730	323.197	6705.82	6236.63	72209	2.45454e+06	9.2729e-10	2.87594e-10	1.12225e-10	6.24699e-10	
69.9531	19966.5	13114.6	190.636	538.299	537751	323.448	6722.44	6251.79	72358.9	2.45454e+06	9.27266e-10	2.90595e-10	1.12062e-10	6.22945e-10	
70.3306	20235.2	13077.3	192.993	538.299	537771	323.704	6739.33	6267.19	72510.6	2.45454e+06	9.2724e-10	2.93632e-10	1.11896e-10	6.21172e-10	
70.6036	20433.1	13050	194.721	538.299	537786	323.891	6751.72	6278.49	72621.5	2.45454e+06	9.27221e-10	2.95849e-10	1.11775e-10	6.19877e-10	
70.8765	20634	13022.6	196.468	538.299	537799	324.08	6764.25	6289.91	72733.4	2.45454e+06	9.27201e-10	2.98083e-10	1.11652e-10	6.18571e-10	
71.1495	20838.1	12994.8	198.234	538.299	537813	324.271	6776.93	6301.47	72846.3	2.45454e+06	9.27181e-10	3.00335e-10	1.11528e-10	6.17255e-10	
71.4594	21073.5	12963.1	200.262	538.299	537828	324.49	6791.51	6314.76	72975.8	2.45454e+06	9.27156e-10	3.0291e-10	1.11386e-10	6.15748e-10	
71.7692	21313	12931.1	202.314	538.299	537842	324.712	6806.29	6328.23	73106.7	2.45454e+06	9.27131e-10	3.05506e-10	1.11242e-10	6.14226e-10	
72.0791	21556.7	12898.8	204.391	538.299	537856	324.937	6821.27	6341.88	73239.1	2.45454e+06	9.27105e-10	3.08122e-10	1.11096e-10	6.12691e-10	
72.3529	21775.5	12869.9	206.245	538.299	537868	325.139	6834.67	6354.09	73357.3	2.45454e+06	9.27081e-10	3.10449e-10	1.10966e-10	6.11322e-10	
72.6266	21997.7	12840.9	208.118	538.299	537880	325.342	6848.24	6366.45	73476.6	2.45454e+06	9.27056e-10	3.1279e-10	1.10834e-10	6.09943e-10	
72.9004	22223.2	12811.6	210.009	538.299	537891	325.548	6861.97	6378.96	73597.2	2.45454e+06	9.2703e-10	3.15144e-10	1.10701e-10	6.08552e-10	
73.1543	22435.5	12784.3	211.779	538.299	537901	325.741	6874.85	6390.7	73710.1	2.45454e+06	9.27005e-10	3.17339e-10	1.10576e-10	6.07252e-10	
73.4082	22650.8	12756.7	213.564	538.299	537911	325.936	6887.87	6402.57	73824.1	2.45454e+06	9.26979e-10	3.19544e-10	1.1045e-10	6.05943e-10	
73.6621	22869.1	12728.9	215.364	538.299	537921	326.133	6901.04	6414.57	73939.1	2.45454e+06	9.26953e-10	3.21759e-10	1.10323e-10	6.04624e-10	
73.9026	23078.6	12702.4	217.082	538.299	537930	326.321	6913.65	6426.06	74049.1	2.45454e+06	9.26927e-10	3.23865e-10	1.10201e-10	6.03366e-10	
74.1431	23291	12675.8	218.813	538.299	537939	326.512	6926.4	6437.67	74160.1	2.45454e+06	9.269e-10	3.25978e-10	1.10078e-10	6.021e-10	
74.3835	23506.1	12648.9	220.557	538.299	537947	326.704	6939.28	6449.41	74272.2	2.45454e+06	9.26872e-10	3.28099e-10	1.09954e-10	6.00825e-10	
74.6431	23741.4	12619.8	222.453	538.299	537956	326.913	6953.33	6462.21	74394.3	2.45454e+06	9.26842e-10	3.30395e-10	1.09819e-10	5.99439e-10	
74.9026	23980.1	12590.4	224.364	538.299	537965	327.125	6967.54	6475.16	74517.6	2.45454e+06	9.2681e-10	3.32697e-10	1.09682e-10	5.98043e-10	
75.1622	24222.1	12560.8	226.288	538.299	537974	327.339	6981.92	6488.26	74642.2	2.45454e+06	9.26777e-10	3.35006e-10	1.09545e-10	5.96638e-10	
75.4456	24490.3	12528.2	228.404	538.299	537983	327.575	6997.8	6502.73	74779.8	2.45454e+06	9.26739e-10	3.37533e-10	1.09393e-10	5.95092e-10	
75.729	24762.5	12495.5	230.536	538.299	537991	327.814	7013.88	6517.39	74918.8	2.45454e+06	9.26701e-10	3.40064e-10	1.09239e-10	5.93534e-10	
76.0124	25038.8	12462.4	232.683	538.299	538000	328.056	7030.15	6532.22	75059.5	2.45454e+06	9.2666e-10	3.426e-10	1.09084e-10	5.91965e-10	
76.3225	25345.9	12426	235.048	538.299	538009	328.323	7048.18	6548.66	75215.2	2.45454e+06	9.26615e-10	3.45377e-10	1.08912e-10	5.90235e-10	
76.6326	25657.9	12389.3	237.429	538.299	538018	328.594	7066.45	6565.31	75372.9	2.45454e+06	9.26567e-10	3.48156e-10	1.08738e-10	5.88491e-10	
76.9427	25975	12352.3	239.826	538.299	538027	328.868	7084.96	6582.19	75532.5	2.45454e+06	9.26518e-10	3.50934e-10	1.08563e-10	5.86735e-10	
77.28	26325.8	12311.8	242.451	538.299	538036	329.17	7105.38	6600.81	75708.5	2.45454e+06	9.26461e-10	3.53956e-10	1.0837e-10	5.84809e-10	
77.6174	26682.6	12270.9	245.092	538.299	538044	329.475	7126.08	6619.69	75886.9	2.45454e+06	9.26403e-10	3.56973e-10	1.08174e-10	5.82867e-10	
77.9547	27045.6	12229.7	247.748	538.299	538053	329.785	7147.07	6638.84	76067.8	2.45454e+06	9.26341e-10	3.59984e-10	1.07977e-10	5.80911e-10	
78.3199	27445.3	12184.8	250.638	538.299	538062	330.124	7170.11	6659.87	76266.3	2.45454e+06	9.26272e-10	3.63234e-10	1.0776e-10	5.78778e-10	
78.685	27852.2	12139.5	253.542	538.299	538070	330.469	7193.5	6681.22	76467.8	2.45454e+06	9.26199e-10	3.66471e-10	1.07541e-10	5.76628e-10	
79.0501	28266.5	12093.9	256.46	538.299	538078	330.817	7217.22	6702.88	76672.4	2.45454e+06	9.26122e-10	3.69692e-10	1.0732e-10	5.74462e-10	
79.4153	28688	12048	259.388	538.299	538086	331.17	7241.29	6724.86	76879.9	2.45454e+06	9.26042e-10	3.72895e-10	1.07096e-10	5.7228e-10	
79.7804	29116.8	12001.8	262.327	538.299	538094	331.528	7265.69	6747.15	77090.6	2.45454e+06	9.25958e-10	3.76077e-10	1.06869e-10	5.70083e-10	
80.1455	29553	11955.2	265.273	538.299	538101	331.89	7290.44	6769.76	77304.4	2.45454e+06	9.2587e-10	3.79235e-10	1.0664e-10	5.67872e-10	
80.55	30044.7	11903.3	268.544	538.299	538109	332.297	7318.24	6795.18	77545	2.45454e+06	9.25768e-10	3.82702e-10	1.06384e-10	5.65407e-10	
80.9545	30545.5	11851.1	271.819	538.299	538117	332.709	7346.46	6820.99	77789.5	2.45454e+06	9.25661e-10	3.86132e-10	1.06125e-10	5.62926e-10	
81.359	31055.3	11798.5	275.097	538.299	538124	333.126	7375.08	6847.18	78038	2.45454e+06	9.25547e-10	3.89522e-10	1.05863e-10	5.60431e-10	
81.7635	31574	11745.7	278.375	538.299	538131	333.549	7404.11	6873.75	78290.4	2.45454e+06	9.25428e-10	3.92868e-10	1.05598e-10	5.57921e-10	
82.1027	32016.1	11701.2	281.123	538.299	538136	333.907	7428.77	6896.33	78505.3	2.45454e+06	9.25324e-10	3.95638e-10	1.05374e-10	5.55806e-10	
82.442	32464.4	11656.5	283.868	538.299	538142	334.269	7453.71	6919.18	78723.1	2.45454e+06	9.25215e-10	3.98373e-10	1.05148e-10	5.53683e-10	
82.7813	32919	11611.6	286.609	538.299	538147	334.635	7478.92	6942.28	78943.8	2.45454e+06	9.25101e-10	4.0107e-10	1.04921e-10	5.51552e-10	
83.2777	33595.2	11545.7	290.607	538.299	538154	335.176	7516.29	6976.55	79271.7	2.45454e+06	9.24927e-10	4.04945e-10	1.04585e-10	5.48422e-10	
83.7741	34284.5	11479.6	294.589	538.299	538161	335.724	7554.22	7011.35	79605.9	2.45454e+06	9.24741e-10	4.08731e-10	1.04245e-10	5.4528e-10	
84.2704	34986.8	11413.2	298.549	538.299	538168	336.279	7592.7	7046.68	79946.3	2.45454e+06	9.24544e-10	4.12421e-10	1.03903e-10	5.42127e-10	
84.7668	35701.9	11346.7	302.485	538.299	538174	336.841	7631.72	7082.53	80293	2.45454e+06	9.24336e-10	4.16013e-10	1.03558e-10	5.38966e-10	
85.2632	36429.6	11280	306.391	538.299	538180	337.409	7671.24	7118.88	80645.8	2.45454e+06	9.24115e-10	4.19501e-10	1.0321e-10	5.358e-10	
85.7595	37169.6	11213.3	310.265	538.299	538186	337.983	7711.27	7155.7	81004.9	2.45454e+06	9.23882e-10	4.22882e-10	1.02859e-10	5.3263e-10	
86.2559	37921.7	11146.5	314.103	538.299	538192	338.563	7751.76	7192.99	81370	2.45454e+06	9.23635e-10	4.26152e-10	1.02507e-10	5.29459e-10	
86.6036	38455.7	11099.8	316.769	538.299	538195	338.972	7780.4	7219.38	81629.5	2.45454e+06	9.23453e-10	4.28376e-10	1.02258e-10	5.27238e-10	
86.9513	38995.3	11053	319.414	538.299	538199	339.384	7809.25	7245.97	81891.9	2.45454e+06	9.23265e-10	4.30543e-10	1.02009e-10	5.25019e-10	
87.2991	39540.5	11006.4	322.039	538.299	538202	339.798	7838.3	7272.77	82157.3	2.45454e+06	9.23069e-10	4.32653e-10	1.01759e-10	5.22802e-10	
88.1354	40874	10894.4	328.258	538.299	538210	340.803	7908.98	7338.02	82807.4	2.45454e+06	9.22568e-10	4.37491e-10	1.01155e-10	5.17484e-10	
88.3444	41212.1	10866.5	329.792	538.299	538212	341.056	7926.81	7354.49	82972.6	2.45454e+06	9.22436e-10	4.38648e-10	1.01004e-10	5.16158e-10	
88.5535	41552.1	10838.6	331.317	538.299	538214	341.31	7944.7	7371.03	83138.7	2.45454e+06	9.22301e-10	4.39784e-10	1.00852e-10	5.14835e-10	
88.7626	41893.9	10810.8	332.832	538.299	538215	341.564	7962.65	7387.63	83305.8	2.45454e+06	9.22163e-10	4.40898e-10	1.00701e-10	5.13513e-10	
88.9717	42237.5	10783	334.339	538.299	538217	341.819	7980.66	7404.28	83474	2.45454e+06	9.22022e-10	4.41991e-10	1.00549e-10	5.12194e-10	
89.3701	42897.1	10730.3	337.183	538.299	538220	342.307	8015.12	7436.17	83797.1	2.45454e+06	9.21744e-10	4.44015e-10	1.00259e-10	5.09687e-10	
89.7685	43562.9	10677.7	339.994	538.299	538223	342.796	8049.78	7468.26	84123.8	2.45454e+06	9.21456e-10	4.45961e-10	9.99691e-11	5.0719e-10	
90.1669	44234.7	10625.4	342.769	538.299	538226	343.287	8084.6	7500.52	84453.9	2.45454e+06	9.21156e-10	4.47831e-10	9.9679e-11	5.04704e-10	
91.0184	45689.7	10514.4	348.578	538.299	538232	344.341	8159.53	7570.01	85170.6	2.45454e+06	9.20476e-10	4.51573e-10	9.90592e-11	4.99432e-10	
91.8699	47169	10404.7	354.218	538.299	538238	345.399	8235.04	7640.11	85901.9	2.45454e+06	9.19739e-10	4.54973e-10	9.84407e-11	4.94224e-10	
92.0827	47542.4	10377.5	355.601	538.299	538239	345.664	8253.99	7657.72	86086.8	2.45454e+06	9.19546e-10	4.5577e-10	9.82864e-11	4.92933e-10	
92.2956	47917.1	10350.5	356.973	538.299	538240	345.929	8272.96	7675.36	86272.6	2.45454e+06	9.19349e-10	4.56548e-10	9.81323e-11	4.91647e-10	
92.5085	48293.2	10323.5	358.335	538.299	538242	346.194	8291.95	7693.02	86459.2	2.45454e+06	9.19149e-10	4.57304e-10	9.79783e-11	4.90366e-10	
92.7213	48670.5	10296.6	359.686	538.299	538243	346.459	8310.97	7710.71	86646.7	2.45454e+06	9.18945e-10	4.58041e-10	9.78246e-11	4.89089e-10	
92.961	49096.9	10266.5	361.194	538.299	538244	346.758	8332.4	7730.65	86858.6	2.45454e+06	9.1871e-10	4.58846e-10	9.76517e-11	4.87657e-10	
93.2008	49524.8	10236.5	362.688	538.299	538245	347.057	8353.85	7750.62	87071.6	2.45454e+06	9.18471e-10	4.59627e-10	9.74791e-11	4.86232e-10	
93.4405	49954.2	10206.6	364.168	538.299	538247	347.356	8375.32	7770.61	87285.5	2.45454e+06	9.18226e-10	4.60382e-10	9.73068e-11	4.84814e-10	
94.2869	51481.7	10102.3	369.285	538.299	538251	348.409	8451.22	7841.33	88048	2.45454e+06	9.17324e-10	4.62855e-10	9.67014e-11	4.7986e-10	
95.1334	53024.7	9999.95	374.23	538.299	538255	349.46	8527.15	7912.17	88820.9	2.45454e+06	9.16359e-10	4.65038e-10	9.61011e-11	4.74998e-10	
95.9799	54581.3	9899.58	379.007	538.299	538258	350.506	8602.99	7982.99	89603.1	2.45454e+06	9.15329e-10	4.66944e-10	9.55068e-11	4.7023e-10	
96.8264	56149.1	9801.3	383.617	538.299	538262	351.546	8678.61	8053.69	90393.2	2.45454e+06	9.14233e-10	4.68591e-10	9.49193e-11	4.65562e-10	
97.2529	56942.7	9752.6	385.878	538.299	538263	352.067	8716.6	8089.24	90793.9	2.45454e+06	9.13656e-10	4.69327e-10	9.4626e-11	4.63248e-10	
97.6794	57738.3	9704.44	388.099	538.299	538265	352.586	8754.49	8124.71	91196.3	2.45454e+06	9.13062e-10	4.70004e-10	9.43347e-11	4.60961e-10	
98.1059	58535.8	9656.85	390.279	538.299	538266	353.103	8792.28	8160.1	91600	2.45454e+06	9.1245e-10	4.70623e-10	9.40454e-11	4.58701e-10	
98.5811	59426	9604.5	392.661	538.299	538268	353.675	8834.23	8199.4	92051.3	2.45454e+06	9.11749e-10	4.71247e-10	9.37256e-11	4.56214e-10	
99.0562	60317.7	9552.86	394.995	538.299	538269	354.245	8876.02	8238.57	92503.9	2.45454e+06	9.11026e-10	4.71805e-10	9.34084e-11	4.53761e-10	
99.5314	61210.6	9501.92	397.281	538.299	538271	354.81	8917.62	8277.58	92957.6	2.45454e+06	9.10282e-10	4.723e-10	9.3094e-11	4.51341e-10	
100.007	62104.5	9451.7	399.521	538.299	538272	355.373	8959.03	8316.44	93412.3	2.45454e+06	9.09517e-10	4.72734e-10	9.27824e-11	4.48956e-10	
100.482	62998.9	9402.18	401.715	538.299	538273	355.931	9000.24	8355.11	93867.6	2.45454e+06	9.0873e-10	4.7311e-10	9.24736e-11	4.46604e-10	
100.957	63893.5	9353.38	403.865	538.299	538274	356.486	9041.22	8393.59	94323.5	2.45454e+06	9.07922e-10	4.73431e-10	9.21677e-11	4.44285e-10	
101.474	64866.9	9301.08	406.155	538.299	538276	357.084	9085.55	8435.23	94820	2.45454e+06	9.07019e-10	4.73721e-10	9.18383e-11	4.41801e-10	
101.991	65839.7	9249.62	408.394	538.299	538277	357.678	9129.59	8476.61	95316.5	2.45454e+06	9.0609e-10	4.73951e-10	9.15123e-11	4.39357e-10	
102.508	66811.8	9199	410.585	538.299	538278	358.266	9173.33	8517.73	95812.9	2.45454e+06	9.05137e-10	4.74125e-10	9.119e-11	4.36952e-10	
102.985	67708.8	9152.95	412.566	538.299	538279	358.806	9213.47	8555.47	96271.3	2.45454e+06	9.04235e-10	4.74238e-10	9.08953e-11	4.34765e-10	
103.463	68604.6	9107.6	414.507	538.299	538280	359.34	9253.34	8592.97	96729.1	2.45454e+06	9.03311e-10	4.74308e-10	9.06036e-11	4.32611e-10	
103.941	69498.8	9062.94	416.41	538.299	538281	359.87	9292.92	8630.22	97186.4	2.45454e+06	9.02367e-10	4.74337e-10	9.03151e-11	4.3049e-10	
104.425	70402.8	9018.4	418.299	538.299	538282	360.402	9332.73	8667.69	97648.7	2.45454e+06	9.0139e-10	4.74327e-10	9.00259e-11	4.28374e-10	
104.908	71304.7	8974.55	420.15	538.299	538282	360.93	9372.25	8704.88	98110	2.45454e+06	9.00393e-10	4.7428e-10	8.97399e-11	4.26291e-10	
105.392	72204.2	8931.38	421.964	538.299	538283	361.452	9411.46	8741.8	98570.2	2.45454e+06	8.99375e-10	4.74196e-10	8.9457e-11	4.24241e-10	
105.859	73070.2	8890.35	423.681	538.299	538284	361.951	9449.03	8777.17	99013.1	2.45454e+06	8.98373e-10	4.74083e-10	8.91868e-11	4.22292e-10	
106.326	73933.6	8849.93	425.366	538.299	538285	362.446	9486.3	8812.28	99454.7	2.45454e+06	8.97353e-10	4.7394e-10	8.89196e-11	4.20372e-10	
106.794	74794.2	8810.12	427.02	538.299	538285	362.937	9523.29	8847.12	99894.8	2.45454e+06	8.96315e-10	4.73769e-10	8.86552e-11	4.18481e-10	
107.27	75670	8770.09	428.676	538.299	538286	363.433	9560.76	8882.42	100343	2.45454e+06	8.95237e-10	4.73566e-10	8.83881e-11	4.16579e-10	
107.747	76542.7	8730.66	430.302	538.299	538286	363.924	9597.93	8917.44	100788	2.45454e+06	8.9414e-10	4.73337e-10	8.8124e-11	4.14706e-10	
108.224	77411.9	8691.84	431.898	538.299	538287	364.411	9634.8	8952.17	101233	2.45454e+06	8.93026e-10	4.73082e-10	8.78627e-11	4.12862e-10	
108.734	78336.3	8651.02	433.569	538.299	538288	364.925	9673.83	8988.96	101705	2.45454e+06	8.91817e-10	4.72784e-10	8.75869e-11	4.10924e-10	
109.243	79256.4	8610.87	435.208	538.299	538288	365.434	9712.52	9025.42	102174	2.45454e+06	8.90588e-10	4.72461e-10	8.73142e-11	4.09016e-10	
109.752	80172.3	8571.36	436.816	538.299	538289	365.937	9750.88	9061.56	102641	2.45454e+06	8.8934e-10	4.72114e-10	8.70447e-11	4.07139e-10	
110.297	81146.4	8529.81	438.502	538.299	538289	366.47	9791.5	9099.85	103138	2.45454e+06	8.87986e-10	4.71717e-10	8.67601e-11	4.05166e-10	
110.841	82115.2	8488.96	440.154	538.299	538290	366.997	9831.74	9137.77	103631	2.45454e+06	8.86611e-10	4.71297e-10	8.64789e-11	4.03225e-10	
111.386	83078.6	8448.79	441.773	538.299	538290	367.517	9871.6	9175.34	104121	2.45454e+06	8.85216e-10	4.70854e-10	8.62011e-11	4.01317e-10	
111.969	84103.7	8406.53	443.472	538.299	538291	368.069	9913.86	9215.16	104643	2.45454e+06	8.83702e-10	4.70356e-10	8.59075e-11	3.9931e-10	
112.551	85122.3	8365	445.137	538.299	538291	368.613	9955.69	9254.58	105160	2.45454e+06	8.82166e-10	4.69835e-10	8.56175e-11	3.97338e-10	
113.134	86134.3	8324.19	446.769	538.299	538292	369.151	9997.11	9293.61	105673	2.45454e+06	8.80609e-10	4.69293e-10	8.53313e-11	3.95399e-10	
113.759	87212.1	8281.2	448.483	538.299	538292	369.722	10041.1	9335.03	106219	2.45454e+06	8.78917e-10	4.6869e-10	8.50282e-11	3.93357e-10	
114.384	88282.2	8238.97	450.163	538.299	538293	370.285	10084.6	9376.02	106761	2.45454e+06	8.77203e-10	4.68066e-10	8.47291e-11	3.91351e-10	
115.009	89344.4	8197.5	451.809	538.299	538293	370.842	10127.6	9416.58	107298	2.45454e+06	8.75467e-10	4.67422e-10	8.44338e-11	3.89381e-10	
115.518	90203.4	8164.26	453.126	538.299	538293	371.29	10162.4	9449.31	107732	2.45454e+06	8.74039e-10	4.66885e-10	8.41961e-11	3.87802e-10	
116.027	91057.2	8131.48	454.422	538.299	538293	371.734	10196.8	9481.76	108162	2.45454e+06	8.72598e-10	4.66335e-10	8.39609e-11	3.86245e-10	
116.536	91905.7	8099.16	455.698	538.299	538294	372.174	10231	9513.95	108590	2.45454e+06	8.71144e-10	4.65776e-10	8.37279e-11	3.8471e-10	
116.974	92630.8	8071.73	456.78	538.299	538294	372.549	10260.2	9541.41	108954	2.45454e+06	8.69884e-10	4.65286e-10	8.35295e-11	3.83407e-10	
117.411	93352	8044.61	457.848	538.299	538294	372.92	10289.1	9568.69	109317	2.45454e+06	8.68615e-10	4.6479e-10	8.33328e-11	3.82119e-10	
117.849	94069.3	8017.8	458.903	538.299	538294	373.289	10317.9	9595.78	109677	2.45454e+06	8.67338e-10	4.64286e-10	8.31377e-11	3.80846e-10	
118.416	94994.1	7983.47	460.252	538.299	538295	373.764	10355	9630.65	110141	2.45454e+06	8.65669e-10	4.63624e-10	8.28869e-11	3.79215e-10	
118.984	95912.5	7949.62	461.58	538.299	538295	374.233	10391.7	9665.24	110601	2.45454e+06	8.63987e-10	4.62951e-10	8.26386e-11	3.77607e-10	
119.551	96824.4	7916.25	462.889	538.299	538295	374.698	10428.2	9699.54	111057	2.45454e+06	8.62291e-10	4.62269e-10	8.23928e-11	3.76022e-10	
120.014	97562.9	7889.39	463.941	538.299	538295	375.074	10457.7	9727.29	111427	2.45454e+06	8.609e-10	4.61706e-10	8.21943e-11	3.74746e-10	
120.477	98297.2	7862.82	464.981	538.299	538295	375.447	10487	9754.87	111793	2.45454e+06	8.59501e-10	4.61138e-10	8.19973e-11	3.73484e-10	
120.939	99027.3	7836.54	466.009	538.299	538296	375.818	10516.2	9782.27	112157	2.45454e+06	8.58094e-10	4.60564e-10	8.18018e-11	3.72236e-10	
121.457	99840.3	7807.44	467.147	538.299	538296	376.229	10548.6	9812.76	112562	2.45454e+06	8.56509e-10	4.59915e-10	8.15846e-11	3.70853e-10	
121.975	100648	7778.67	468.272	538.299	538296	376.638	10580.8	9843.05	112964	2.45454e+06	8.54915e-10	4.59259e-10	8.13691e-11	3.69487e-10	
122.493	101451	7750.23	469.383	538.299	538296	377.043	10612.8	9873.13	113363	2.45454e+06	8.53311e-10	4.58598e-10	8.11553e-11	3.68136e-10	
122.971	102187	7724.28	470.396	538.299	538296	377.414	10642.2	9900.72	113729	2.45454e+06	8.51825e-10	4.57983e-10	8.09596e-11	3.66903e-10	
123.449	102919	7698.59	471.399	538.299	538296	377.783	10671.4	9928.15	114092	2.45454e+06	8.50331e-10	4.57364e-10	8.07653e-11	3.65683e-10	
123.927	103647	7673.15	472.392	538.299	538296	378.149	10700.4	9955.43	114452	2.45454e+06	8.48831e-10	4.5674e-10	8.05723e-11	3.64475e-10	
124.841	105028	7625.19	474.265	538.299	538297	378.843	10755.5	10007.2	115135	2.45454e+06	8.45942e-10	4.55535e-10	8.02067e-11	3.62197e-10	
125.07	105371	7613.34	474.728	538.299	538297	379.015	10769.2	10020	115305	2.45454e+06	8.45217e-10	4.55232e-10	8.01161e-11	3.61634e-10	
125.298	105714	7601.54	475.188	538.299	538297	379.187	10782.9	10032.9	115473	2.45454e+06	8.44489e-10	4.54928e-10	8.00256e-11	3.61073e-10	
125.527	106055	7589.79	475.647	538.299	538297	379.358	10796.5	10045.7	115642	2.45454e+06	8.43761e-10	4.54622e-10	7.99355e-11	3.60515e-10	
125.708	106325	7580.5	476.01	538.299	538297	379.493	10807.3	10055.8	115775	2.45454e+06	8.43181e-10	4.5438e-10	7.98641e-11	3.60074e-10	
125.889	106595	7571.24	476.372	538.299	538297	379.628	10818.1	10065.9	115908	2.45454e+06	8.42601e-10	4.54136e-10	7.9793e-11	3.59634e-10	
126.071	106864	7562.01	476.732	538.299	538297	379.763	10828.8	10076	116041	2.45454e+06	8.4202e-10	4.53893e-10	7.97219e-11	3.59196e-10	
126.457	107436	7542.44	477.497	538.299	538297	380.05	10851.7	10097.5	116323	2.45454e+06	8.40778e-10	4.53371e-10	7.9571e-11	3.58266e-10	
126.844	108006	7523.01	478.256	538.299	538297	380.335	10874.5	10118.9	116603	2.45454e+06	8.39532e-10	4.52847e-10	7.94208e-11	3.57343e-10	
127.231	108574	7503.71	479.01	538.299	538297	380.619	10897.2	10140.2	116882	2.45454e+06	8.38282e-10	4.52321e-10	7.92712e-11	3.56426e-10	
128.201	109987	7455.88	480.882	538.299	538297	381.327	10953.9	10193.3	117576	2.45454e+06	8.3513e-10	4.50992e-10	7.8899e-11	3.54154e-10	
129.17	111387	7408.82	482.725	538.299	538297	382.027	11010.1	10246	118262	2.45454e+06	8.31954e-10	4.4965e-10	7.85307e-11	3.51919e-10	
129.413	111735	7397.17	483.182	538.299	538298	382.201	11024.1	10259.2	118433	2.45454e+06	8.31157e-10	4.49313e-10	7.84392e-11	3.51365e-10	
129.655	112083	7385.56	483.637	538.299	538298	382.375	11038.1	10272.2	118603	2.45454e+06	8.30358e-10	4.48975e-10	7.83479e-11	3.50814e-10	
129.898	112429	7374	484.091	538.299	538298	382.548	11052	10285.3	118772	2.45454e+06	8.29557e-10	4.48636e-10	7.82568e-11	3.50265e-10	
130.14	112775	7362.48	484.543	538.299	538298	382.721	11066	10298.4	118941	2.45454e+06	8.28755e-10	4.48296e-10	7.8166e-11	3.49718e-10	
130.353	113077	7352.43	484.938	538.299	538298	382.872	11078.1	10309.8	119089	2.45454e+06	8.28052e-10	4.47998e-10	7.80866e-11	3.4924e-10	
130.565	113378	7342.41	485.331	538.299	538298	383.022	11090.3	10321.2	119236	2.45454e+06	8.27348e-10	4.47699e-10	7.80073e-11	3.48764e-10	
130.777	113679	7332.42	485.724	538.299	538298	383.173	11102.4	10332.5	119383	2.45454e+06	8.26643e-10	4.474e-10	7.79283e-11	3.4829e-10	
131.249	114345	7310.35	486.592	538.299	538298	383.506	11129.3	10357.7	119708	2.45454e+06	8.25073e-10	4.46734e-10	7.77532e-11	3.47242e-10	
131.72	115009	7288.43	487.455	538.299	538298	383.838	11156.1	10382.8	120031	2.45454e+06	8.23497e-10	4.46065e-10	7.75788e-11	3.462e-10	
132.191	115670	7266.65	488.314	538.299	538298	384.169	11182.9	10407.9	120353	2.45454e+06	8.21916e-10	4.45393e-10	7.74051e-11	3.45166e-10	
133.527	117530	7205.68	490.722	538.299	538298	385.099	11258.4	10478.5	121257	2.45454e+06	8.17408e-10	4.43476e-10	7.69163e-11	3.4227e-10	
134.863	119373	7145.72	493.1	538.299	538298	386.022	11333.4	10548.7	122151	2.45454e+06	8.12856e-10	4.41537e-10	7.6432e-11	3.39422e-10	
135.197	119831	7130.87	493.69	538.299	538298	386.251	11352.1	10566.2	122373	2.45454e+06	8.11712e-10	4.41049e-10	7.63116e-11	3.38716e-10	
135.531	120288	7116.08	494.279	538.299	538298	386.48	11370.8	10583.7	122594	2.45454e+06	8.10564e-10	4.4056e-10	7.61914e-11	3.38014e-10	
135.865	120745	7101.35	494.866	538.299	538298	386.709	11389.5	10601.2	122815	2.45454e+06	8.09414e-10	4.40069e-10	7.60714e-11	3.37314e-10	
136.199	121200	7086.67	495.451	538.299	538298	386.937	11408.1	10618.6	123035	2.45454e+06	8.08261e-10	4.39577e-10	7.59517e-11	3.36617e-10	
136.378	121445	7078.8	495.765	538.299	538298	387.06	11418.1	10628	123153	2.45454e+06	8.0764e-10	4.39313e-10	7.58874e-11	3.36243e-10	
136.558	121689	7070.95	496.079	538.299	538298	387.182	11428.2	10637.3	123271	2.45454e+06	8.07019e-10	4.39047e-10	7.58232e-11	3.3587e-10	
136.737	121933	7063.11	496.392	538.299	538298	387.304	11438.2	10646.7	123388	2.45454e+06	8.06397e-10	4.38782e-10	7.57591e-11	3.35498e-10	
137.128	122463	7046.09	497.074	538.299	538298	387.571	11459.9	10667	123644	2.45454e+06	8.05038e-10	4.38202e-10	7.56196e-11	3.34689e-10	
137.519	122993	7029.13	497.753	538.299	538298	387.836	11481.7	10687.4	123899	2.45454e+06	8.03676e-10	4.3762e-10	7.54803e-11	3.33884e-10	
137.91	123521	7012.24	498.431	538.299	538298	388.101	11503.5	10707.7	124154	2.45454e+06	8.02309e-10	4.37037e-10	7.53412e-11	3.33081e-10	
139.81	126079	6930.93	501.709	538.299	538298	389.386	11609.1	10806.3	125384	2.45454e+06	7.95607e-10	4.34173e-10	7.46681e-11	3.29219e-10	
140.285	126716	6910.81	502.524	538.299	538298	389.706	11635.5	10831	125689	2.45454e+06	7.93915e-10	4.3345e-10	7.45004e-11	3.28263e-10	
140.76	127352	6890.75	503.339	538.299	538298	390.026	11661.9	10855.6	125994	2.45454e+06	7.92217e-10	4.32724e-10	7.43329e-11	3.27311e-10	
141.235	127987	6870.76	504.152	538.299	538299	390.346	11688.3	10880.3	126298	2.45454e+06	7.90512e-10	4.31995e-10	7.41655e-11	3.26361e-10	
141.71	128622	6850.84	504.964	538.299	538299	390.666	11714.7	10904.9	126602	2.45454e+06	7.888e-10	4.31263e-10	7.39983e-11	3.25415e-10	
141.989	128995	6839.16	505.441	538.299	538299	390.853	11730.3	10919.4	126780	2.45454e+06	7.87791e-10	4.30832e-10	7.39001e-11	3.2486e-10	
142.268	129367	6827.5	505.918	538.299	538299	391.041	11745.8	10933.9	126958	2.45454e+06	7.86779e-10	4.30399e-10	7.38019e-11	3.24306e-10	
142.547	129740	6815.86	506.395	538.299	538299	391.228	11761.4	10948.4	127136	2.45454e+06	7.85765e-10	4.29965e-10	7.37038e-11	3.23753e-10	
143.783	131387	6764.56	508.504	538.299	538299	392.059	11830.3	11012.7	127921	2.45454e+06	7.81245e-10	4.28031e-10	7.32695e-11	3.21317e-10	
145.019	133034	6713.58	510.612	538.299	538299	392.89	11899.5	11077.1	128705	2.45454e+06	7.76672e-10	4.26074e-10	7.28353e-11	3.18895e-10	
145.328	133446	6700.88	511.14	538.299	538299	393.097	11916.8	11093.3	128900	2.45454e+06	7.7552e-10	4.25581e-10	7.27267e-11	3.18292e-10	
145.637	133858	6688.2	511.667	538.299	538299	393.305	11934.2	11109.5	129096	2.45454e+06	7.74365e-10	4.25087e-10	7.2618e-11	3.17689e-10	
145.946	134270	6675.53	512.195	538.299	538299	393.513	11951.5	11125.6	129291	2.45454e+06	7.73206e-10	4.24591e-10	7.25094e-11	3.17088e-10	
146.255	134682	6662.87	512.724	538.299	538299	393.722	11968.9	11141.8	129487	2.45454e+06	7.72044e-10	4.24093e-10	7.24007e-11	3.16486e-10	
146.45	134943	6654.87	513.058	538.299	538299	393.853	11979.9	11152.1	129610	2.45454e+06	7.71307e-10	4.23778e-10	7.23319e-11	3.16107e-10	
146.646	135204	6646.88	513.392	538.299	538299	393.985	11991	11162.4	129734	2.45454e+06	7.70568e-10	4.23461e-10	7.22631e-11	3.15727e-10	
146.841	135465	6638.89	513.727	538.299	538299	394.117	12002	11172.6	129857	2.45454e+06	7.69828e-10	4.23145e-10	7.21942e-11	3.15347e-10	
147.402	136215	6615.99	514.689	538.299	538299	394.496	12033.7	11202.2	130212	2.45454e+06	7.67695e-10	4.22231e-10	7.19964e-11	3.14259e-10	
147.963	136966	6593.11	515.652	538.299	538299	394.875	12065.6	11231.8	130567	2.45454e+06	7.65549e-10	4.21312e-10	7.17983e-11	3.13173e-10	
148.525	137718	6570.27	516.617	538.299	538299	395.256	12097.5	11261.5	130922	2.45454e+06	7.63389e-10	4.20388e-10	7.16e-11	3.12088e-10	
149.234	138670	6541.44	517.84	538.299	538299	395.737	12138	11299.2	131370	2.45454e+06	7.60642e-10	4.19212e-10	7.13489e-11	3.10718e-10	
149.942	139624	6512.64	519.066	538.299	538299	396.22	12178.6	11337	131819	2.45454e+06	7.57873e-10	4.18026e-10	7.10972e-11	3.09351e-10	
150.651	140582	6483.87	520.297	538.299	538299	396.704	12219.5	11375	132269	2.45454e+06	7.55081e-10	4.1683e-10	7.08449e-11	3.07984e-10	
152.069	142506	6426.34	522.775	538.299	538299	397.678	12301.9	11451.6	133171	2.45454e+06	7.49424e-10	4.14406e-10	7.03377e-11	3.05251e-10	
153.487	144446	6368.79	525.277	538.299	538299	398.659	12385.2	11529	134077	2.45454e+06	7.43665e-10	4.11939e-10	6.98267e-11	3.02517e-10	
154.905	146405	6311.13	527.807	538.299	538299	399.651	12469.6	11607.3	134988	2.45454e+06	7.37798e-10	4.09425e-10	6.93113e-11	2.99779e-10	
156.323	148386	6253.29	530.37	538.299	538299	400.653	12555.1	11686.8	135906	2.45454e+06	7.31813e-10	4.06859e-10	6.87907e-11	2.97031e-10	
158.399	151331	6168.17	534.191	538.299	538299	402.142	12682.9	11805.3	137265	2.45454e+06	7.22828e-10	4.03005e-10	6.80177e-11	2.92988e-10	
160.474	154342	6082.27	538.107	538.299	538299	403.663	12813.9	11926.7	138646	2.45454e+06	7.13548e-10	3.99021e-10	6.72298e-11	2.88908e-10	
162.55	157429	5995.37	542.136	538.299	538299	405.219	12948.8	12051.6	140053	2.45454e+06	7.03945e-10	3.94894e-10	6.64244e-11	2.8478e-10	
164.625	160606	5907.22	546.292	538.299	538299	406.817	13088	12180.4	141491	2.45454e+06	6.93988e-10	3.90608e-10	6.5599e-11	2.80593e-10	
166.7	163886	5817.57	550.596	538.299	538299	408.463	13232.1	12313.6	142965	2.45454e+06	6.83641e-10	3.86147e-10	6.47507e-11	2.76335e-10	
168.776	167283	5726.18	555.068	538.299	538299	410.162	13381.6	12451.8	144481	2.45454e+06	6.72869e-10	3.81493e-10	6.38767e-11	2.71994e-10	
170.851	170815	5632.79	559.729	538.299	538299	411.92	13537.4	12595.6	146044	2.45454e+06	6.61631e-10	3.76624e-10	6.29739e-11	2.67558e-10	
172.927	174500	5537.13	564.603	538.299	538299	413.746	13700	12745.6	147660	2.45454e+06	6.49887e-10	3.71518e-10	6.20389e-11	2.63014e-10	
175.002	178357	5438.92	569.717	538.299	538299	415.647	13870.4	12902.6	149338	2.45454e+06	6.37592e-10	3.66152e-10	6.10684e-11	2.58349e-10	
177.078	182410	5337.89	575.1	538.299	538299	417.631	14049.3	13067.4	151084	2.45454e+06	6.247e-10	3.60498e-10	6.00587e-11	2.5355e-10	
179.153	186682	5233.74	580.784	538.299	538299	419.707	14237.7	13240.9	152906	2.45454e+06	6.11163e-10	3.54529e-10	5.90058e-11	2.48603e-10	
181.229	191203	5126.2	586.803	538.299	538299	421.885	14436.8	13423.9	154813	2.45454e+06	5.96933e-10	3.48212e-10	5.79057e-11	2.43495e-10	
183.304	196004	5014.98	593.196	538.299	538299	424.175	14647.6	13617.7	156816	2.45454e+06	5.81962e-10	3.41516e-10	5.67543e-11	2.38212e-10	
185.38	201119	4899.81	600.006	538.299	538299	426.587	14871.3	13823.2	158924	2.45454e+06	5.66204e-10	3.34405e-10	5.55474e-11	2.32741e-10	
187.455	206588	4780.43	607.275	538.299	538299	429.134	15109.4	14041.8	161150	2.45454e+06	5.4962e-10	3.26843e-10	5.42807e-11	2.2707e-10	
189.53	212455	4656.61	615.053	538.299	538299	431.826	15363.2	14274.6	163506	2.45454e+06	5.32177e-10	3.18794e-10	5.29503e-11	2.21189e-10	
191.606	218768	4528.19	623.39	538.299	538299	434.676	15634.2	14523.2	166005	2.45454e+06	5.13855e-10	3.10224e-10	5.15526e-11	2.15089e-10	
193.681	225583	4395.05	632.337	538.299	538299	437.695	15924	14788.8	168662	2.45454e+06	4.94651e-10	3.01099e-10	5.00847e-11	2.08765e-10	
195.396	231632	4281.49	640.225	538.299	538299	440.325	16178.5	15022.2	170986	2.45454e+06	4.78135e-10	2.93125e-10	4.88177e-11	2.03371e-10	
197.11	238098	4164.74	648.592	538.299	538299	443.082	16447.6	15268.9	173437	2.45454e+06	4.61056e-10	2.84743e-10	4.75011e-11	1.97825e-10	
198.825	245020	4044.92	657.462	538.299	538299	445.971	16732	15529.6	176024	2.45454e+06	4.43457e-10	2.75948e-10	4.61352e-11	1.92134e-10	
200.539	252438	3922.21	666.857	538.299	538299	448.996	17032.3	15805.1	178754	2.45454e+06	4.25398e-10	2.66744e-10	4.47215e-11	1.86305e-10	
202.253	260390	3796.89	676.79	538.299	538299	452.156	17349	16095.8	181636	2.45454e+06	4.06964e-10	2.5714e-10	4.32627e-11	1.80352e-10	
203.968	268917	3669.35	687.267	538.299	538299	455.45	17682.3	16401.8	184677	2.45454e+06	3.88257e-10	2.47159e-10	4.17629e-11	1.74294e-10	
205.385	276429	3562.55	696.337	538.299	538299	458.272	17970.4	16666.5	187316	2.45454e+06	3.72673e-10	2.38647e-10	4.04958e-11	1.69221e-10	
206.803	284381	3454.89	705.765	538.299	538299	461.178	18269.4	16941.6	190071	2.45454e+06	3.57071e-10	2.29929e-10	3.92084e-11	1.64107e-10	
208.22	292788	3346.74	715.534	538.299	538299	464.163	18579.1	17226.8	192942	2.45454e+06	3.4154e-10	2.21039e-10	3.79058e-11	1.5897e-10	
209.637	301666	3238.52	725.619	538.299	538299	467.217	18898.7	17521.5	195930	2.45454e+06	3.26177e-10	2.12018e-10	3.65933e-11	1.5383e-10	
211.055	311024	3130.69	735.986	538.299	538299	470.332	19227.4	17825	199034	2.45454e+06	3.11081e-10	2.02913e-10	3.52771e-11	1.48708e-10	
212.472	320867	3023.75	746.592	538.299	538299	473.495	19564	18136.4	202250	2.45454e+06	2.9635e-10	1.93779e-10	3.39641e-11	1.43628e-10	
213.89	331192	2918.18	757.386	538.299	538299	476.693	19907.2	18454.3	205575	2.45454e+06	2.82081e-10	1.84672e-10	3.26613e-11	1.38614e-10	
215.307	341991	2814.51	768.31	538.299	538299	479.91	20255.4	18777.6	208999	2.45454e+06	2.68361e-10	1.75652e-10	3.1376e-11	1.33689e-10	
216.477	351248	2730.73	777.376	538.299	538299	482.568	20545.3	19047.1	211895	2.45454e+06	2.5751e-10	1.68318e-10	3.03336e-11	1.2971e-10	
217.647	360801	2648.84	786.447	538.299	538299	485.218	20836.2	19318.2	214847	2.45454e+06	2.47123e-10	1.61118e-10	2.93121e-11	1.2582e-10	
218.816	370634	2569.09	795.482	538.299	538299	487.85	21127.2	19589.8	217848	2.45454e+06	2.37232e-10	1.54084e-10	2.8315e-11	1.22032e-10	
219.986	380724	2491.71	804.442	538.299	538299	490.455	21416.9	19860.7	220890	2.45454e+06	2.27858e-10	1.47246e-10	2.73458e-11	1.18356e-10	
221.156	391046	2416.88	813.285	538.299	538299	493.022	21704.4	20130.1	223964	2.45454e+06	2.19016e-10	1.40629e-10	2.64075e-11	1.14802e-10	
222.621	404259	2327.02	824.141	538.299	538299	496.171	22059.4	20463.5	227847	2.45454e+06	2.08702e-10	1.32688e-10	2.52796e-11	1.10533e-10	
224.086	417727	2241.7	834.683	538.299	538299	499.23	22406.9	20790.5	231745	2.45454e+06	1.99231e-10	1.25167e-10	2.42085e-11	1.06481e-10	
225.552	431379	2161.11	844.85	538.299	538299	502.183	22744.8	21109.4	235639	2.45454e+06	1.90588e-10	1.18093e-10	2.3197e-11	1.02653e-10	
227.017	445142	2085.35	854.587	538.299	538299	505.019	23071.4	21418.3	239508	2.45454e+06	1.82742e-10	1.1148e-10	2.22471e-11	9.90544e-11	
228.483	458940	2014.46	863.854	538.299	538299	507.725	23385.2	21715.8	243331	2.45454e+06	1.75651e-10	1.05334e-10	2.13593e-11	9.56868e-11	
229.948	472696	1948.38	872.619	538.299	538299	510.295	23685	22000.6	247088	2.45454e+06	1.69269e-10	9.96523e-11	2.05334e-11	9.25481e-11	
231.413	486338	1887.03	880.862	538.299	538299	512.724	23970	22271.8	250762	2.45454e+06	1.63542e-10	9.44243e-11	1.97682e-11	8.9634e-11	
232.879	499794	1830.26	888.576	538.299	538299	515.008	24239.4	22528.8	254336	2.45454e+06	1.58417e-10	8.96339e-11	1.90619e-11	8.69375e-11	
234.344	513000	1777.89	895.76	538.299	538299	517.147	24493	22771.1	257796	2.45454e+06	1.53839e-10	8.526e-11	1.8412e-11	8.445e-11	
235.809	525896	1729.72	902.421	538.299	538299	519.142	24730.8	22998.6	261128	2.45454e+06	1.49756e-10	8.12786e-11	1.78157e-11	8.21615e-11	
237.275	538431	1685.5	908.576	538.299	538299	520.997	24952.8	23211.4	264323	2.45454e+06	1.46117e-10	7.7664e-11	1.72701e-11	8.00611e-11	
238.74	550561	1645	914.242	538.299	538299	522.716	25159.3	23409.6	267374	2.45454e+06	1.42876e-10	7.43893e-11	1.67718e-11	7.81375e-11	
240.206	562249	1607.98	919.444	538.299	538299	524.304	25350.8	23593.6	270275	2.45454e+06	1.3999e-10	7.14277e-11	1.63175e-11	7.6379e-11	
241.671	573466	1574.19	924.208	538.299	538299	525.767	25528	23764	273022	2.45454e+06	1.37419e-10	6.8753e-11	1.59041e-11	7.4774e-11	
243.136	584192	1543.39	928.561	538.299	538299	527.112	25691.4	23921.4	275614	2.45454e+06	1.35128e-10	6.634e-11	1.55283e-11	7.3311e-11	
244.909	596488	1509.8	933.317	538.299	538299	528.592	25871.7	24095.2	278544	2.45454e+06	1.32686e-10	6.3737e-11	1.51197e-11	7.17156e-11	
246.681	608031	1479.86	937.562	538.299	538299	529.922	26034.4	24252.1	281251	2.45454e+06	1.30558e-10	6.14428e-11	1.47566e-11	7.02933e-11	
248.453	618819	1453.2	941.345	538.299	538299	531.115	26180.7	24393.4	283743	2.45454e+06	1.287e-10	5.94216e-11	1.44342e-11	6.90269e-11	
250.226	628861	1429.48	944.711	538.299	538299	532.183	26312.1	24520.3	286028	2.45454e+06	1.27076e-10	5.76412e-11	1.41481e-11	6.79001e-11	
251.998	638175	1408.39	947.703	538.299	538299	533.138	26429.9	24634.2	288115	2.45454e+06	1.25655e-10	5.6073e-11	1.38944e-11	6.68984e-11	
253.771	646784	1389.65	950.359	538.299	538299	533.991	26535.3	24736.1	290017	2.45454e+06	1.24409e-10	5.46913e-11	1.36695e-11	6.60083e-11	
255.543	654717	1373	952.717	538.299	538299	534.752	26629.5	24827.2	291744	2.45454e+06	1.23315e-10	5.34735e-11	1.34701e-11	6.52175e-11	
257.315	662007	1358.22	954.809	538.299	538299	535.43	26713.6	24908.6	293308	2.45454e+06	1.22353e-10	5.23998e-11	1.32934e-11	6.45153e-11	
259.088	668688	1345.09	956.665	538.299	538299	536.033	26788.7	24981.3	294723	2.45454e+06	1.21506e-10	5.14525e-11	1.31367e-11	6.38918e-11	
260.86	674797	1333.43	958.311	538.299	538299	536.571	26855.6	25046.1	295999	2.45454e+06	1.20759e-10	5.06164e-11	1.29978e-11	6.33381e-11	
262.633	680372	1323.08	959.771	538.299	538299	537.049	26915.3	25103.9	297148	2.45454e+06	1.20099e-10	4.98779e-11	1.28747e-11	6.28465e-11	
264.405	685448	1313.89	961.066	538.299	538299	537.475	26968.4	25155.3	298182	2.45454e+06	1.19516e-10	4.92252e-11	1.27655e-11	6.24099e-11	
266.177	690063	1305.73	962.215	538.299	538299	537.854	27015.8	25201.2	299109	2.45454e+06	1.19e-10	4.86481e-11	1.26686e-11	6.20221e-11	
267.95	694251	1298.48	963.234	538.299	538299	538.191	27057.9	25242	299942	2.45454e+06	1.18543e-10	4.81375e-11	1.25826e-11	6.16777e-11	
269.722	698046	1292.03	964.139	538.299	538299	538.49	27095.4	25278.3	300687	2.45454e+06	1.18138e-10	4.76853e-11	1.25063e-11	6.13716e-11	
271.739	701928	1285.57	965.045	538.299	538299	538.791	27133.2	25314.9	301441	2.45454e+06	1.17733e-10	4.72333e-11	1.24298e-11	6.10646e-11	
273.756	705388	1279.92	965.837	538.299	538299	539.055	27166.2	25346.9	302105	2.45454e+06	1.17378e-10	4.68392e-11	1.23629e-11	6.0796e-11	
275.772	708468	1274.97	966.53	538.299	538299	539.285	27195.2	25374.9	302689	2.45454e+06	1.17068e-10	4.64953e-11	1.23045e-11	6.05611e-11	
277.789	711205	1270.64	967.135	538.299	538299	539.487	27220.6	25399.5	303203	2.45454e+06	1.16797e-10	4.61951e-11	1.22534e-11	6.03554e-11	
279.806	713636	1266.85	967.664	538.299	538299	539.664	27242.8	25421.1	303655	2.45454e+06	1.16559e-10	4.59328e-11	1.22086e-11	6.01754e-11	
281.823	715791	1263.53	968.128	538.299	538299	539.819	27262.3	25440	304051	2.45454e+06	1.16351e-10	4.57036e-11	1.21695e-11	6.00177e-11	
284.183	718004	1260.17	968.597	538.299	538299	539.977	27282.1	25459.1	304455	2.45454e+06	1.1614e-10	4.54716e-11	1.21298e-11	5.98578e-11	
286.542	719923	1257.28	968.999	538.299	538299	540.111	27299.1	25475.6	304801	2.45454e+06	1.15959e-10	4.52731e-11	1.20958e-11	5.97208e-11	
288.902	721586	1254.81	969.344	538.299	538299	540.227	27313.6	25489.7	305098	2.45454e+06	1.15804e-10	4.51032e-11	1.20667e-11	5.96034e-11	
291.262	723025	1252.69	969.639	538.299	538299	540.326	27326.1	25501.8	305354	2.45454e+06	1.1567e-10	4.49576e-11	1.20417e-11	5.95026e-11	
293.622	724269	1250.87	969.892	538.299	538299	540.411	27336.9	25512.1	305573	2.45454e+06	1.15556e-10	4.48329e-11	1.20203e-11	5.94162e-11	
295.981	725345	1249.31	970.109	538.299	538299	540.484	27346.1	25521.1	305761	2.45454e+06	1.15457e-10	4.47259e-11	1.20019e-11	5.93421e-11	
299.506	726686	1247.38	970.377	538.299	538299	540.574	27357.5	25532.1	305993	2.45454e+06	1.15336e-10	4.45938e-11	1.19792e-11	5.92503e-11	
303.031	727762	1245.84	970.59	538.299	538299	540.646	27366.5	25540.9	306179	2.45454e+06	1.15238e-10	4.44887e-11	1.19611e-11	5.91773e-11	
306.557	728625	1244.61	970.761	538.299	538299	540.704	27373.8	25547.9	306326	2.45454e+06	1.15161e-10	4.4405e-11	1.19466e-11	5.91191e-11	
310.082	729317	1243.63	970.896	538.299	538299	540.749	27379.5	25553.4	306443	2.45454e+06	1.15099e-10	4.43383e-11	1.19351e-11	5.90726e-11	
313.607	729871	1242.85	971.004	538.299	538299	540.786	27384.1	25557.9	306537	2.45454e+06	1.15049e-10	4.42851e-11	1.1926e-11	5.90356e-11	
317.132	730315	1242.23	971.091	538.299	538299	540.815	27387.8	25561.5	306612	2.45454e+06	1.1501e-10	4.42426e-11	1.19187e-11	5.90061e-11	
321.569	730750	1241.63	971.175	538.299	538299	540.843	27391.4	25564.9	306685	2.45454e+06	1.14971e-10	4.42012e-11	1.19115e-11	5.89772e-11	
326.006	731078	1241.17	971.238	538.299	538299	540.865	27394.1	25567.5	306739	2.45454e+06	1.14942e-10	4.417e-11	1.19061e-11	5.89555e-11	
330.444	731326	1240.82	971.286	538.299	538299	540.881	27396.1	25569.5	306781	2.45454e+06	1.1492e-10	4.41465e-11	1.19021e-11	5.89391e-11	
334.881	731513	1240.56	971.322	538.299	538299	540.893	27397.7	25571	306812	2.45454e+06	1.14904e-10	4.41288e-11	1.1899e-11	5.89267e-11	
339.318	731655	1240.37	971.349	538.299	538299	540.902	27398.8	25572.1	306835	2.45454e+06	1.14891e-10	4.41155e-11	1.18967e-11	5.89174e-11	
343.756	731761	1240.22	971.37	538.299	538299	540.909	27399.7	25573	306853	2.45454e+06	1.14882e-10	4.41054e-11	1.1895e-11	5.89104e-11	
348.193	731842	1240.11	971.385	538.299	538299	540.914	27400.4	25573.6	306866	2.45454e+06	1.14875e-10	4.40978e-11	1.18937e-11	5.89051e-11	
352.63	731902	1240.02	971.397	538.299	538299	540.918	27400.9	25574.1	306876	2.45454e+06	1.1487e-10	4.40921e-11	1.18927e-11	5.89011e-11	
357.068	731948	1239.96	971.405	538.299	538299	540.921	27401.2	25574.4	306883	2.45454e+06	1.14866e-10	4.40878e-11	1.18919e-11	5.88981e-11	
361.505	731982	1239.91	971.412	538.299	538299	540.923	27401.5	25574.7	306889	2.45454e+06	1.14862e-10	4.40845e-11	1.18914e-11	5.88959e-11	
365.942	732008	1239.88	971.417	538.299	538299	540.925	27401.7	25574.9	306893	2.45454e+06	1.1486e-10	4.40821e-11	1.1891e-11	5.88942e-11	
370.38	732028	1239.85	971.421	538.299	538299	540.926	27401.9	25575.1	306897	2.45454e+06	1.14858e-10	4.40802e-11	1.18906e-11	5.88929e-11	
376.276	732047	1239.82	971.424	538.299	538299	540.927	27402	25575.2	306900	2.45454e+06	1.14857e-10	4.40785e-11	1.18903e-11	5.88916e-11	
382.173	732060	1239.81	971.427	538.299	538299	540.928	27402.1	25575.3	306902	2.45454e+06	1.14856e-10	4.40773e-11	1.18901e-11	5.88908e-11	
388.07	732069	1239.79	971.428	538.299	538299	540.929	27402.2	25575.4	306903	2.45454e+06	1.14855e-10	4.40764e-11	1.189e-11	5.88902e-11	
393.967	732075	1239.79	971.43	538.299	538299	540.929	27402.3	25575.4	306904	2.45454e+06	1.14854e-10	4.40758e-11	1.18899e-11	5.88898e-11	
399.864	732079	1239.78	971.43	538.299	538299	540.93	27402.3	25575.5	306905	2.45454e+06	1.14854e-10	4.40754e-11	1.18898e-11	5.88895e-11	
407.698	732083	1239.77	971.431	538.299	538299	540.93	27402.3	25575.5	306906	2.45454e+06	1.14854e-10	4.40751e-11	1.18897e-11	5.88893e-11	
415.532	732085	1239.77	971.432	538.299	538299	540.93	27402.3	25575.5	306906	2.45454e+06	1.14853e-10	4.40749e-11	1.18897e-11	5.88891e-11	
423.366	732086	1239.77	971.432	538.299	538299	540.93	27402.4	25575.5	306906	2.45454e+06	1.14853e-10	4.40748e-11	1.18897e-11	5.8889e-11	
431.201	732087	1239.77	971.432	538.299	538299	540.93	27402.4	25575.5	306906	2.45454e+06	1.14853e-10	4.40747e-11	1.18897e-11	5.8889e-11	
439.035	732088	1239.77	971.432	538.299	538299	540.93	27402.4	25575.5	306906	2.45454e+06	1.14853e-10	4.40746e-11	1.18897e-11	5.8889e-11	
453.043	732088	1239.77	971.432	538.299	538299	540.93	27402.4	25575.5	306907	2.45454e+06	1.14853e-10	4.40746e-11	1.18897e-11	5.88889e-11	
467.051	732088	1239.77	971.432	538.299	538299	540.93	27402.4	25575.5	306907	2.45454e+06	1.14853e-10	4.40746e-11	1.18897e-11	5.88889e-11	
481.059	732088	1239.77	971.432	538.299	538299	540.93	27402.4	25575.5	306907	2.45454e+06	1.14853e-10	4.40746e-11	1.18897e-11	5.88889e-11	
495.067	732088	1239.77	971.432	538.299	538299	540.93	27402.4	25575.5	306907	2.45454e+06	1.14853e-10	4.40746e-11	1.18897e-11	5.88889e-11	
500	732088	1239.77	971.432	538.299	538299	540.93	27402.4	25575.5	306907	2.45454e+06	1.14853e-10	4.40746e-11	1.18897e-11	5.88889e-11	
