# Time	[Z]	[mu2]	[mZ]	[mF]	[F]	[mP]	[PE]	[PG]	[PM]	[STAT]	
0	4030.71	21595.1	46.9655	60	60000	73.9875	1115.67	1041.3	12495.6	2.45454e+06	
1e-09	4030.71	21595.1	46.9655	60	60000	73.9875	1115.67	1041.3	12495.6	2.45454e+06	
2e-09	4030.71	21595.1	46.9655	60	60000	73.9875	1115.67	1041.3	12495.6	2.45454e+06	
1.0002e-05	4030.71	21595.1	46.9657	60.0024	60000	73.9875	1115.67	1041.3	12495.6	2.45454e+06	
2.0002e-05	4030.71	21595.1	46.9659	60.0048	60000	73.9875	1115.67	1041.3	12495.6	2.45454e+06	
3.0002e-05	4030.71	21595.1	46.966	60.0072	60000	73.9875	1115.67	1041.3	12495.6	2.45454e+06	
0.000130002	4030.71	21595.1	46.9678	60.0311	60000	73.9875	1115.67	1041.3	12495.6	2.45454e+06	
0.000230002	4030.71	21595.1	46.9695	60.055	60000	73.9875	1115.67	1041.3	12495.6	2.45454e+06	
0.000330002	4030.71	21595.1	46.9712	60.0789	60000	73.9875	1115.67	1041.3	12495.6	2.45454e+06	
0.000430002	4030.71	21595	46.9729	60.1028	60000	73.9875	1115.67	1041.3	12495.6	2.45454e+06	
0.00143	4030.71	21594.7	46.99	60.3419	60000	73.9875	1115.67	1041.3	12495.6	2.45454e+06	
0.00243	4030.72	21594.5	47.0071	60.5808	60000.1	73.9875	1115.67	1041.3	12495.6	2.45454e+06	
0.00343	4030.72	21594.2	47.0242	60.8196	60000.1	73.9875	1115.67	1041.3	12495.6	2.45454e+06	
0.00443	4030.72	21593.9	47.0412	61.0583	60000.2	73.9875	1115.67	1041.3	12495.6	2.45454e+06	
0.01443	4030.73	21591.1	47.2104	63.4385	60002.5	73.9876	1115.68	1041.3	12495.6	2.45454e+06	
0.02443	4030.76	21588.3	47.3772	65.8069	60007.1	73.9877	1115.68	1041.3	12495.6	2.45454e+06	
0.03443	4030.8	21585.5	47.5417	68.1634	60014.1	73.988	1115.68	1041.3	12495.6	2.45454e+06	
0.04443	4030.86	21582.6	47.7038	70.5083	60023.4	73.9885	1115.69	1041.3	12495.6	2.45454e+06	
0.05443	4030.93	21579.8	47.8636	72.8414	60035	73.9891	1115.7	1041.3	12495.6	2.45454e+06	
0.154066	4032.39	21551.6	49.3381	95.4614	60275.3	74.0174	1115.88	1041.31	12495.6	2.45454e+06	
0.253702	4035.05	21523.3	50.6189	116.982	60731.8	74.1112	1116.33	1041.37	12495.6	2.45454e+06	
0.353337	4038.75	21494.9	51.7324	137.457	61392	74.304	1117.19	1041.52	12495.6	2.45454e+06	
0.452973	4043.35	21466.5	52.7013	156.937	62243.7	74.6246	1118.66	1041.82	12495.7	2.45454e+06	
0.552609	4048.74	21438	53.5454	175.47	63275.2	75.0979	1120.99	1042.37	12495.8	2.45454e+06	
0.652245	4054.8	21409.4	54.2816	193.103	64475.8	75.7451	1124.43	1043.26	12496	2.45454e+06	
0.754837	4061.64	21380	54.9424	210.363	65877.7	76.6126	1129.41	1044.69	12496.5	2.45454e+06	
0.857429	4069.03	21350.6	55.5183	226.761	67436.9	77.7008	1136.12	1046.8	12497.3	2.45454e+06	
0.960021	4076.87	21321.2	56.0211	242.339	69143.4	79.0238	1144.85	1049.77	12498.6	2.45454e+06	
1.06261	4085.11	21291.7	56.4611	257.137	70987.5	80.5925	1155.86	1053.79	12500.4	2.45454e+06	
1.1652	4093.69	21262.3	56.8471	271.196	72960	82.4154	1169.4	1059.07	12503.1	2.45454e+06	
1.2678	4102.56	21232.8	57.1865	284.552	75052.2	84.4976	1185.7	1065.81	12506.8	2.45454e+06	
1.39093	4113.55	21197.5	57.5418	299.704	77709.9	87.3424	1209.19	1076.12	12513.1	2.45454e+06	
1.51407	4124.85	21162.1	57.8489	313.95	80515	90.5624	1237.24	1089.18	12521.8	2.45454e+06	
1.63721	4136.4	21126.6	58.116	327.347	83454.8	94.1496	1270.08	1105.3	12533.6	2.45454e+06	
1.76034	4148.17	21091.2	58.3497	339.943	86517.6	98.0898	1307.88	1124.78	12549	2.45454e+06	
1.88348	4160.13	21055.6	58.5556	351.787	89692.5	102.363	1350.7	1147.89	12568.8	2.45454e+06	
2.03505	4175.06	21011.8	58.7775	365.399	93738.8	108.042	1410.33	1181.62	12600.4	2.45454e+06	
2.18661	4190.18	20967.8	58.9713	378.018	97921.5	114.13	1477.44	1221.46	12641.1	2.45454e+06	
2.33817	4205.46	20923.6	59.1428	389.715	102224	120.563	1551.71	1267.58	12692.5	2.45454e+06	
2.48974	4220.87	20879.3	59.2963	400.559	106631	127.269	1632.66	1320.03	12756.1	2.45454e+06	
2.6413	4236.4	20834.8	59.4357	410.612	111129	134.177	1719.67	1378.72	12833.3	2.45454e+06	
2.79287	4252.02	20790.2	59.5638	419.93	115705	141.214	1812.04	1443.42	12925.3	2.45454e+06	
2.94443	4267.72	20745.3	59.6829	428.569	120348	148.311	1908.95	1513.8	13033.5	2.45454e+06	
3.09599	4283.5	20700.3	59.795	436.577	125045	155.402	2009.54	1589.42	13159	2.45454e+06	
3.24756	4299.34	20655.1	59.9016	444.001	129788	162.428	2112.93	1669.74	13302.7	2.45454e+06	
3.39765	4315.08	20610.2	60.0028	450.819	134520	169.271	2217.22	1753.33	13463.8	2.45454e+06	
3.54774	4330.88	20565.2	60.1008	457.143	139280	175.956	2322.58	1840.31	13644	2.45454e+06	
3.69783	4346.73	20520	60.1962	463.011	144059	182.449	2428.23	1930.03	13843.9	2.45454e+06	
3.84792	4362.64	20474.7	60.2897	468.454	148852	188.72	2533.45	2021.81	14063.5	2.45454e+06	
3.99801	4378.59	20429.4	60.3817	473.504	153651	194.748	2637.6	2115	14303	2.45454e+06	
4.1481	4394.59	20383.9	60.4727	478.188	158451	200.516	2740.1	2208.96	14562.2	2.45454e+06	
4.3401	4415.13	20325.7	60.5881	483.691	164585	207.503	2868.06	2329.33	14922	2.45454e+06	
4.53211	4435.74	20267.5	60.7028	488.689	170702	214.04	2991.68	2448.81	15312.4	2.45454e+06	
4.72411	4456.44	20209.3	60.8173	493.231	176794	220.128	3110.33	2566.39	15732.1	2.45454e+06	
4.91612	4477.22	20151.1	60.9317	497.356	182851	225.776	3223.55	2681.2	16179.5	2.45454e+06	
5.10812	4498.08	20093	61.0464	501.104	188869	230.998	3331.05	2792.51	16652.8	2.45454e+06	
5.30013	4519.02	20035.1	61.1616	504.509	194840	235.813	3432.7	2899.78	17149.8	2.45454e+06	
5.52194	4543.33	19968.3	61.2953	508.056	201672	240.9	3542.81	3018.11	17750.9	2.45454e+06	
5.74375	4567.75	19901.9	61.4299	511.231	208429	245.511	3645.2	3130.05	18377.5	2.45454e+06	
5.96556	4592.29	19835.7	61.5654	514.072	215103	249.685	3740.11	3235.37	19026.3	2.45454e+06	
6.18737	4616.96	19769.9	61.7021	516.615	221690	253.46	3827.91	3334	19693.9	2.45454e+06	
6.40918	4641.75	19704.5	61.8399	518.892	228186	256.873	3908.99	3426.03	20377	2.45454e+06	
6.63099	4666.66	19639.5	61.9789	520.929	234586	259.959	3983.82	3511.64	21072.7	2.45454e+06	
6.83591	4689.8	19579.9	62.1084	522.621	240411	262.548	4047.79	3585.26	21724	2.45454e+06	
7.04084	4713.05	19520.7	62.239	524.147	246151	264.91	4107.18	3653.87	22381.4	2.45454e+06	
7.24576	4736.41	19461.9	62.3706	525.526	251805	267.067	4162.36	3717.77	23043	2.45454e+06	
7.45069	4759.89	19403.5	62.5034	526.77	257370	269.04	4213.68	3777.25	23706.9	2.45454e+06	
7.65561	4783.49	19345.6	62.6372	527.892	262846	270.847	4261.46	3832.6	24371.6	2.45454e+06	
7.95777	4818.49	19261	62.8366	529.352	270757	273.243	4326.13	3907.34	25350	2.45454e+06	
8.25992	4853.76	19177.5	63.0384	530.606	278473	275.362	4384.72	3974.72	26322.7	2.45454e+06	
8.56208	4889.29	19095	63.2428	531.685	285994	277.244	4438.04	4035.63	27286.4	2.45454e+06	
8.86423	4925.08	19013.5	63.4496	532.612	293321	278.924	4486.82	4090.87	28238.2	2.45454e+06	
9.16639	4961.15	18933.1	63.6589	533.41	300455	280.431	4531.68	4141.19	29175.9	2.45454e+06	
9.40041	4989.27	18871.6	63.8228	533.95	305850	281.496	4564.08	4177.18	29891.2	2.45454e+06	
9.63443	5017.55	18810.7	63.9883	534.43	311131	282.482	4594.68	4210.88	30596.3	2.45454e+06	
9.86845	5045.99	18750.4	64.1553	534.857	316301	283.398	4623.66	4242.53	31290.6	2.45454e+06	
10.1025	5074.61	18690.8	64.3238	535.237	321361	284.252	4651.2	4272.35	31973.6	2.45454e+06	
10.4576	5118.35	18601.5	64.5826	535.735	328833	285.443	4690.6	4314.54	32988.1	2.45454e+06	
10.8128	5162.49	18513.7	64.8451	536.152	336060	286.526	4727.49	4353.54	33975.1	2.45454e+06	
11.168	5207.01	18427.4	65.1113	536.502	343048	287.518	4762.24	4389.85	34934.4	2.45454e+06	
11.5231	5251.93	18342.4	65.3813	536.794	349804	288.431	4795.16	4423.87	35865.8	2.45454e+06	
11.8783	5297.24	18258.9	65.655	537.039	356333	289.277	4826.52	4455.95	36769.4	2.45454e+06	
12.1172	5327.94	18203.5	65.8413	537.181	360601	289.814	4846.83	4476.57	37361.6	2.45454e+06	
12.3561	5358.83	18148.7	66.0293	537.307	364770	290.326	4866.59	4496.51	37941.6	2.45454e+06	
12.595	5389.89	18094.6	66.2191	537.418	368844	290.817	4885.84	4515.84	38509.5	2.45454e+06	
12.8339	5421.14	18041	66.4107	537.518	372825	291.289	4904.62	4534.61	39065.5	2.45454e+06	
13.0129	5444.69	18001.3	66.5555	537.585	375749	291.631	4918.42	4548.34	39474.5	2.45454e+06	
13.192	5468.34	17961.9	66.7013	537.646	378622	291.963	4931.99	4561.81	39877.1	2.45454e+06	
13.3711	5492.1	17922.8	66.8481	537.702	381445	292.286	4945.35	4575.03	40273.2	2.45454e+06	
13.7417	5541.59	17843	67.1552	537.803	387132	292.929	4972.37	4601.65	41072.9	2.45454e+06	
14.1123	5591.53	17764.6	67.4667	537.887	392615	293.541	4998.61	4627.39	41846.3	2.45454e+06	
14.4829	5641.93	17687.5	67.7828	537.956	397902	294.125	5024.16	4652.35	42594.4	2.45454e+06	
14.8535	5692.79	17611.8	68.1034	538.014	402998	294.684	5049.09	4676.61	43318	2.45454e+06	
15.2951	5753.98	17523.3	68.4914	538.071	408832	295.322	5078.05	4704.7	44149.4	2.45454e+06	
15.7367	5815.85	17436.7	68.8862	538.116	414416	295.931	5106.28	4731.99	44948.8	2.45454e+06	
16.1783	5878.37	17351.8	69.2877	538.152	419760	296.515	5133.84	4758.57	45717.7	2.45454e+06	
16.6199	5941.58	17268.7	69.6962	538.181	424875	297.077	5160.78	4784.49	46457.5	2.45454e+06	
17.0787	6007.98	17184.1	70.128	538.205	429957	297.64	5188.18	4810.81	47197	2.45454e+06	
17.5376	6075.13	17101.3	70.5676	538.225	434812	298.183	5215	4836.53	47907.9	2.45454e+06	
17.9965	6143.03	17020.2	71.015	538.24	439451	298.708	5241.3	4861.71	48592	2.45454e+06	
18.4553	6211.7	16940.9	71.4704	538.252	443882	299.216	5267.09	4886.38	49250.4	2.45454e+06	
18.7652	6258.5	16888.2	71.7825	538.259	446761	299.551	5284.24	4902.77	49681.1	2.45454e+06	
19.075	6305.66	16836.3	72.0983	538.264	449552	299.879	5301.18	4918.94	50101.2	2.45454e+06	
19.3848	6353.18	16785.2	72.418	538.269	452259	300.201	5317.92	4934.92	50510.9	2.45454e+06	
19.6947	6401.06	16734.7	72.7415	538.274	454883	300.517	5334.46	4950.7	50910.7	2.45454e+06	
20.0711	6459.72	16674.3	73.1397	538.278	457964	300.893	5354.3	4969.62	51383.5	2.45454e+06	
20.4475	6518.93	16615	73.5438	538.282	460931	301.261	5373.87	4988.27	51842.8	2.45454e+06	
20.8239	6578.7	16556.6	73.9539	538.285	463788	301.622	5393.19	5006.67	52289	2.45454e+06	
21.2003	6639.02	16499.2	74.37	538.287	466540	301.976	5412.25	5024.82	52722.7	2.45454e+06	
22.0359	6774.98	16375.2	75.3157	538.291	472291	302.738	5453.69	5064.26	53643.6	2.45454e+06	
22.8714	6913.84	16255.5	76.2929	538.294	477582	303.47	5494	5102.6	54511	2.45454e+06	
23.0803	6949.02	16226.2	76.5422	538.294	478837	303.648	5503.91	5112.02	54720	2.45454e+06	
23.2892	6984.38	16197.2	76.7936	538.295	480066	303.825	5513.76	5121.38	54926.1	2.45454e+06	
23.498	7019.94	16168.5	77.0471	538.295	481270	304.001	5523.54	5130.67	55129.3	2.45454e+06	
23.7069	7055.68	16140	77.3027	538.296	482449	304.174	5533.26	5139.9	55329.6	2.45454e+06	
23.9042	7089.62	16113.3	77.546	538.296	483539	304.337	5542.38	5148.57	55516.3	2.45454e+06	
24.1015	7123.73	16086.9	77.7913	538.296	484609	304.498	5551.44	5157.17	55700.5	2.45454e+06	
24.2988	7158.02	16060.6	78.0384	538.296	485658	304.658	5560.45	5165.73	55882.4	2.45454e+06	
24.9652	7275.18	15973.5	78.888	538.297	489052	305.189	5590.49	5194.26	56479.9	2.45454e+06	
25.6317	7394.42	15888.7	79.7605	538.298	492227	305.705	5619.95	5222.21	57052.9	2.45454e+06	
26.2982	7515.81	15806.1	80.6568	538.298	495197	306.208	5648.85	5249.63	57602.9	2.45454e+06	
26.9647	7639.42	15725.7	81.5776	538.298	497976	306.699	5677.21	5276.52	58131.6	2.45454e+06	
27.2788	7698.46	15688.4	82.0203	538.298	499223	306.926	5690.39	5289.02	58373.7	2.45454e+06	
27.5928	7758.01	15651.7	82.4686	538.298	500431	307.151	5703.46	5301.41	58611.6	2.45454e+06	
27.9068	7818.08	15615.3	82.9229	538.299	501602	307.373	5716.43	5313.69	58845.4	2.45454e+06	
28.5141	7935.78	15546.2	83.8181	538.299	503764	307.796	5741.19	5337.16	59286.1	2.45454e+06	
29.1214	8055.54	15478.6	84.7364	538.299	505799	308.211	5765.58	5360.25	59712.8	2.45454e+06	
29.7286	8177.43	15412.4	85.6783	538.299	507714	308.617	5789.6	5382.99	60126.2	2.45454e+06	
30.3359	8301.53	15347.5	86.6449	538.299	509516	309.016	5813.27	5405.38	60527.3	2.45454e+06	
30.7314	8383.58	15306	87.2879	538.299	510632	309.272	5828.51	5419.79	60782.2	2.45454e+06	
31.1269	8466.62	15265	87.942	538.299	511705	309.525	5843.61	5434.07	61032.3	2.45454e+06	
31.5223	8550.67	15224.5	88.6074	538.299	512736	309.775	5858.59	5448.22	61277.8	2.45454e+06	
32.3916	8739.11	15137.2	90.1108	538.299	514864	310.316	5891.05	5478.89	61802.1	2.45454e+06	
33.2608	8932.85	15052.1	91.6731	538.299	516815	310.844	5922.95	5509.01	62306.9	2.45454e+06	
33.4781	8982.14	15031.1	92.0733	538.299	517277	310.975	5930.85	5516.46	62430.3	2.45454e+06	
33.6955	9031.8	15010.3	92.4774	538.299	517729	311.104	5938.71	5523.87	62552.5	2.45454e+06	
33.9128	9081.81	14989.6	92.8854	538.299	518171	311.233	5946.54	5531.26	62673.7	2.45454e+06	
34.1301	9132.18	14969	93.2975	538.299	518604	311.362	5954.34	5538.62	62793.9	2.45454e+06	
34.3105	9174.28	14952	93.6426	538.299	518956	311.468	5960.79	5544.7	62892.8	2.45454e+06	
34.4908	9216.63	14935.1	93.9906	538.299	519301	311.573	5967.23	5550.76	62991	2.45454e+06	
34.6712	9259.24	14918.3	94.3415	538.299	519641	311.679	5973.64	5556.81	63088.6	2.45454e+06	
35.7241	9513.34	14821.5	96.4488	538.299	521505	312.285	6010.72	5591.73	63645	2.45454e+06	
36.7769	9777.1	14726.9	98.6623	538.299	523183	312.879	6047.26	5626.1	64180.8	2.45454e+06	
37.0401	9844.63	14703.6	99.2332	538.299	523576	313.026	6056.31	5634.62	64311.8	2.45454e+06	
37.3033	9912.82	14680.4	99.8113	538.299	523959	313.173	6065.34	5643.1	64441.7	2.45454e+06	
37.5666	9981.68	14657.3	100.397	538.299	524331	313.318	6074.35	5651.56	64570.5	2.45454e+06	
37.8298	10051.2	14634.4	100.99	538.299	524694	313.463	6083.33	5660	64698.2	2.45454e+06	
38.0062	10098.2	14619	101.391	538.299	524932	313.56	6089.34	5665.64	64783.2	2.45454e+06	
38.1826	10145.5	14603.7	101.796	538.299	525166	313.657	6095.33	5671.27	64867.8	2.45454e+06	
38.359	10193.2	14588.5	102.205	538.299	525395	313.754	6101.32	5676.88	64951.9	2.45454e+06	
39.15	10410.8	14520.7	104.081	538.299	526377	314.184	6128.06	5701.96	65323.8	2.45454e+06	
39.9409	10635.4	14453.7	106.032	538.299	527283	314.61	6154.65	5726.89	65687.7	2.45454e+06	
40.7319	10867.3	14387.3	108.063	538.299	528121	315.034	6181.15	5751.69	66044.2	2.45454e+06	
41.5229	11107	14321.5	110.177	538.299	528895	315.455	6207.59	5776.41	66394.1	2.45454e+06	
41.9384	11236.1	14287.1	111.323	538.299	529278	315.676	6221.47	5789.38	66575.5	2.45454e+06	
42.3539	11367.6	14252.8	112.493	538.299	529645	315.896	6235.36	5802.34	66755.3	2.45454e+06	
42.7695	11501.6	14218.5	113.689	538.299	529997	316.116	6249.25	5815.3	66933.6	2.45454e+06	
43.185	11638	14184.4	114.912	538.299	530335	316.336	6263.16	5828.27	67110.6	2.45454e+06	
43.4355	11721.5	14163.8	115.662	538.299	530532	316.469	6271.55	5836.09	67216.6	2.45454e+06	
43.6861	11805.9	14143.3	116.423	538.299	530724	316.601	6279.96	5843.92	67322.3	2.45454e+06	
43.9366	11891.3	14122.7	117.194	538.299	530912	316.734	6288.38	5851.76	67427.5	2.45454e+06	
44.7772	12185.3	14053.9	119.856	538.299	531507	317.18	6316.72	5878.13	67777.5	2.45454e+06	
45.6178	12491.1	13985	122.643	538.299	532055	317.628	6345.25	5904.65	68123.7	2.45454e+06	
46.4583	12809.7	13915.9	125.561	538.299	532558	318.079	6374.05	5931.37	68466.7	2.45454e+06	
47.2989	13141.8	13846.5	128.618	538.299	533021	318.533	6403.17	5958.36	68807.3	2.45454e+06	
47.7589	13329.6	13808.3	130.352	538.299	533258	318.783	6419.26	5973.26	68992.8	2.45454e+06	
48.2189	13521.9	13770	132.131	538.299	533485	319.035	6435.48	5988.26	69178	2.45454e+06	
48.6788	13718.8	13731.4	133.956	538.299	533701	319.289	6451.84	6003.38	69362.8	2.45454e+06	
49.1388	13920.6	13692.7	135.829	538.299	533908	319.545	6468.34	6018.62	69547.5	2.45454e+06	
49.3943	14034.9	13671.1	136.891	538.299	534019	319.688	6477.58	6027.15	69650.1	2.45454e+06	
49.6498	14150.7	13649.4	137.968	538.299	534127	319.831	6486.87	6035.72	69752.6	2.45454e+06	
49.9054	14268.1	13627.7	139.061	538.299	534232	319.976	6496.21	6044.34	69855.2	2.45454e+06	
50.7377	14662.1	13556.2	142.732	538.299	534557	320.451	6527.04	6072.75	70189.8	2.45454e+06	
51.57	15074.7	13483.7	146.58	538.299	534856	320.935	6558.53	6101.74	70525.4	2.45454e+06	
52.4023	15507.2	13410.1	150.611	538.299	535131	321.43	6590.76	6131.37	70863	2.45454e+06	
53.2346	15960.7	13335.2	154.836	538.299	535384	321.935	6623.8	6161.71	71203.2	2.45454e+06	
53.4979	16108.8	13311.2	156.213	538.299	535459	322.098	6634.44	6171.47	71311.5	2.45454e+06	
53.7611	16259.1	13287	157.611	538.299	535533	322.261	6645.17	6181.31	71420.1	2.45454e+06	
54.0244	16411.8	13262.8	159.029	538.299	535605	322.426	6655.99	6191.23	71529.1	2.45454e+06	
54.4511	16664.4	13223.1	161.371	538.299	535718	322.696	6673.75	6207.5	71706.7	2.45454e+06	
54.8779	16923.5	13183	163.769	538.299	535825	322.97	6691.77	6224.01	71885.5	2.45454e+06	
55.3046	17189.2	13142.4	166.223	538.299	535929	323.248	6710.07	6240.76	72065.5	2.45454e+06	
55.7313	17461.9	13101.4	168.733	538.299	536028	323.53	6728.66	6257.77	72247	2.45454e+06	
56.0234	17652.5	13073.1	170.485	538.299	536093	323.726	6741.57	6269.57	72372.1	2.45454e+06	
56.3155	17846.6	13044.5	172.263	538.299	536157	323.923	6754.61	6281.49	72497.9	2.45454e+06	
56.6076	18044.2	13015.7	174.069	538.299	536218	324.123	6767.81	6293.55	72624.4	2.45454e+06	
57.0711	18364.9	12969.5	176.991	538.299	536313	324.443	6789.07	6312.97	72827	2.45454e+06	
57.5346	18694.9	12922.8	179.982	538.299	536403	324.77	6810.73	6332.75	73031.7	2.45454e+06	
57.9981	19034.3	12875.3	183.043	538.299	536488	325.102	6832.81	6352.9	73238.8	2.45454e+06	
58.4616	19383.4	12827.3	186.174	538.299	536570	325.441	6855.32	6373.44	73448.4	2.45454e+06	
58.9251	19742.7	12778.5	189.375	538.299	536649	325.785	6878.28	6394.38	73660.6	2.45454e+06	
59.3886	20112.3	12729.1	192.645	538.299	536723	326.136	6901.71	6415.74	73875.6	2.45454e+06	
59.852	20492.5	12679	195.985	538.299	536795	326.494	6925.62	6437.53	74093.5	2.45454e+06	
60.2515	20828.9	12635.3	198.918	538.299	536854	326.807	6946.61	6456.66	74283.8	2.45454e+06	
60.6509	21173.7	12591	201.902	538.299	536910	327.126	6967.99	6476.13	74476.5	2.45454e+06	
61.0503	21526.9	12546.2	204.935	538.299	536965	327.45	6989.75	6495.95	74671.7	2.45454e+06	
61.4497	21888.9	12500.9	208.016	538.299	537017	327.78	7011.91	6516.13	74869.5	2.45454e+06	
61.8844	22292.8	12450.9	211.424	538.299	537071	328.145	7036.48	6538.51	75087.9	2.45454e+06	
62.3191	22707.5	12400.3	214.888	538.299	537124	328.516	7061.55	6561.33	75309.6	2.45454e+06	
62.7538	23133.2	12349.1	218.404	538.299	537174	328.895	7087.11	6584.6	75534.8	2.45454e+06	
63.1886	23569.9	12297.2	221.971	538.299	537222	329.28	7113.18	6608.34	75763.6	2.45454e+06	
63.6961	24094.2	12235.8	226.198	538.299	537275	329.739	7144.28	6636.65	76035.4	2.45454e+06	
64.2036	24634.3	12173.6	230.487	538.299	537326	330.208	7176.1	6665.62	76312.4	2.45454e+06	
64.7111	25190.4	12110.5	234.835	538.299	537374	330.687	7208.65	6695.26	76595	2.45454e+06	
65.2187	25762.9	12046.6	239.236	538.299	537419	331.176	7241.95	6725.58	76883.2	2.45454e+06	
65.8144	26455.9	11970.5	244.465	538.299	537470	331.762	7282	6762.06	77229	2.45454e+06	
66.4102	27172.2	11893.3	249.751	538.299	537518	332.363	7323.09	6799.51	77583.2	2.45454e+06	
67.006	27911.8	11815.1	255.087	538.299	537563	332.978	7365.24	6837.94	77946	2.45454e+06	
67.6018	28675	11736	260.461	538.299	537606	333.606	7408.45	6877.35	78317.7	2.45454e+06	
68.4661	29824.3	11619.5	268.306	538.299	537663	334.543	7473.01	6936.27	78873.3	2.45454e+06	
69.3304	31023.8	11501.4	276.18	538.299	537716	335.508	7539.77	6997.25	79448.9	2.45454e+06	
69.5465	31331.4	11471.6	278.149	538.299	537728	335.754	7556.8	7012.82	79596	2.45454e+06	
69.7626	31642.2	11441.7	280.117	538.299	537741	336.002	7573.96	7028.52	79744.4	2.45454e+06	
69.9787	31956.1	11411.8	282.084	538.299	537753	336.251	7591.26	7044.34	79894.1	2.45454e+06	
70.1947	32273.1	11381.8	284.049	538.299	537764	336.502	7608.69	7060.28	80045	2.45454e+06	
70.5121	32744.2	11337.5	286.931	538.299	537781	336.873	7634.52	7083.93	80269.1	2.45454e+06	
70.8294	33221.9	11293.2	289.806	538.299	537797	337.248	7660.63	7107.84	80496.1	2.45454e+06	
71.1467	33706.2	11248.7	292.674	538.299	537813	337.626	7687.02	7132.01	80725.9	2.45454e+06	
71.6655	34512.1	11175.7	297.341	538.299	537837	338.252	7730.74	7172.08	81107.8	2.45454e+06	
72.1843	35335.1	11102.4	301.976	538.299	537861	338.887	7775.16	7212.83	81497.4	2.45454e+06	
72.7031	36175	11029	306.573	538.299	537883	339.53	7820.25	7254.23	81894.8	2.45454e+06	
73.2219	37031.5	10955.5	311.127	538.299	537904	340.18	7866	7296.26	82299.9	2.45454e+06	
73.5942	37656.1	10902.7	314.365	538.299	537918	340.652	7899.21	7326.8	82595.4	2.45454e+06	
73.9666	38289	10849.9	317.577	538.299	537932	341.127	7932.72	7357.64	82894.8	2.45454e+06	
74.3389	38929.9	10797.1	320.76	538.299	537946	341.606	7966.53	7388.77	83198.2	2.45454e+06	
74.7112	39578.6	10744.4	323.912	538.299	537959	342.088	8000.62	7420.18	83505.5	2.45454e+06	
75.071	40212.8	10693.5	326.928	538.299	537971	342.556	8033.82	7450.79	83806.1	2.45454e+06	
75.4308	40854.1	10642.8	329.913	538.299	537982	343.027	8067.26	7481.63	84110.3	2.45454e+06	
75.7906	41502.1	10592.2	332.866	538.299	537993	343.501	8100.92	7512.71	84418	2.45454e+06	
76.5802	42947.4	10481.6	339.229	538.299	538017	344.548	8175.53	7581.65	85105.5	2.45454e+06	
77.3698	44422.6	10371.9	345.422	538.299	538038	345.604	8251.02	7651.51	85809.3	2.45454e+06	
78.1594	45925.8	10263.3	351.439	538.299	538058	346.667	8327.25	7722.15	86528.6	2.45454e+06	
78.3568	46305.8	10236.3	352.915	538.299	538063	346.934	8346.41	7739.92	86710.8	2.45454e+06	
78.5542	46687.3	10209.4	354.38	538.299	538067	347.201	8365.6	7757.73	86893.9	2.45454e+06	
78.7516	47070.3	10182.7	355.834	538.299	538072	347.468	8384.83	7775.57	87077.9	2.45454e+06	
78.949	47454.8	10156	357.275	538.299	538076	347.735	8404.09	7793.45	87262.8	2.45454e+06	
79.2438	48031.8	10116.3	359.407	538.299	538083	348.135	8432.89	7820.21	87540.5	2.45454e+06	
79.5386	48612	10076.8	361.513	538.299	538089	348.534	8461.76	7847.03	87820.1	2.45454e+06	
79.8334	49195.2	10037.6	363.594	538.299	538095	348.934	8490.67	7873.91	88101.5	2.45454e+06	
80.6426	50810.8	9931.02	369.171	538.299	538111	350.032	8570.23	7947.95	88883.2	2.45454e+06	
81.4518	52446	9826.34	374.555	538.299	538125	351.128	8649.94	8022.22	89677.2	2.45454e+06	
82.261	54098.2	9723.66	379.748	538.299	538139	352.221	8729.66	8096.6	90482.5	2.45454e+06	
83.0702	55765.2	9623.07	384.752	538.299	538151	353.309	8809.27	8170.96	91297.7	2.45454e+06	
83.3633	56372.1	9587.16	386.519	538.299	538156	353.701	8838.05	8197.87	91595.2	2.45454e+06	
83.6564	56980.5	9551.55	388.262	538.299	538160	354.092	8866.79	8224.75	91893.8	2.45454e+06	
83.9495	57590.4	9516.22	389.981	538.299	538164	354.483	8895.49	8251.6	92193.4	2.45454e+06	
84.3585	58443.4	9467.42	392.341	538.299	538169	355.025	8935.45	8289	92613.1	2.45454e+06	
84.7675	59298.6	9419.2	394.656	538.299	538174	355.565	8975.3	8326.32	93034.4	2.45454e+06	
85.1765	60155.8	9371.56	396.927	538.299	538179	356.103	9015.02	8363.53	93457.3	2.45454e+06	
85.6858	61225.2	9313.07	399.694	538.299	538185	356.769	9064.29	8409.72	93985.8	2.45454e+06	
86.195	62296.5	9255.48	402.395	538.299	538191	357.43	9113.33	8455.71	94516	2.45454e+06	
86.7042	63369.3	9198.81	405.032	538.299	538196	358.086	9162.11	8501.49	95047.8	2.45454e+06	
87.2134	64443.1	9143.06	407.607	538.299	538201	358.737	9210.61	8547.03	95580.7	2.45454e+06	
87.4739	64992.5	9114.89	408.9	538.299	538204	359.069	9235.31	8570.22	95853.7	2.45454e+06	
87.7344	65542	9086.96	410.178	538.299	538206	359.398	9259.93	8593.35	96126.8	2.45454e+06	
87.9948	66091.4	9059.27	411.44	538.299	538209	359.727	9284.47	8616.4	96400.1	2.45454e+06	
88.4938	67143.7	9006.88	413.816	538.299	538213	360.352	9331.24	8660.36	96923.9	2.45454e+06	
88.9927	68195.4	8955.36	416.137	538.299	538217	360.971	9377.7	8704.04	97447.8	2.45454e+06	
89.4916	69246	8904.68	418.406	538.299	538221	361.585	9423.83	8747.43	97971.6	2.45454e+06	
89.9357	70179.9	8860.28	420.382	538.299	538225	362.127	9464.61	8785.79	98437.6	2.45454e+06	
90.3798	71112.4	8816.55	422.319	538.299	538228	362.664	9505.11	8823.91	98903.1	2.45454e+06	
90.8239	72043.4	8773.46	424.218	538.299	538231	363.197	9545.34	8861.77	99367.9	2.45454e+06	
91.2881	73014.3	8729.12	426.162	538.299	538234	363.748	9587.08	8901.07	99853	2.45454e+06	
91.7522	73982.9	8685.47	428.067	538.299	538237	364.295	9628.51	8940.08	100337	2.45454e+06	
92.2163	74949	8642.49	429.934	538.299	538240	364.837	9669.62	8978.8	100820	2.45454e+06	
92.6896	75931.3	8599.36	431.799	538.299	538243	365.384	9711.22	9017.98	101311	2.45454e+06	
93.1629	76910.5	8556.91	433.627	538.299	538245	365.926	9752.48	9056.86	101800	2.45454e+06	
93.6362	77886.4	8515.13	435.418	538.299	538248	366.462	9793.42	9095.43	102288	2.45454e+06	
94.1431	78927.6	8471.11	437.298	538.299	538250	367.031	9836.89	9136.39	102808	2.45454e+06	
94.65	79964.6	8427.82	439.139	538.299	538253	367.594	9879.98	9177	103326	2.45454e+06	
95.1569	80997.2	8385.24	440.943	538.299	538255	368.151	9922.7	9217.25	103842	2.45454e+06	
95.7003	82099.1	8340.37	442.837	538.299	538257	368.741	9968.09	9260.02	104392	2.45454e+06	
96.2438	83195.4	8296.28	444.691	538.299	538259	369.325	10013	9302.39	104939	2.45454e+06	
96.7873	84286.1	8252.95	446.507	538.299	538262	369.903	10057.6	9344.37	105482	2.45454e+06	
97.3712	85451.3	8207.21	448.416	538.299	538264	370.516	10105	9389.03	106063	2.45454e+06	
97.9551	86609.5	8162.29	450.286	538.299	538266	371.122	10151.9	9433.25	106639	2.45454e+06	
98.539	87760.7	8118.17	452.116	538.299	538268	371.721	10198.4	9477.04	107212	2.45454e+06	
99.1679	88992.4	8071.51	454.046	538.299	538269	372.358	10248	9523.72	107824	2.45454e+06	
99.7968	90215.7	8025.7	455.935	538.299	538271	372.988	10297	9569.92	108431	2.45454e+06	
100.426	91430.3	7980.72	457.784	538.299	538273	373.61	10345.6	9615.66	109033	2.45454e+06	
100.959	92453.7	7943.19	459.324	538.299	538274	374.132	10386.4	9654.1	109540	2.45454e+06	
101.493	93470.8	7906.22	460.838	538.299	538276	374.649	10426.9	9692.22	110043	2.45454e+06	
102.026	94481.7	7869.78	462.328	538.299	538277	375.16	10467.1	9730.03	110542	2.45454e+06	
102.505	95384.7	7837.47	463.646	538.299	538278	375.616	10502.9	9763.74	110988	2.45454e+06	
102.985	96282.6	7805.57	464.946	538.299	538279	376.068	10538.5	9797.22	111430	2.45454e+06	
103.464	97175.6	7774.07	466.228	538.299	538280	376.516	10573.8	9830.47	111870	2.45454e+06	
104.025	98215.1	7737.64	467.709	538.299	538281	377.037	10614.9	9869.14	112381	2.45454e+06	
104.587	99248	7701.71	469.168	538.299	538282	377.553	10655.7	9907.52	112889	2.45454e+06	
105.148	100274	7666.26	470.606	538.299	538283	378.064	10696.3	9945.61	113392	2.45454e+06	
105.718	101309	7630.75	472.045	538.299	538284	378.579	10737.1	9984.01	113899	2.45454e+06	
106.288	102337	7595.7	473.464	538.299	538284	379.089	10777.7	10022.1	114402	2.45454e+06	
106.858	103359	7561.09	474.865	538.299	538285	379.596	10818	10060	114902	2.45454e+06	
107.623	104722	7515.25	476.72	538.299	538286	380.27	10871.8	10110.5	115566	2.45454e+06	
107.815	105061	7503.9	477.179	538.299	538287	380.437	10885.2	10123.1	115732	2.45454e+06	
108.006	105399	7492.6	477.636	538.299	538287	380.604	10898.6	10135.6	115896	2.45454e+06	
108.198	105736	7481.34	478.091	538.299	538287	380.771	10911.9	10148.2	116061	2.45454e+06	
108.406	106104	7469.11	478.586	538.299	538287	380.952	10926.4	10161.8	116239	2.45454e+06	
108.615	106470	7456.94	479.078	538.299	538287	381.133	10940.9	10175.4	116418	2.45454e+06	
108.824	106836	7444.81	479.568	538.299	538288	381.313	10955.3	10188.9	116596	2.45454e+06	
109.276	107626	7418.68	480.626	538.299	538288	381.703	10986.6	10218.2	116980	2.45454e+06	
109.729	108413	7392.76	481.674	538.299	538289	382.09	11017.7	10247.5	117362	2.45454e+06	
110.182	109196	7367.06	482.714	538.299	538289	382.476	11048.8	10276.6	117741	2.45454e+06	
111.077	110735	7316.86	484.747	538.299	538290	383.233	11109.8	10333.8	118486	2.45454e+06	
111.972	112261	7267.42	486.75	538.299	538291	383.983	11170.4	10390.6	119224	2.45454e+06	
112.196	112641	7255.18	487.247	538.299	538291	384.17	11185.5	10404.7	119407	2.45454e+06	
112.42	113019	7242.97	487.742	538.299	538291	384.356	11200.6	10418.9	119590	2.45454e+06	
112.644	113398	7230.81	488.236	538.299	538291	384.542	11215.7	10433	119772	2.45454e+06	
112.868	113775	7218.69	488.728	538.299	538291	384.727	11230.7	10447.1	119954	2.45454e+06	
113.091	114152	7206.61	489.219	538.299	538292	384.913	11245.7	10461.1	120135	2.45454e+06	
113.315	114528	7194.57	489.709	538.299	538292	385.098	11260.8	10475.2	120316	2.45454e+06	
113.539	114904	7182.57	490.197	538.299	538292	385.282	11275.8	10489.2	120497	2.45454e+06	
114.012	115694	7157.37	491.223	538.299	538292	385.671	11307.4	10518.8	120877	2.45454e+06	
114.484	116482	7132.33	492.243	538.299	538293	386.058	11338.9	10548.3	121255	2.45454e+06	
114.957	117267	7107.45	493.258	538.299	538293	386.444	11370.4	10577.8	121632	2.45454e+06	
116.415	119672	7031.67	496.358	538.299	538294	387.628	11467.2	10668.3	122784	2.45454e+06	
116.779	120271	7012.94	497.126	538.299	538294	387.922	11491.3	10690.8	123070	2.45454e+06	
117.144	120867	6994.28	497.893	538.299	538294	388.216	11515.4	10713.4	123355	2.45454e+06	
117.508	121463	6975.7	498.657	538.299	538294	388.51	11539.5	10735.9	123639	2.45454e+06	
117.873	122058	6957.19	499.419	538.299	538294	388.803	11563.6	10758.4	123922	2.45454e+06	
118.602	123244	6920.39	500.938	538.299	538295	389.388	11611.7	10803.4	124487	2.45454e+06	
119.331	124426	6883.85	502.451	538.299	538295	389.971	11659.8	10848.3	125049	2.45454e+06	
120.06	125605	6847.56	503.958	538.299	538295	390.553	11708	10893.2	125609	2.45454e+06	
120.789	126781	6811.49	505.461	538.299	538296	391.134	11756.1	10938.1	126167	2.45454e+06	
122.383	129346	6733.34	508.735	538.299	538296	392.404	11861.5	11036.4	127380	2.45454e+06	
123.977	131906	6656.02	512.003	538.299	538296	393.673	11967.4	11135.1	128586	2.45454e+06	
125.571	134467	6579.34	515.272	538.299	538297	394.944	12073.8	11234.2	129788	2.45454e+06	
127.164	137033	6503.15	518.552	538.299	538297	396.219	12181.2	11334.1	130989	2.45454e+06	
129.403	140657	6396.69	523.195	538.299	538298	398.024	12333.8	11476	132676	2.45454e+06	
131.641	144322	6290.47	527.901	538.299	538298	399.851	12489.2	11620.4	134373	2.45454e+06	
133.879	148043	6184.07	532.697	538.299	538298	401.707	12648.1	11767.8	136085	2.45454e+06	
136.118	151839	6077.11	537.608	538.299	538298	403.6	12811.2	11919	137820	2.45454e+06	
138.356	155730	5969.18	542.66	538.299	538298	405.539	12979.2	12074.7	139585	2.45454e+06	
140.594	159736	5859.89	547.883	538.299	538298	407.532	13153.1	12235.6	141389	2.45454e+06	
142.832	163881	5748.83	553.308	538.299	538299	409.588	13333.7	12402.5	143240	2.45454e+06	
145.071	168190	5635.61	558.969	538.299	538299	411.718	13522.1	12576.5	145146	2.45454e+06	
147.309	172691	5519.81	564.902	538.299	538299	413.932	13719.3	12758.4	147118	2.45454e+06	
149.547	177415	5401.02	571.148	538.299	538299	416.242	13926.5	12949.4	149167	2.45454e+06	
151.785	182396	5278.8	577.752	538.299	538299	418.66	14145.2	13150.8	151303	2.45454e+06	
154.024	187675	5152.76	584.763	538.299	538299	421.2	14376.7	13363.8	153540	2.45454e+06	
156.262	193295	5022.47	592.236	538.299	538299	423.876	14622.8	13590	155892	2.45454e+06	
158.5	199307	4887.55	600.23	538.299	538299	426.704	14885	13830.9	158373	2.45454e+06	
160.738	205767	4747.65	608.81	538.299	538299	429.7	15165.4	14088.3	161000	2.45454e+06	
162.977	212739	4602.46	618.043	538.299	538299	432.879	15466	14364	163791	2.45454e+06	
164.78	218779	4481.46	626.008	538.299	538299	435.587	15724.3	14600.9	166173	2.45454e+06	
166.584	225238	4356.85	634.481	538.299	538299	438.433	15998.1	14852	168685	2.45454e+06	
168.388	232162	4228.63	643.499	538.299	538299	441.424	16288.6	15118.2	171338	2.45454e+06	
170.192	239598	4096.92	653.097	538.299	538299	444.568	16596.6	15400.6	174144	2.45454e+06	
171.996	247596	3961.9	663.303	538.299	538299	447.867	16923.1	15700	177112	2.45454e+06	
173.799	256206	3823.9	674.137	538.299	538299	451.324	17268.7	16017	180255	2.45454e+06	
175.245	263585	3711.43	683.282	538.299	538299	454.209	17559.8	16284.2	182906	2.45454e+06	
176.691	271417	3597.63	692.836	538.299	538299	457.192	17863.3	16563	185680	2.45454e+06	
178.137	279725	3482.87	702.791	538.299	538299	460.269	18179.1	16853.4	188579	2.45454e+06	
179.583	288532	3367.55	713.128	538.299	538299	463.434	18506.9	17155.1	191606	2.45454e+06	
181.028	297854	3252.15	723.821	538.299	538299	466.677	18845.7	17467.4	194762	2.45454e+06	
182.474	307706	3137.21	734.832	538.299	538299	469.988	19194.9	17789.6	198045	2.45454e+06	
183.92	318094	3023.27	746.112	538.299	538299	473.354	19552.9	18120.6	201453	2.45454e+06	
185.366	329017	2910.91	757.604	538.299	538299	476.758	19918.3	18459.1	204980	2.45454e+06	
186.53	338195	2821.99	766.963	538.299	538299	479.515	20216.7	18736	207902	2.45454e+06	
187.694	347705	2734.78	776.377	538.299	538299	482.276	20517.6	19015.8	210891	2.45454e+06	
188.858	357533	2649.56	785.801	538.299	538299	485.03	20819.9	19297.3	213941	2.45454e+06	
190.022	367661	2566.61	795.194	538.299	538299	487.766	21122.4	19579.6	217045	2.45454e+06	
191.187	378066	2486.15	804.51	538.299	538299	490.475	21423.8	19861.4	220193	2.45454e+06	
192.616	391180	2391.13	815.779	538.299	538299	493.746	21790.5	20205	224107	2.45454e+06	
194.045	404615	2300.53	826.788	538.299	538299	496.94	22151.4	20544	228056	2.45454e+06	
195.474	418306	2214.61	837.469	538.299	538299	500.04	22504.4	20876.4	232020	2.45454e+06	
196.903	432182	2133.54	847.758	538.299	538299	503.031	22847.4	21200.3	235979	2.45454e+06	
198.332	446170	2057.4	857.602	538.299	538299	505.9	23178.7	21513.8	239912	2.45454e+06	
199.761	460191	1986.21	866.959	538.299	538299	508.637	23496.8	21815.5	243798	2.45454e+06	
201.19	474170	1919.92	875.801	538.299	538299	511.235	23800.5	22104.2	247617	2.45454e+06	
202.619	488032	1858.42	884.109	538.299	538299	513.688	24089	22379.1	251352	2.45454e+06	
204.048	501706	1801.55	891.876	538.299	538299	515.993	24361.7	22639.3	254985	2.45454e+06	
205.478	515127	1749.12	899.101	538.299	538299	518.151	24618.3	22884.6	258502	2.45454e+06	
206.907	528234	1700.91	905.796	538.299	538299	520.164	24858.6	23114.8	261890	2.45454e+06	
208.336	540976	1656.69	911.976	538.299	538299	522.033	25082.9	23330	265139	2.45454e+06	
209.765	553309	1616.2	917.663	538.299	538299	523.765	25291.6	23530.4	268242	2.45454e+06	
211.194	565196	1579.21	922.879	538.299	538299	525.364	25485	23716.4	271192	2.45454e+06	
212.623	576608	1545.45	927.653	538.299	538299	526.838	25663.9	23888.6	273988	2.45454e+06	
214.331	589593	1509.02	932.818	538.299	538299	528.443	25859.5	24077.1	277123	2.45454e+06	
216.039	601846	1476.47	937.439	538.299	538299	529.891	26036.5	24247.9	280036	2.45454e+06	
217.746	613355	1447.42	941.567	538.299	538299	531.193	26196.3	24402.2	282730	2.45454e+06	
219.454	624121	1421.52	945.248	538.299	538299	532.362	26340.1	24541.2	285211	2.45454e+06	
221.162	634154	1398.45	948.526	538.299	538299	533.41	26469.4	24666.3	287489	2.45454e+06	
222.87	643469	1377.91	951.442	538.299	538299	534.348	26585.4	24778.5	289573	2.45454e+06	
224.578	652092	1359.64	954.035	538.299	538299	535.187	26689.4	24879.1	291473	2.45454e+06	
226.286	660049	1343.38	956.339	538.299	538299	535.936	26782.4	24969.2	293202	2.45454e+06	
227.993	667373	1328.92	958.386	538.299	538299	536.604	26865.6	25049.8	294771	2.45454e+06	
229.874	674747	1314.84	960.377	538.299	538299	537.257	26947.1	25128.7	296328	2.45454e+06	
231.756	681441	1302.46	962.124	538.299	538299	537.833	27019	25198.4	297720	2.45454e+06	
233.637	687502	1291.58	963.658	538.299	538299	538.34	27082.4	25259.9	298963	2.45454e+06	
235.518	692978	1282.02	965.004	538.299	538299	538.787	27138.3	25314.1	300070	2.45454e+06	
237.399	697916	1273.61	966.185	538.299	538299	539.18	27187.7	25361.9	301055	2.45454e+06	
239.28	702360	1266.22	967.223	538.299	538299	539.526	27231.2	25404.1	301929	2.45454e+06	
241.786	707586	1257.73	968.413	538.299	538299	539.924	27281.2	25452.6	302943	2.45454e+06	
244.291	712106	1250.57	969.415	538.299	538299	540.261	27323.5	25493.6	303807	2.45454e+06	
246.796	716007	1244.53	970.259	538.299	538299	540.545	27359.3	25528.3	304541	2.45454e+06	
249.302	719367	1239.43	970.971	538.299	538299	540.785	27389.5	25557.6	305164	2.45454e+06	
251.807	722257	1235.11	971.572	538.299	538299	540.988	27415.1	25582.4	305693	2.45454e+06	
254.313	724737	1231.47	972.08	538.299	538299	541.159	27436.8	25603.4	306142	2.45454e+06	
257.348	727274	1227.79	972.591	538.299	538299	541.332	27458.7	25624.6	306596	2.45454e+06	
260.384	729375	1224.79	973.008	538.299	538299	541.474	27476.5	25641.9	306967	2.45454e+06	
263.42	731114	1222.33	973.349	538.299	538299	541.589	27491.2	25656.1	307271	2.45454e+06	
266.455	732552	1220.32	973.628	538.299	538299	541.684	27503.1	25667.7	307519	2.45454e+06	
269.491	733738	1218.68	973.856	538.299	538299	541.761	27512.9	25677.2	307723	2.45454e+06	
272.527	734718	1217.33	974.043	538.299	538299	541.825	27521	25685	307889	2.45454e+06	
275.563	735525	1216.22	974.196	538.299	538299	541.877	27527.6	25691.3	308025	2.45454e+06	
278.598	736190	1215.32	974.321	538.299	538299	541.92	27533	25696.6	308137	2.45454e+06	
281.634	736737	1214.58	974.424	538.299	538299	541.955	27537.4	25700.9	308229	2.45454e+06	
284.67	737188	1213.97	974.508	538.299	538299	541.983	27541	25704.4	308304	2.45454e+06	
287.706	737559	1213.47	974.577	538.299	538299	542.007	27544	25707.3	308365	2.45454e+06	
290.741	737865	1213.06	974.634	538.299	538299	542.026	27546.5	25709.6	308416	2.45454e+06	
293.777	738116	1212.72	974.68	538.299	538299	542.042	27548.5	25711.6	308457	2.45454e+06	
296.813	738322	1212.44	974.719	538.299	538299	542.055	27550.1	25713.2	308491	2.45454e+06	
299.848	738492	1212.22	974.75	538.299	538299	542.066	27551.5	25714.5	308519	2.45454e+06	
303.587	738660	1211.99	974.781	538.299	538299	542.076	27552.8	25715.8	308546	2.45454e+06	
307.326	738792	1211.82	974.805	538.299	538299	542.084	27553.9	25716.8	308568	2.45454e+06	
311.064	738896	1211.68	974.824	538.299	538299	542.091	27554.7	25717.6	308585	2.45454e+06	
314.803	738977	1211.57	974.839	538.299	538299	542.096	27555.3	25718.2	308598	2.45454e+06	
318.541	739041	1211.48	974.851	538.299	538299	542.1	27555.8	25718.7	308608	2.45454e+06	
323.895	739110	1211.39	974.864	538.299	538299	542.104	27556.4	25719.2	308619	2.45454e+06	
329.249	739158	1211.33	974.873	538.299	538299	542.107	27556.8	25719.6	308627	2.45454e+06	
334.602	739192	1211.28	974.879	538.299	538299	542.11	27557	25719.9	308633	2.45454e+06	
339.956	739216	1211.25	974.883	538.299	538299	542.111	27557.2	25720.1	308637	2.45454e+06	
345.31	739234	1211.23	974.886	538.299	538299	542.112	27557.4	25720.2	308639	2.45454e+06	
350.663	739246	1211.21	974.889	538.299	538299	542.113	27557.5	25720.3	308641	2.45454e+06	
358.379	739257	1211.2	974.891	538.299	538299	542.114	27557.6	25720.4	308643	2.45454e+06	
366.096	739264	1211.19	974.892	538.299	538299	542.114	27557.6	25720.4	308644	2.45454e+06	
373.812	739268	1211.18	974.893	538.299	538299	542.114	27557.6	25720.5	308645	2.45454e+06	
381.528	739271	1211.18	974.893	538.299	538299	542.114	27557.7	25720.5	308646	2.45454e+06	
389.244	739273	1211.18	974.894	538.299	538299	542.115	27557.7	25720.5	308646	2.45454e+06	
396.96	739274	1211.18	974.894	538.299	538299	542.115	27557.7	25720.5	308646	2.45454e+06	
409.546	739274	1211.17	974.894	538.299	538299	542.115	27557.7	25720.5	308646	2.45454e+06	
422.131	739274	1211.17	974.894	538.299	538299	542.115	27557.7	25720.5	308646	2.45454e+06	
434.717	739275	1211.17	974.894	538.299	538299	542.115	27557.7	25720.5	308646	2.45454e+06	
447.302	739275	1211.17	974.894	538.299	538299	542.115	27557.7	25720.5	308646	2.45454e+06	
459.888	739275	1211.17	974.894	538.299	538299	542.115	27557.7	25720.5	308646	2.45454e+06	
472.473	739275	1211.17	974.894	538.299	538299	542.115	27557.7	25720.5	308646	2.45454e+06	
493.617	739275	1211.17	974.894	538.299	538299	542.115	27557.7	25720.5	308646	2.45454e+06	
500	739275	1211.17	974.894	538.299	538299	542.115	27557.7	25720.5	308646	2.45454e+06	
