# Time	[Z]	[mu2]	[mZ]	[mF]	[F]	[mP]	[PE]	[PG]	[PM]	[STAT]	
0	718037	1296.33	964.528	60	60000	140.773	7082.76	6610.58	79326.9	40339.9	
1e-09	718037	1296.33	964.528	60	60000	140.773	7082.76	6610.58	79326.9	40339.9	
2e-09	718037	1296.33	964.528	60	60000	140.773	7082.76	6610.58	79326.9	40339.9	
1.0002e-05	718037	1296.33	964.527	60	60000	140.773	7082.76	6610.58	79326.9	40339.9	
2.0002e-05	718037	1296.34	964.526	60	60000	140.773	7082.76	6610.58	79326.9	40339.9	
3.0002e-05	718037	1296.34	964.525	60	60000	140.773	7082.76	6610.58	79326.9	40339.9	
0.000130002	718037	1296.34	964.514	60	60000	140.773	7082.76	6610.58	79326.9	40339.9	
0.000230002	718037	1296.34	964.503	60	60000	140.773	7082.76	6610.58	79326.9	40339.9	
0.000330002	718037	1296.35	964.492	60	60000	140.773	7082.76	6610.58	79326.9	40339.9	
0.00133	718037	1296.38	964.382	60	60000	140.773	7082.76	6610.58	79326.9	40339.9	
0.00233	718037	1296.42	964.272	60	60000	140.773	7082.76	6610.58	79326.9	40339.9	
0.00333	718037	1296.45	964.161	60	60000	140.773	7082.76	6610.58	79326.9	40339.9	
0.00433	718037	1296.49	964.051	60	60000	140.773	7082.76	6610.58	79326.9	40339.9	
0.01433	718036	1296.84	962.954	60	60000	140.773	7082.76	6610.58	79326.9	40339.9	
0.02433	718035	1297.19	961.862	60	60000	140.773	7082.75	6610.58	79326.9	40339.9	
0.03433	718032	1297.54	960.777	60	60000	140.773	7082.73	6610.58	79326.9	40339.9	
0.04433	718029	1297.89	959.697	60	60000	140.772	7082.71	6610.58	79326.9	40339.9	
0.05433	718024	1298.25	958.623	60	60000	140.772	7082.69	6610.58	79326.9	40339.9	
0.15433	717936	1301.77	948.195	60	60000	140.77	7082.2	6610.53	79326.9	40339.9	
0.25433	717768	1305.31	938.316	60	60000	140.766	7081.3	6610.39	79326.9	40339.9	
0.35433	717526	1308.85	928.953	60	60000	140.76	7080.03	6610.1	79326.9	40339.9	
0.45433	717213	1312.39	920.081	60	60000	140.753	7078.45	6609.63	79326.7	40339.9	
0.55433	716835	1315.93	911.672	60	60000	140.744	7076.57	6608.98	79326.5	40339.9	
0.749043	715924	1322.84	896.535	60	60000	140.721	7072.23	6607.13	79325.7	40339.9	
0.943757	714806	1329.75	882.891	60	60000	140.694	7067.11	6604.51	79324.1	40339.9	
1.13847	713507	1336.65	870.586	60	60000	140.661	7061.37	6601.16	79321.5	40339.9	
1.33318	712048	1343.54	859.483	60	60000	140.625	7055.13	6597.14	79317.7	40339.9	
1.5279	710449	1350.41	849.459	60	60000	140.584	7048.48	6592.53	79312.6	40339.9	
1.69619	708967	1356.33	841.579	60	60000	140.547	7042.45	6588.12	79306.9	40339.9	
1.86449	707405	1362.23	834.356	60	60000	140.507	7036.22	6583.36	79299.9	40339.9	
2.03279	705772	1368.11	827.734	60	60000	140.465	7029.8	6578.3	79291.7	40339.9	
2.20108	704075	1373.96	821.657	60	60000	140.421	7023.23	6572.98	79282.2	40339.9	
2.36938	702323	1379.78	816.078	60	60000	140.376	7016.53	6567.43	79271.2	40339.9	
2.55671	700316	1386.23	810.398	60	60000	140.324	7008.95	6561.02	79257.3	40339.9	
2.74403	698258	1392.64	805.223	60	60000	140.27	7001.26	6554.4	79241.7	40339.9	
2.93135	696156	1399.01	800.504	60	60000	140.215	6993.48	6547.61	79224.2	40339.9	
3.11868	694017	1405.34	796.196	60	60000	140.159	6985.63	6540.68	79205	40339.9	
3.306	691848	1411.63	792.257	60	60000	140.101	6977.73	6533.62	79183.9	40339.9	
3.71832	686993	1425.31	784.715	60	60000	139.972	6960.23	6517.78	79131.4	40339.9	
4.13064	682067	1438.78	778.462	60	60000	139.84	6942.67	6501.66	79070.5	40339.9	
4.54296	677108	1452.02	773.235	60	60000	139.706	6925.13	6485.41	79001.6	40339.9	
4.95528	672147	1465.05	768.825	60	60000	139.572	6907.7	6469.12	78925.1	40339.9	
5.3676	667207	1477.85	765.067	60	60000	139.437	6890.43	6452.88	78841.5	40339.9	
5.77992	662305	1490.44	761.829	60	60000	139.303	6873.35	6436.76	78751.2	40339.9	
6.06299	658970	1498.95	759.852	60	60000	139.211	6861.76	6425.77	78685.7	40339.9	
6.34606	655663	1507.37	758.042	60	60000	139.12	6850.28	6414.88	78617.4	40339.9	
6.62913	652387	1515.69	756.377	60	60000	139.029	6838.91	6404.08	78546.6	40339.9	
6.9122	649145	1523.92	754.837	60	60000	138.939	6827.68	6393.39	78473.3	40339.9	
7.19527	645937	1532.06	753.403	60	60000	138.85	6816.56	6382.8	78397.8	40339.9	
7.43979	643196	1539.01	752.239	60	60000	138.774	6807.07	6373.74	78330.8	40339.9	
7.68431	640483	1545.9	751.136	60	60000	138.698	6797.67	6364.77	78262.4	40339.9	
7.92883	637799	1552.72	750.087	60	60000	138.623	6788.36	6355.89	78192.6	40339.9	
8.17334	635143	1559.49	749.085	60	60000	138.548	6779.15	6347.09	78121.4	40339.9	
8.40987	632603	1565.97	748.155	60	60000	138.477	6770.34	6338.67	78051.5	40339.9	
8.6464	630089	1572.4	747.261	60	60000	138.406	6761.61	6330.33	77980.4	40339.9	
8.88292	627604	1578.77	746.398	60	60000	138.336	6752.97	6322.07	77908.4	40339.9	
9.11945	625147	1585.09	745.563	60	60000	138.266	6744.41	6313.89	77835.5	40339.9	
9.69504	619282	1600.26	743.63	60	60000	138.1	6723.95	6294.33	77654.5	40339.9	
10.2706	613580	1615.14	741.813	60	60000	137.937	6703.97	6275.25	77469.2	40339.9	
10.8462	608039	1629.75	740.086	60	60000	137.777	6684.46	6256.61	77280.6	40339.9	
11.4218	602655	1644.11	738.432	60	60000	137.621	6665.4	6238.41	77089.3	40339.9	
11.9974	597424	1658.23	736.836	60	60000	137.468	6646.75	6220.62	76896	40339.9	
12.7579	590739	1676.55	734.8	60	60000	137.27	6622.73	6197.71	76638.5	40339.9	
13.5183	584303	1694.52	732.833	60	60000	137.078	6599.34	6175.44	76379.4	40339.9	
14.2787	578105	1712.16	730.922	60	60000	136.89	6576.56	6153.75	76119.9	40339.9	
15.0392	572133	1729.5	729.059	60	60000	136.706	6554.32	6132.62	75860.7	40339.9	
15.7996	566376	1746.56	727.236	60	60000	136.527	6532.6	6111.99	75602.4	40339.9	
16.2843	562815	1757.3	726.094	60	60000	136.414	6519	6099.09	75438.5	40339.9	
16.769	559334	1767.95	724.965	60	60000	136.303	6505.59	6086.37	75275.4	40339.9	
17.2536	555931	1778.5	723.85	60	60000	136.193	6492.36	6073.82	75113	40339.9	
17.7383	552603	1788.96	722.746	60	60000	136.085	6479.29	6061.44	74951.6	40339.9	
18.0077	550786	1794.73	722.137	60	60000	136.025	6472.1	6054.63	74862.3	40339.9	
18.277	548991	1800.48	721.532	60	60000	135.966	6464.95	6047.86	74773.3	40339.9	
18.5464	547217	1806.21	720.931	60	60000	135.907	6457.86	6041.14	74684.6	40339.9	
19.474	541269	1825.74	718.883	60	60000	135.706	6433.76	6018.34	74381.7	40339.9	
20.4017	535558	1845	716.869	60	60000	135.51	6410.17	5996.04	74083.1	40339.9	
21.3293	530068	1864.02	714.888	60	60000	135.317	6387.04	5974.19	73788.8	40339.9	
21.5612	528729	1868.74	714.397	60	60000	135.269	6381.33	5968.8	73716	40339.9	
21.7932	527403	1873.44	713.908	60	60000	135.222	6375.65	5963.43	73643.4	40339.9	
22.0251	526089	1878.13	713.421	60	60000	135.174	6369.99	5958.09	73571.1	40339.9	
22.257	524787	1882.81	712.936	60	60000	135.127	6364.36	5952.77	73499.1	40339.9	
22.4319	523813	1886.33	712.571	60	60000	135.092	6360.12	5948.78	73445	40339.9	
22.6069	522846	1889.84	712.207	60	60000	135.056	6355.91	5944.8	73391	40339.9	
22.7818	521886	1893.35	711.844	60	60000	135.021	6351.7	5940.83	73337.2	40339.9	
23.5476	517761	1908.6	710.266	60	60000	134.868	6333.46	5923.62	73103.6	40339.9	
24.3133	513757	1923.73	708.704	60	60000	134.717	6315.47	5906.66	72873.1	40339.9	
25.0791	509868	1938.73	707.159	60	60000	134.568	6297.72	5889.93	72645.7	40339.9	
25.8449	506088	1953.62	705.629	60	60000	134.421	6280.2	5873.42	72421.3	40339.9	
26.1002	504850	1958.56	705.122	60	60000	134.372	6274.4	5867.96	72347.2	40339.9	
26.3556	503624	1963.49	704.617	60	60000	134.323	6268.63	5862.52	72273.3	40339.9	
26.611	502409	1968.41	704.113	60	60000	134.275	6262.88	5857.11	72199.8	40339.9	
26.987	500640	1975.63	703.374	60	60000	134.204	6254.46	5849.18	72092.2	40339.9	
27.363	498893	1982.83	702.638	60	60000	134.133	6246.08	5841.29	71985.3	40339.9	
27.7391	497169	1990	701.905	60	60000	134.062	6237.76	5833.45	71879	40339.9	
29.1318	490970	2016.38	699.218	60	60000	133.805	6207.31	5804.8	71491.4	40339.9	
30.5244	485044	2042.48	696.569	60	60000	133.551	6177.44	5776.71	71112.7	40339.9	
30.8726	483602	2048.96	695.913	60	60000	133.488	6170.06	5769.77	71019.4	40339.9	
31.2208	482175	2055.43	695.259	60	60000	133.426	6162.71	5762.86	70926.6	40339.9	
31.5689	480763	2061.89	694.607	60	60000	133.364	6155.39	5755.98	70834.3	40339.9	
31.9171	479365	2068.33	693.957	60	60000	133.302	6148.11	5749.13	70742.5	40339.9	
32.2259	478137	2074.03	693.382	60	60000	133.247	6141.67	5743.09	70661.5	40339.9	
32.5347	476920	2079.72	692.809	60	60000	133.192	6135.26	5737.06	70580.9	40339.9	
32.8434	475714	2085.41	692.237	60	60000	133.138	6128.87	5731.06	70500.6	40339.9	
33.3322	473826	2094.38	691.335	60	60000	133.052	6118.8	5721.6	70374.4	40339.9	
33.8209	471963	2103.33	690.437	60	60000	132.966	6108.79	5712.19	70249.2	40339.9	
34.3096	470124	2112.26	689.542	60	60000	132.881	6098.83	5702.84	70124.8	40339.9	
35.8694	464412	2140.63	686.709	60	60000	132.611	6067.38	5673.32	69733.6	40339.9	
37.4293	458916	2168.83	683.906	60	60000	132.345	6036.4	5644.26	69350.7	40339.9	
37.8192	457573	2175.86	683.21	60	60000	132.279	6028.73	5637.06	69256.2	40339.9	
38.2092	456243	2182.88	682.516	60	60000	132.213	6021.08	5629.88	69162.2	40339.9	
38.5991	454924	2189.89	681.823	60	60000	132.148	6013.45	5622.73	69068.6	40339.9	
38.9891	453616	2196.9	681.131	60	60000	132.082	6005.85	5615.6	68975.5	40339.9	
39.2282	452820	2201.19	680.708	60	60000	132.042	6001.2	5611.24	68918.6	40339.9	
39.4673	452028	2205.49	680.285	60	60000	132.002	5996.56	5606.89	68861.8	40339.9	
39.7065	451239	2209.78	679.863	60	60000	131.962	5991.93	5602.55	68805.3	40339.9	
39.9658	450389	2214.43	679.405	60	60000	131.919	5986.91	5597.85	68744.1	40339.9	
40.2251	449543	2219.08	678.949	60	60000	131.875	5981.91	5593.16	68683.2	40339.9	
40.4844	448702	2223.72	678.493	60	60000	131.832	5976.92	5588.47	68622.4	40339.9	
41.9996	443872	2250.86	675.838	60	60000	131.581	5947.9	5561.29	68270.6	40339.9	
43.5148	439179	2277.97	673.198	60	60000	131.331	5919.16	5534.37	67924.4	40339.9	
43.8936	438026	2284.75	672.54	60	60000	131.269	5912.01	5527.68	67838.6	40339.9	
44.2724	436880	2291.54	671.883	60	60000	131.207	5904.87	5521	67753.2	40339.9	
44.6513	435741	2298.32	671.227	60	60000	131.145	5897.75	5514.33	67668	40339.9	
45.0301	434610	2305.11	670.571	60	60000	131.083	5890.64	5507.68	67583.2	40339.9	
45.3672	433608	2311.16	669.988	60	60000	131.028	5884.32	5501.77	67507.9	40339.9	
45.7044	432613	2317.21	669.405	60	60000	130.973	5878.01	5495.86	67432.8	40339.9	
46.0415	431622	2323.26	668.823	60	60000	130.918	5871.71	5489.97	67357.9	40339.9	
46.4761	430352	2331.07	668.072	60	60000	130.847	5863.6	5482.38	67261.7	40339.9	
46.9108	429091	2338.88	667.323	60	60000	130.777	5855.5	5474.81	67165.8	40339.9	
47.3454	427838	2346.71	666.573	60	60000	130.706	5847.41	5467.24	67070.3	40339.9	
49.3674	422107	2383.25	663.09	60	60000	130.377	5809.91	5432.19	66629.6	40339.9	
49.8729	420697	2392.43	662.22	60	60000	130.295	5800.56	5423.45	66520.3	40339.9	
50.3784	419297	2401.63	661.349	60	60000	130.213	5791.21	5414.72	66411.4	40339.9	
50.8839	417904	2410.85	660.478	60	60000	130.131	5781.88	5406	66302.7	40339.9	
51.3894	416520	2420.1	659.607	60	60000	130.049	5772.54	5397.28	66194.4	40339.9	
51.6021	415940	2423.99	659.24	60	60000	130.014	5768.61	5393.62	66148.9	40339.9	
51.8149	415361	2427.9	658.873	60	60000	129.98	5764.69	5389.95	66103.4	40339.9	
52.0276	414783	2431.8	658.506	60	60000	129.945	5760.76	5386.28	66058	40339.9	
52.2417	414203	2435.74	658.136	60	60000	129.91	5756.81	5382.59	66012.3	40339.9	
52.4557	413625	2439.68	657.767	60	60000	129.875	5752.86	5378.91	65966.7	40339.9	
52.6697	413048	2443.63	657.397	60	60000	129.84	5748.91	5375.22	65921.2	40339.9	
54.4117	408395	2475.94	654.382	60	60000	129.556	5716.74	5345.2	65551.8	40339.9	
54.8472	407243	2484.08	653.626	60	60000	129.485	5708.69	5337.69	65459.8	40339.9	
55.2827	406095	2492.24	652.869	60	60000	129.413	5700.63	5330.18	65367.9	40339.9	
55.7182	404952	2500.43	652.111	60	60000	129.342	5692.57	5322.66	65276.1	40339.9	
56.5892	402677	2516.91	650.591	60	60000	129.199	5676.42	5307.6	65092.8	40339.9	
57.4601	400416	2533.5	649.066	60	60000	129.055	5660.24	5292.52	64909.9	40339.9	
58.3311	398167	2550.23	647.534	60	60000	128.91	5644.01	5277.4	64727.1	40339.9	
59.2021	395931	2567.1	645.996	60	60000	128.765	5627.73	5262.24	64544.5	40339.9	
61.0166	391304	2602.75	642.767	60	60000	128.46	5593.62	5230.48	64164	40339.9	
62.8311	386711	2639.14	639.498	60	60000	128.152	5559.18	5198.43	63783	40339.9	
64.6455	382142	2676.39	636.184	60	60000	127.838	5524.34	5166.03	63400.7	40339.9	
66.46	377587	2714.58	632.816	60	60000	127.52	5489.02	5133.21	63016.2	40339.9	
68.548	372349	2759.86	628.866	60	60000	127.145	5447.69	5094.82	62570	40339.9	
70.6359	367101	2806.74	624.825	60	60000	126.762	5405.5	5055.66	62118.7	40339.9	
72.7239	361829	2855.43	620.679	60	60000	126.368	5362.31	5015.61	61660.8	40339.9	
74.8119	356518	2906.15	616.415	60	60000	125.962	5317.98	4974.52	61195.2	40339.9	
76.8999	351154	2959.17	612.019	60	60000	125.542	5272.35	4932.27	60720.2	40339.9	
79.2356	345071	3021.56	606.925	60	60000	125.054	5219.58	4883.44	60176	40339.9	
81.5713	338881	3087.62	601.623	60	60000	124.544	5164.73	4832.72	59616	40339.9	
83.907	332562	3157.89	596.086	60	60000	124.009	5107.54	4779.88	59037.7	40339.9	
86.2426	326092	3232.94	590.287	60	60000	123.447	5047.71	4724.64	58438.5	40339.9	
88.5783	319448	3313.48	584.196	60	60000	122.852	4984.91	4666.71	57815.5	40339.9	
90.914	312605	3400.28	577.78	60	60000	122.222	4918.78	4605.75	57165.6	40339.9	
92.8352	306810	3477.01	572.236	60	60000	121.675	4861.63	4553.09	56608.4	40339.9	
94.7564	300850	3559.18	566.427	60	60000	121.097	4801.73	4497.95	56028.7	40339.9	
96.6776	294711	3647.43	560.334	60	60000	120.486	4738.85	4440.08	55424.2	40339.9	
98.5988	288379	3742.51	553.934	60	60000	119.84	4672.73	4379.25	54792.6	40339.9	
100.52	281839	3845.24	547.207	60	60000	119.154	4603.1	4315.23	54131.4	40339.9	
102.441	275078	3956.56	540.131	60	60000	118.425	4529.69	4247.75	53438	40339.9	
104.362	268085	4077.49	532.686	60	60000	117.649	4452.23	4176.56	52709.8	40339.9	
106.283	260848	4209.19	524.857	60	60000	116.822	4370.47	4101.43	51943.8	40339.9	
108.205	253360	4352.89	516.631	60	60000	115.941	4284.18	4022.13	51137.3	40339.9	
110.126	245616	4509.95	508.003	60	60000	115.002	4193.18	3938.47	50287.7	40339.9	
111.705	239060	4650.03	500.612	60	60000	114.185	4114.77	3866.36	49555.4	40339.9	
113.284	232333	4800.88	492.959	60	60000	113.324	4033.08	3791.19	48791	40339.9	
114.863	225442	4963.31	485.056	60	60000	112.42	3948.14	3712.98	47993.6	40339.9	
116.127	219809	5102.3	478.559	60	60000	111.664	3877.82	3648.17	47330.5	40339.9	
117.392	214083	5249.56	471.928	60	60000	110.88	3805.57	3581.53	46645.7	40339.9	
118.657	208272	5405.4	465.181	60	60000	110.068	3731.53	3513.15	45939.1	40339.9	
119.922	202387	5570.07	458.34	60	60000	109.23	3655.85	3443.19	45211.1	40339.9	
121.187	196440	5743.73	451.428	60	60000	108.367	3578.76	3371.81	44462.2	40339.9	
122.451	190446	5926.43	444.472	60	60000	107.482	3500.49	3299.23	43693.4	40339.9	
123.716	184419	6118.13	437.502	60	60000	106.577	3421.36	3225.72	42906	40339.9	
124.981	178378	6318.61	430.549	60	60000	105.654	3341.68	3151.56	42101.4	40339.9	
126.246	172343	6527.53	423.645	60	60000	104.719	3261.82	3077.09	41281.7	40339.9	
127.511	166332	6744.38	416.823	60	60000	103.775	3182.18	3002.66	40449.1	40339.9	
128.776	160366	6968.5	410.113	60	60000	102.827	3103.15	2928.64	39606.5	40339.9	
130.04	154467	7199.05	403.543	60	60000	101.88	3025.14	2855.4	38756.8	40339.9	
131.305	148654	7435.08	397.14	60	60000	100.939	2948.54	2783.32	37903.2	40339.9	
132.57	142949	7675.53	390.922	60	60000	100.008	2873.73	2712.76	37049.2	40339.9	
133.835	137368	7919.23	384.908	60	60000	99.0934	2801.04	2644.04	36198.3	40339.9	
135.1	131930	8164.96	379.106	60	60000	98.1985	2730.77	2577.45	35354.2	40339.9	
136.365	126649	8411.52	373.523	60	60000	97.3276	2663.16	2513.26	34520.5	40339.9	
137.629	121538	8657.68	368.16	60	60000	96.4841	2598.41	2451.65	33700.4	40339.9	
138.894	116607	8902.31	363.012	60	60000	95.6709	2536.65	2392.78	32897.2	40339.9	
140.159	111864	9144.34	358.073	60	60000	94.8902	2477.96	2336.74	32113.7	40339.9	
141.424	107316	9382.79	353.332	60	60000	94.1434	2422.38	2283.6	31352.5	40339.9	
142.689	102964	9616.84	348.775	60	60000	93.4314	2369.89	2233.34	30615.8	40339.9	
143.731	99526.3	9805.97	345.146	60	60000	92.8708	2328.91	2194.06	30028	40339.9	
144.774	96222.8	9991.28	341.625	60	60000	92.3341	2289.95	2156.69	29458.8	40339.9	
145.817	93052.8	10172.5	338.203	60	60000	91.821	2252.95	2121.18	28908.8	40339.9	
146.86	90014.4	10349.5	334.87	60	60000	91.331	2217.85	2087.48	28378.3	40339.9	
147.902	87105.2	10522	331.619	60	60000	90.8635	2184.57	2055.51	27867.6	40339.9	
148.945	84322.3	10689.9	328.442	60	60000	90.4178	2153.03	2025.21	27376.8	40339.9	
149.988	81662.2	10853.2	325.33	60	60000	89.9932	2123.15	1996.5	26905.9	40339.9	
151.03	79121.1	11012	322.277	60	60000	89.5888	2094.85	1969.29	26454.6	40339.9	
152.073	76695	11166.1	319.277	60	60000	89.2036	2068.03	1943.52	26022.7	40339.9	
153.116	74379.7	11315.7	316.323	60	60000	88.8369	2042.62	1919.11	25609.7	40339.9	
154.159	72170.7	11460.8	313.41	60	60000	88.4875	2018.52	1895.96	25215.3	40339.9	
155.201	70063.6	11601.6	310.534	60	60000	88.1547	1995.67	1874.01	24838.8	40339.9	
156.244	68053.9	11738.1	307.69	60	60000	87.8374	1973.98	1853.19	24479.8	40339.9	
157.287	66137	11870.5	304.875	60	60000	87.5349	1953.37	1833.42	24137.4	40339.9	
158.464	64078.4	12015.3	301.728	60	60000	87.2097	1931.32	1812.27	23770.2	40339.9	
159.642	62126.2	12155.3	298.609	60	60000	86.901	1910.47	1792.27	23422.5	40339.9	
160.819	60274.2	12290.7	295.517	60	60000	86.6074	1890.72	1773.36	23093.3	40339.9	
161.997	58516.4	12421.8	292.448	60	60000	86.3281	1871.99	1755.43	22781.7	40339.9	
163.174	56847.3	12548.7	289.401	60	60000	86.0618	1854.21	1738.42	22486.6	40339.9	
164.352	55261.1	12671.8	286.373	60	60000	85.8077	1837.3	1722.25	22207.1	40339.9	
165.699	53541.2	12808.2	282.931	60	60000	85.5308	1818.93	1704.7	21905.2	40339.9	
167.047	51915.8	12940.1	279.511	60	60000	85.2673	1801.51	1688.08	21621	40339.9	
168.394	50378	13067.9	276.113	60	60000	85.0162	1784.97	1672.31	21353.4	40339.9	
169.742	48921.1	13191.8	272.734	60	60000	84.7763	1769.22	1657.31	21100.9	40339.9	
171.089	47539.2	13312.3	269.374	60	60000	84.5469	1754.2	1643.01	20862.6	40339.9	
172.437	46226.6	13429.5	266.033	60	60000	84.3269	1739.84	1629.35	20637.1	40339.9	
174.023	44763.2	13563.6	262.121	60	60000	84.0789	1723.71	1614.03	20387	40339.9	
175.609	43380.7	13694	258.232	60	60000	83.8418	1708.33	1599.43	20151.9	40339.9	
177.195	42071.8	13820.9	254.364	60	60000	83.6145	1693.63	1585.5	19930.4	40339.9	
178.781	40830.2	13944.8	250.516	60	60000	83.396	1679.55	1572.15	19721.1	40339.9	
180.367	39649.8	14065.9	246.685	60	60000	83.1855	1666.02	1559.35	19523	40339.9	
181.953	38525.2	14184.6	242.87	60	60000	82.9821	1652.98	1547.02	19334.9	40339.9	
183.931	37193.7	14329.5	238.133	60	60000	82.7377	1637.36	1532.26	19113.1	40339.9	
185.909	35932.7	14471.5	233.413	60	60000	82.5021	1622.37	1518.11	18903.7	40339.9	
187.887	34734.8	14611	228.706	60	60000	82.2745	1607.92	1504.48	18705.4	40339.9	
189.865	33593.1	14748.3	224.009	60	60000	82.0538	1593.95	1491.33	18516.7	40339.9	
191.842	32501.5	14884	219.316	60	60000	81.8393	1580.42	1478.59	18336.7	40339.9	
193.82	31454.9	15018.2	214.622	60	60000	81.6302	1567.27	1466.21	18164.2	40339.9	
195.798	30448.4	15151.3	209.924	60	60000	81.4258	1554.46	1454.17	17998.4	40339.9	
197.776	29477.9	15283.6	205.216	60	60000	81.2256	1541.94	1442.41	17838.6	40339.9	
199.753	28539.5	15415.3	200.495	60	60000	81.0291	1529.69	1430.91	17683.9	40339.9	
202.245	27398.2	15580.9	194.524	60	60000	80.786	1514.58	1416.74	17495.7	40339.9	
204.736	26296.8	15746.5	188.518	60	60000	80.547	1499.79	1402.87	17313.8	40339.9	
207.227	25230.3	15912.5	182.473	60	60000	80.3115	1485.26	1389.26	17137.2	40339.9	
209.718	24194.4	16079.4	176.384	60	60000	80.0789	1470.96	1375.86	16965.2	40339.9	
212.209	23185.6	16247.5	170.25	60	60000	79.8485	1456.85	1362.65	16797.1	40339.9	
214.701	22200.9	16417	164.073	60	60000	79.6199	1442.9	1349.6	16632.3	40339.9	
217.656	21060.9	16620.4	156.695	60	60000	79.3507	1426.53	1334.29	16440.4	40339.9	
220.611	19948.5	16826.6	149.276	60	60000	79.083	1410.32	1319.14	16251.8	40339.9	
223.565	18861.9	17035.7	141.836	60	60000	78.8167	1394.27	1304.13	16066	40339.9	
226.52	17800.4	17247.9	134.408	60	60000	78.5517	1378.36	1289.25	15882.5	40339.9	
229.475	16764.3	17463	127.032	60	60000	78.2881	1362.61	1274.52	15701.2	40339.9	
232.43	15754.9	17680.7	119.758	60	60000	78.0264	1347.03	1259.95	15521.8	40339.9	
235.385	14774.5	17900.4	112.645	60	60000	77.7671	1331.67	1245.58	15344.5	40339.9	
237.595	14062.2	18065.5	107.471	60	60000	77.5753	1320.36	1234.98	15213.4	40339.9	
239.804	13369.5	18230.8	102.45	60	60000	77.3858	1309.21	1224.53	15083.6	40339.9	
242.013	12698.1	18395.9	97.6122	60	60000	77.199	1298.26	1214.26	14955.5	40339.9	
244.223	12049.7	18560.3	92.983	60	60000	77.0155	1287.53	1204.2	14829	40339.9	
246.432	11426.2	18723.2	88.5869	60	60000	76.8358	1277.06	1194.37	14704.6	40339.9	
248.642	10829.3	18884.2	84.4445	60	60000	76.6604	1266.88	1184.79	14582.4	40339.9	
250.851	10260.6	19042.5	80.5717	60	60000	76.49	1257.01	1175.51	14462.8	40339.9	
253.06	9721.58	19197.5	76.9797	60	60000	76.325	1247.49	1166.54	14346.1	40339.9	
255.27	9213.2	19348.6	73.6735	60	60000	76.1659	1238.34	1157.91	14232.5	40339.9	
257.042	8828.06	19466.6	71.2279	60	60000	76.0429	1231.28	1151.25	14143.9	40339.9	
258.815	8463.37	19581.4	68.9638	60	60000	75.9242	1224.48	1144.83	14057.7	40339.9	
260.587	8119.18	19692.8	66.8769	60	60000	75.8099	1217.95	1138.65	13973.9	40339.9	
262.36	7795.4	19800.6	64.9609	60	60000	75.7002	1211.7	1132.73	13892.8	40339.9	
262.714	7733.07	19821.7	64.5976	60	60000	75.6788	1210.48	1131.58	13876.9	40339.9	
263.069	7671.55	19842.6	64.2407	60	60000	75.6576	1209.27	1130.44	13861.1	40339.9	
263.423	7610.83	19863.4	63.8903	60	60000	75.6366	1208.08	1129.3	13845.4	40339.9	
263.778	7550.9	19884	63.5462	60	60000	75.6158	1206.89	1128.18	13829.9	40339.9	
264.132	7491.77	19904.5	63.2083	60	60000	75.5951	1205.72	1127.07	13814.4	40339.9	
264.841	7375.88	19945	62.5512	60	60000	75.5544	1203.4	1124.88	13783.9	40339.9	
265.55	7263.13	19984.8	61.9183	60	60000	75.5145	1201.14	1122.73	13753.7	40339.9	
266.259	7153.47	20024	61.309	60	60000	75.4753	1198.91	1120.62	13724.1	40339.9	
266.968	7046.88	20062.6	60.7227	60	60000	75.4368	1196.73	1118.55	13694.9	40339.9	
268.078	6886.07	20121.6	59.8496	60	60000	75.3781	1193.41	1115.4	13650.1	40339.9	
269.188	6732.51	20179	59.0289	60	60000	75.3213	1190.19	1112.35	13606.5	40339.9	
270.298	6586.02	20234.8	58.2581	60	60000	75.2663	1187.08	1109.39	13564.1	40339.9	
271.408	6446.41	20288.9	57.5349	60	60000	75.2131	1184.07	1106.54	13522.8	40339.9	
272.517	6313.48	20341.4	56.8568	60	60000	75.1617	1181.17	1103.78	13482.7	40339.9	
274.054	6140.07	20411.4	55.9878	60	60000	75.0934	1177.33	1100.13	13429.2	40339.9	
275.591	5978.52	20478.4	55.1945	60	60000	75.0285	1173.67	1096.65	13377.8	40339.9	
277.128	5828.24	20542.3	54.471	60	60000	74.9668	1170.2	1093.35	13328.6	40339.9	
278.665	5688.65	20603.1	53.8116	60	60000	74.9082	1166.91	1090.22	13281.7	40339.9	
280.202	5559.15	20661.1	53.211	60	60000	74.8527	1163.8	1087.25	13236.9	40339.9	
282.017	5418.42	20725.8	52.5706	60	60000	74.7909	1160.34	1083.96	13186.6	40339.9	
283.832	5290	20786.7	51.9976	60	60000	74.7331	1157.1	1080.87	13139.3	40339.9	
285.647	5172.99	20843.9	51.485	60	60000	74.679	1154.07	1077.99	13094.7	40339.9	
287.462	5066.49	20897.5	51.0265	60	60000	74.6285	1151.25	1075.3	13052.8	40339.9	
289.277	4969.67	20947.7	50.6163	60	60000	74.5813	1148.62	1072.79	13013.4	40339.9	
291.092	4881.73	20994.7	50.2493	60	60000	74.5374	1146.17	1070.45	12976.5	40339.9	
294.441	4740.31	21073.3	49.6702	60	60000	74.4641	1142.09	1066.55	12914.5	40339.9	
297.205	4641.39	21130.9	49.2733	60	60000	74.4106	1139.11	1063.71	12868.9	40339.9	
299.969	4556.3	21182.7	48.9373	60	60000	74.3628	1136.45	1061.17	12827.8	40339.9	
302.733	4483.17	21229	48.6525	60	60000	74.3202	1134.08	1058.91	12791	40339.9	
305.497	4420.34	21270.4	48.4107	60	60000	74.2821	1131.97	1056.89	12758	40339.9	
308.261	4366.39	21307.3	48.2052	60	60000	74.2483	1130.1	1055.1	12728.4	40339.9	
311.025	4320.05	21340.3	48.0302	60	60000	74.2182	1128.43	1053.5	12702.1	40339.9	
313.823	4279.81	21369.9	47.8794	60	60000	74.1912	1126.93	1052.07	12678.3	40339.9	
316.62	4245.3	21396.2	47.7509	60	60000	74.1672	1125.61	1050.8	12657.1	40339.9	
318.879	4221.05	21415.3	47.661	60	60000	74.1499	1124.65	1049.89	12641.8	40339.9	
320.739	4203.22	21429.6	47.5952	60	60000	74.1369	1123.93	1049.2	12630.2	40339.9	
322.599	4187.1	21442.9	47.5358	60	60000	74.1249	1123.26	1048.56	12619.5	40339.9	
324.46	4172.53	21455.1	47.4823	60	60000	74.1138	1122.65	1047.97	12609.7	40339.9	
326.32	4159.37	21466.4	47.434	60	60000	74.1036	1122.09	1047.43	12600.5	40339.9	
328.18	4147.46	21476.7	47.3904	60	60000	74.0942	1121.57	1046.94	12592.1	40339.9	
330.04	4136.69	21486.3	47.351	60	60000	74.0856	1121.09	1046.48	12584.4	40339.9	
331.9	4126.94	21495.1	47.3154	60	60000	74.0776	1120.65	1046.06	12577.3	40339.9	
333.76	4118.12	21503.2	47.2833	60	60000	74.0703	1120.24	1045.67	12570.7	40339.9	
336.454	4106.8	21513.8	47.242	60	60000	74.0607	1119.72	1045.17	12562.1	40339.9	
339.149	4096.98	21523.2	47.2063	60	60000	74.0523	1119.25	1044.72	12554.4	40339.9	
341.843	4088.47	21531.6	47.1754	60	60000	74.0447	1118.83	1044.32	12547.6	40339.9	
344.538	4081.09	21538.9	47.1486	60	60000	74.0381	1118.46	1043.97	12541.6	40339.9	
347.232	4074.67	21545.5	47.1253	60	60000	74.0322	1118.14	1043.66	12536.3	40339.9	
350.316	4068.35	21552	47.1023	60	60000	74.0263	1117.81	1043.34	12530.9	40339.9	
353.4	4062.96	21557.7	47.0827	60	60000	74.0212	1117.53	1043.07	12526.3	40339.9	
356.485	4058.36	21562.7	47.0661	60	60000	74.0167	1117.28	1042.84	12522.2	40339.9	
359.569	4054.43	21567	47.0518	60	60000	74.0128	1117.07	1042.63	12518.7	40339.9	
362.653	4051.08	21570.8	47.0396	60	60000	74.0095	1116.88	1042.45	12515.6	40339.9	
366.297	4047.73	21574.5	47.0275	60	60000	74.0061	1116.7	1042.27	12512.5	40339.9	
369.941	4044.94	21577.7	47.0173	60	60000	74.0032	1116.54	1042.12	12509.9	40339.9	
373.585	4042.62	21580.5	47.0089	60	60000	74.0007	1116.4	1041.99	12507.7	40339.9	
377.228	4040.68	21582.7	47.0019	60	60000	73.9987	1116.29	1041.89	12505.8	40339.9	
380.872	4039.07	21584.7	46.996	60	60000	73.9969	1116.19	1041.79	12504.2	40339.9	
385.314	4037.45	21586.6	46.9901	60	60000	73.9952	1116.1	1041.7	12502.6	40339.9	
389.756	4036.15	21588.2	46.9854	60	60000	73.9938	1116.02	1041.62	12501.3	40339.9	
394.198	4035.11	21589.5	46.9816	60	60000	73.9926	1115.95	1041.56	12500.2	40339.9	
398.64	4034.27	21590.6	46.9785	60	60000	73.9916	1115.9	1041.51	12499.3	40339.9	
403.082	4033.59	21591.4	46.976	60	60000	73.9909	1115.86	1041.47	12498.6	40339.9	
407.524	4033.04	21592.1	46.974	60	60000	73.9903	1115.82	1041.44	12498.1	40339.9	
414.677	4032.37	21593	46.9716	60	60000	73.9895	1115.78	1041.4	12497.3	40339.9	
421.829	4031.89	21593.6	46.9698	60	60000	73.9889	1115.75	1041.37	12496.8	40339.9	
428.981	4031.56	21594	46.9686	60	60000	73.9885	1115.73	1041.35	12496.5	40339.9	
436.134	4031.31	21594.4	46.9677	60	60000	73.9883	1115.71	1041.33	12496.2	40339.9	
443.286	4031.14	21594.6	46.9671	60	60000	73.988	1115.7	1041.32	12496	40339.9	
450.438	4031.02	21594.7	46.9666	60	60000	73.9879	1115.69	1041.32	12495.9	40339.9	
463.999	4030.88	21594.9	46.9661	60	60000	73.9877	1115.69	1041.31	12495.7	40339.9	
474.725	4030.81	21595	46.9659	60	60000	73.9877	1115.68	1041.3	12495.7	40339.9	
485.451	4030.77	21595.1	46.9657	60	60000	73.9876	1115.68	1041.3	12495.6	40339.9	
496.177	4030.75	21595.1	46.9657	60	60000	73.9876	1115.68	1041.3	12495.6	40339.9	
500	4030.74	21595.1	46.9656	60	60000	73.9876	1115.68	1041.3	12495.6	40339.9	
