# Time	[Z]	[mu2]	[mZ]	[mF]	[F]	[mP]	[PE]	[PG]	[PM]	[STAT]	(R3).Flux	(R4).Flux	(R5).Flux	(R6).Flux	
0	739275	1211.17	974.894	538.299	538299	542.115	27557.7	25720.5	308646	2.45454e+06	1.48834e-10	4.21226e-11	1.1551e-11	6.05587e-11	
1e-09	739275	1211.17	974.894	538.299	538299	542.115	27557.7	25720.5	308646	2.45454e+06	1.48834e-10	4.21226e-11	1.1551e-11	6.05587e-11	
2e-09	739275	1211.17	974.894	538.299	538299	542.115	27557.7	25720.5	308646	2.45454e+06	1.48834e-10	4.21226e-11	1.1551e-11	6.05587e-11	
1.0002e-05	739275	1211.17	974.893	538.299	538299	542.115	27557.7	25720.5	308646	2.45454e+06	1.48834e-10	4.21226e-11	1.1551e-11	6.05587e-11	
2.0002e-05	739275	1211.17	974.892	538.299	538299	542.115	27557.7	25720.5	308646	2.45454e+06	1.48834e-10	4.21226e-11	1.1551e-11	6.05587e-11	
3.0002e-05	739275	1211.17	974.891	538.299	538299	542.115	27557.7	25720.5	308646	2.45454e+06	1.48834e-10	4.21226e-11	1.1551e-11	6.05587e-11	
0.000130002	739275	1211.18	974.88	538.299	538299	542.115	27557.7	25720.5	308646	2.45454e+06	1.48834e-10	4.21223e-11	1.1551e-11	6.05589e-11	
0.000230002	739275	1211.18	974.869	538.299	538299	542.115	27557.7	25720.5	308646	2.45454e+06	1.48834e-10	4.21221e-11	1.15511e-11	6.05591e-11	
0.000330002	739275	1211.19	974.858	538.299	538299	542.115	27557.7	25720.5	308646	2.45454e+06	1.48834e-10	4.21219e-11	1.15511e-11	6.05593e-11	
0.00133	739275	1211.22	974.747	538.299	538299	542.115	27557.7	25720.5	308646	2.45454e+06	1.48834e-10	4.21196e-11	1.15516e-11	6.0561e-11	
0.00233	739275	1211.25	974.637	538.299	538299	542.115	27557.7	25720.5	308646	2.45454e+06	1.48834e-10	4.21174e-11	1.1552e-11	6.05627e-11	
0.00333	739275	1211.29	974.527	538.299	538299	542.115	27557.7	25720.5	308646	2.45454e+06	1.48834e-10	4.21152e-11	1.15524e-11	6.05645e-11	
0.00433	739275	1211.32	974.417	538.299	538299	542.115	27557.7	25720.5	308646	2.45454e+06	1.48834e-10	4.21129e-11	1.15529e-11	6.05662e-11	
0.01433	739274	1211.67	973.319	538.299	538299	542.115	27557.7	25720.5	308646	2.45454e+06	1.48834e-10	4.20907e-11	1.15573e-11	6.05835e-11	
0.02433	739272	1212.02	972.228	538.299	538299	542.114	27557.6	25720.5	308646	2.45454e+06	1.48835e-10	4.20686e-11	1.15617e-11	6.06008e-11	
0.03433	739270	1212.36	971.142	538.299	538299	542.114	27557.6	25720.5	308646	2.45454e+06	1.48835e-10	4.20468e-11	1.1566e-11	6.06181e-11	
0.04433	739266	1212.71	970.062	538.299	538299	542.114	27557.5	25720.5	308646	2.45454e+06	1.48835e-10	4.20251e-11	1.15704e-11	6.06354e-11	
0.05433	739262	1213.05	968.987	538.299	538299	542.114	27557.4	25720.5	308646	2.45454e+06	1.48836e-10	4.20037e-11	1.15748e-11	6.06527e-11	
0.15433	739172	1216.51	958.554	538.299	538299	542.106	27555.5	25720.3	308646	2.45454e+06	1.48846e-10	4.18001e-11	1.16187e-11	6.08257e-11	
0.25433	739001	1219.97	948.664	538.299	538299	542.09	27552.1	25719.8	308646	2.45454e+06	1.48865e-10	4.16156e-11	1.16624e-11	6.09987e-11	
0.35433	738754	1223.43	939.287	538.299	538299	542.068	27547.2	25718.7	308646	2.45454e+06	1.48892e-10	4.14492e-11	1.17059e-11	6.11716e-11	
0.45433	738435	1226.89	930.397	538.299	538299	542.04	27541.1	25716.9	308645	2.45454e+06	1.48927e-10	4.13001e-11	1.17494e-11	6.13443e-11	
0.55433	738049	1230.34	921.967	538.299	538299	542.005	27533.9	25714.4	308645	2.45454e+06	1.4897e-10	4.11673e-11	1.17927e-11	6.15169e-11	
0.748378	737124	1237.02	906.832	538.299	538299	541.921	27517.3	25707.3	308641	2.45454e+06	1.49073e-10	4.09532e-11	1.18763e-11	6.18511e-11	
0.942426	735989	1243.68	893.173	538.299	538299	541.818	27497.9	25697.3	308635	2.45454e+06	1.492e-10	4.07922e-11	1.19594e-11	6.21842e-11	
1.13647	734669	1250.32	880.841	538.299	538299	541.697	27476.1	25684.6	308625	2.45454e+06	1.49349e-10	4.06792e-11	1.20418e-11	6.25159e-11	
1.33052	733187	1256.92	869.702	538.299	538299	541.561	27452.4	25669.3	308611	2.45454e+06	1.49518e-10	4.06095e-11	1.21236e-11	6.28461e-11	
1.52457	731563	1263.49	859.636	538.299	538299	541.411	27427.3	25651.8	308592	2.45454e+06	1.49704e-10	4.0579e-11	1.22048e-11	6.31744e-11	
1.71862	729815	1270.02	850.532	538.299	538299	541.248	27401	25632.4	308566	2.45454e+06	1.49906e-10	4.05839e-11	1.22853e-11	6.35008e-11	
1.91267	727958	1276.5	842.296	538.299	538299	541.075	27373.6	25611.3	308534	2.45454e+06	1.50122e-10	4.06207e-11	1.23651e-11	6.38251e-11	
2.10672	726007	1282.94	834.837	538.299	538299	540.893	27345.5	25588.8	308496	2.45454e+06	1.50352e-10	4.06863e-11	1.24443e-11	6.41472e-11	
2.30076	723976	1289.34	828.078	538.299	538299	540.702	27316.7	25565	308451	2.45454e+06	1.50594e-10	4.07778e-11	1.25227e-11	6.44669e-11	
2.49481	721874	1295.68	821.949	538.299	538299	540.504	27287.4	25540.3	308399	2.45454e+06	1.50847e-10	4.08926e-11	1.26004e-11	6.47841e-11	
2.68886	719714	1301.98	816.384	538.299	538299	540.299	27257.6	25514.7	308340	2.45454e+06	1.5111e-10	4.10283e-11	1.26774e-11	6.50989e-11	
3.08171	715195	1314.56	806.621	538.299	538299	539.869	27196.5	25461	308197	2.45454e+06	1.5167e-10	4.13584e-11	1.28311e-11	6.5728e-11	
3.47456	710535	1326.92	798.541	538.299	538299	539.424	27134.7	25405.4	308026	2.45454e+06	1.52262e-10	4.17501e-11	1.29818e-11	6.63462e-11	
3.86741	705784	1339.06	791.818	538.299	538299	538.967	27072.7	25348.6	307825	2.45454e+06	1.52881e-10	4.21904e-11	1.31295e-11	6.6953e-11	
4.26026	700983	1350.97	786.189	538.299	538299	538.504	27010.8	25291.3	307597	2.45454e+06	1.53523e-10	4.2669e-11	1.32744e-11	6.75486e-11	
4.65311	696163	1362.66	781.443	538.299	538299	538.037	26949.2	25233.8	307342	2.45454e+06	1.54184e-10	4.31771e-11	1.34165e-11	6.81328e-11	
5.04596	691351	1374.12	777.41	538.299	538299	537.569	26888.2	25176.5	307063	2.45454e+06	1.54862e-10	4.37077e-11	1.35558e-11	6.87059e-11	
5.21629	689272	1379.02	775.848	538.299	538299	537.367	26862	25151.7	306934	2.45454e+06	1.55161e-10	4.39432e-11	1.36153e-11	6.89509e-11	
5.38662	687199	1383.88	774.384	538.299	538299	537.164	26835.9	25127.1	306801	2.45454e+06	1.55462e-10	4.41815e-11	1.36744e-11	6.91939e-11	
5.55695	685134	1388.7	773.01	538.299	538299	536.963	26810	25102.5	306665	2.45454e+06	1.55765e-10	4.44222e-11	1.3733e-11	6.94349e-11	
5.72728	683078	1393.48	771.718	538.299	538299	536.762	26784.2	25078.1	306524	2.45454e+06	1.56071e-10	4.46648e-11	1.37911e-11	6.96738e-11	
5.89761	681031	1398.22	770.501	538.299	538299	536.562	26758.6	25053.8	306379	2.45454e+06	1.56379e-10	4.49093e-11	1.38487e-11	6.99108e-11	
6.11721	678407	1404.27	769.032	538.299	538299	536.305	26725.9	25022.6	306187	2.45454e+06	1.56778e-10	4.52265e-11	1.39223e-11	7.02134e-11	
6.33681	675803	1410.26	767.664	538.299	538299	536.049	26693.4	24991.7	305990	2.45454e+06	1.57181e-10	4.55455e-11	1.39951e-11	7.05129e-11	
6.55641	673219	1416.18	766.386	538.299	538299	535.796	26661.3	24961.1	305786	2.45454e+06	1.57586e-10	4.5866e-11	1.40672e-11	7.08092e-11	
6.77601	670656	1422.05	765.189	538.299	538299	535.544	26629.5	24930.7	305578	2.45454e+06	1.57994e-10	4.61875e-11	1.41385e-11	7.11024e-11	
7.04159	667586	1429.06	763.836	538.299	538299	535.242	26591.4	24894.3	305319	2.45454e+06	1.5849e-10	4.65771e-11	1.42239e-11	7.1453e-11	
7.30717	664551	1435.98	762.574	538.299	538299	534.943	26553.9	24858.4	305053	2.45454e+06	1.5899e-10	4.6967e-11	1.43082e-11	7.17992e-11	
7.57275	661551	1442.82	761.393	538.299	538299	534.647	26516.7	24822.8	304781	2.45454e+06	1.59492e-10	4.73568e-11	1.43915e-11	7.21412e-11	
7.83833	658586	1449.58	760.281	538.299	538299	534.354	26480.1	24787.7	304503	2.45454e+06	1.59997e-10	4.77461e-11	1.44739e-11	7.24792e-11	
8.3343	653150	1461.99	758.361	538.299	538299	533.815	26412.9	24723.3	303969	2.45454e+06	1.60945e-10	4.84705e-11	1.46252e-11	7.30997e-11	
8.83026	647843	1474.14	756.61	538.299	538299	533.288	26347.4	24660.5	303419	2.45454e+06	1.619e-10	4.91901e-11	1.47735e-11	7.37069e-11	
9.32623	642668	1486.03	754.992	538.299	538299	532.773	26283.4	24599.1	302855	2.45454e+06	1.6286e-10	4.99038e-11	1.49189e-11	7.43016e-11	
9.82219	637624	1497.69	753.479	538.299	538299	532.268	26220.9	24539.1	302279	2.45454e+06	1.63824e-10	5.06107e-11	1.50615e-11	7.48843e-11	
10.3182	632709	1509.12	752.052	538.299	538299	531.775	26159.9	24480.6	301694	2.45454e+06	1.64792e-10	5.13103e-11	1.52015e-11	7.54558e-11	
11.0344	625836	1525.25	750.111	538.299	538299	531.08	26074.2	24398.5	300835	2.45454e+06	1.66193e-10	5.23072e-11	1.53994e-11	7.62623e-11	
11.7507	619222	1540.96	748.28	538.299	538299	530.407	25991.3	24319.1	299965	2.45454e+06	1.67597e-10	5.3288e-11	1.55925e-11	7.70481e-11	
12.467	612858	1556.3	746.537	538.299	538299	529.754	25910.9	24242.2	299088	2.45454e+06	1.69002e-10	5.42527e-11	1.57812e-11	7.78148e-11	
13.1833	606734	1571.27	744.863	538.299	538299	529.12	25832.9	24167.7	298208	2.45454e+06	1.70407e-10	5.52019e-11	1.59659e-11	7.85637e-11	
13.8995	600840	1585.92	743.246	538.299	538299	528.502	25757.2	24095.3	297328	2.45454e+06	1.71809e-10	5.6136e-11	1.61467e-11	7.92961e-11	
14.7034	594487	1602	741.49	538.299	538299	527.829	25674.6	24016.6	296343	2.45454e+06	1.73379e-10	5.71673e-11	1.63454e-11	8.00998e-11	
15.5073	588399	1617.71	739.786	538.299	538299	527.175	25594.5	23940.2	295365	2.45454e+06	1.74944e-10	5.81814e-11	1.654e-11	8.08855e-11	
16.3112	582560	1633.09	738.128	538.299	538299	526.538	25516.6	23866	294395	2.45454e+06	1.76501e-10	5.91793e-11	1.67308e-11	8.16546e-11	
17.115	576958	1648.16	736.511	538.299	538299	525.917	25440.8	23793.9	293435	2.45454e+06	1.78051e-10	6.01619e-11	1.69179e-11	8.24081e-11	
17.3691	575235	1652.86	736.008	538.299	538299	525.724	25417.2	23771.5	293135	2.45454e+06	1.78539e-10	6.04695e-11	1.69764e-11	8.26432e-11	
17.6232	573533	1657.54	735.508	538.299	538299	525.533	25393.9	23749.3	292835	2.45454e+06	1.79026e-10	6.07756e-11	1.70345e-11	8.28769e-11	
17.8773	571854	1662.18	735.012	538.299	538299	525.343	25370.7	23727.3	292537	2.45454e+06	1.79512e-10	6.10803e-11	1.70923e-11	8.31092e-11	
18.1572	570027	1667.27	734.469	538.299	538299	525.135	25345.4	23703.2	292210	2.45454e+06	1.80046e-10	6.14145e-11	1.71556e-11	8.33636e-11	
18.4372	568226	1672.33	733.93	538.299	538299	524.929	25320.2	23679.4	291884	2.45454e+06	1.80579e-10	6.1747e-11	1.72185e-11	8.36163e-11	
18.7172	566450	1677.35	733.395	538.299	538299	524.725	25295.3	23655.7	291560	2.45454e+06	1.81112e-10	6.20779e-11	1.72811e-11	8.38675e-11	
19.9567	558873	1699.22	731.072	538.299	538299	523.839	25187.5	23553.4	290147	2.45454e+06	1.83451e-10	6.35241e-11	1.75538e-11	8.4961e-11	
21.1962	551734	1720.53	728.815	538.299	538299	522.981	25083.3	23454.6	288769	2.45454e+06	1.85764e-10	6.49414e-11	1.782e-11	8.60264e-11	
22.4356	544996	1741.32	726.62	538.299	538299	522.15	24982.4	23359	287427	2.45454e+06	1.8805e-10	6.63316e-11	1.808e-11	8.70658e-11	
22.7455	543371	1746.44	726.08	538.299	538299	521.946	24957.7	23335.7	287098	2.45454e+06	1.88617e-10	6.66751e-11	1.81441e-11	8.73218e-11	
23.0554	541767	1751.53	725.543	538.299	538299	521.743	24933.2	23312.4	286770	2.45454e+06	1.89182e-10	6.7017e-11	1.82079e-11	8.75764e-11	
23.3652	540186	1756.59	725.01	538.299	538299	521.542	24908.8	23289.4	286445	2.45454e+06	1.89745e-10	6.73573e-11	1.82713e-11	8.78294e-11	
23.6751	538627	1761.62	724.481	538.299	538299	521.342	24884.7	23266.5	286122	2.45454e+06	1.90307e-10	6.76962e-11	1.83343e-11	8.80811e-11	
23.9079	537469	1765.38	724.085	538.299	538299	521.193	24866.7	23249.5	285881	2.45454e+06	1.90727e-10	6.79497e-11	1.83815e-11	8.82692e-11	
24.1407	536323	1769.13	723.691	538.299	538299	521.045	24848.7	23232.5	285641	2.45454e+06	1.91147e-10	6.82025e-11	1.84285e-11	8.84565e-11	
24.3736	535189	1772.86	723.299	538.299	538299	520.897	24830.9	23215.6	285402	2.45454e+06	1.91566e-10	6.84544e-11	1.84753e-11	8.86431e-11	
24.9741	532315	1782.41	722.295	538.299	538299	520.52	24785.3	23172.5	284793	2.45454e+06	1.92641e-10	6.91003e-11	1.85951e-11	8.91207e-11	
25.5745	529513	1791.87	721.304	538.299	538299	520.147	24740.4	23130.1	284191	2.45454e+06	1.93709e-10	6.97407e-11	1.87138e-11	8.95934e-11	
26.175	526781	1801.22	720.323	538.299	538299	519.78	24696.1	23088.2	283598	2.45454e+06	1.9477e-10	7.03759e-11	1.88313e-11	9.00612e-11	
27.5142	520927	1821.75	718.175	538.299	538299	518.976	24599.3	22996.7	282304	2.45454e+06	1.97112e-10	7.1774e-11	1.90894e-11	9.10877e-11	
27.849	519512	1826.82	717.646	538.299	538299	518.778	24575.6	22974.3	281987	2.45454e+06	1.97693e-10	7.21196e-11	1.91531e-11	9.13408e-11	
28.1838	518115	1831.85	717.12	538.299	538299	518.582	24552	22952	281672	2.45454e+06	1.98271e-10	7.24637e-11	1.92164e-11	9.15925e-11	
28.5186	516737	1836.86	716.597	538.299	538299	518.386	24528.6	22929.9	281359	2.45454e+06	1.98848e-10	7.28063e-11	1.92794e-11	9.18429e-11	
28.8534	515376	1841.84	716.078	538.299	538299	518.193	24505.3	22907.9	281049	2.45454e+06	1.99422e-10	7.31475e-11	1.93421e-11	9.2092e-11	
29.2668	513720	1847.96	715.44	538.299	538299	517.955	24476.8	22881	280669	2.45454e+06	2.00128e-10	7.35666e-11	1.94191e-11	9.23978e-11	
29.6802	512090	1854.03	714.807	538.299	538299	517.719	24448.5	22854.3	280293	2.45454e+06	2.00832e-10	7.39836e-11	1.94957e-11	9.27016e-11	
30.0936	510485	1860.07	714.179	538.299	538299	517.485	24420.5	22827.9	279920	2.45454e+06	2.01532e-10	7.43984e-11	1.95717e-11	9.30034e-11	
31.5345	505078	1880.82	712.021	538.299	538299	516.684	24324.7	22737.4	278647	2.45454e+06	2.0395e-10	7.58275e-11	1.98333e-11	9.4041e-11	
32.9754	499942	1901.14	709.914	538.299	538299	515.903	24231.4	22649.5	277413	2.45454e+06	2.06333e-10	7.72315e-11	2.00897e-11	9.50568e-11	
33.3356	498697	1906.15	709.395	538.299	538299	515.711	24208.5	22627.8	277111	2.45454e+06	2.06923e-10	7.75788e-11	2.01529e-11	9.53075e-11	
33.6958	497468	1911.14	708.879	538.299	538299	515.52	24185.7	22606.4	276811	2.45454e+06	2.07512e-10	7.79246e-11	2.02159e-11	9.5557e-11	
34.056	496253	1916.1	708.365	538.299	538299	515.33	24163.1	22585	276513	2.45454e+06	2.08098e-10	7.82689e-11	2.02786e-11	9.58052e-11	
34.4163	495053	1921.04	707.855	538.299	538299	515.141	24140.7	22563.9	276217	2.45454e+06	2.08683e-10	7.86118e-11	2.0341e-11	9.60521e-11	
34.5942	494465	1923.47	707.604	538.299	538299	515.048	24129.6	22553.4	276072	2.45454e+06	2.08971e-10	7.87806e-11	2.03717e-11	9.61737e-11	
34.7722	493881	1925.9	707.353	538.299	538299	514.956	24118.6	22543.1	275927	2.45454e+06	2.09258e-10	7.89492e-11	2.04024e-11	9.62949e-11	
34.9501	493300	1928.32	707.103	538.299	538299	514.863	24107.7	22532.7	275783	2.45454e+06	2.09545e-10	7.91173e-11	2.04329e-11	9.64159e-11	
35.2114	492453	1931.86	706.738	538.299	538299	514.728	24091.6	22517.6	275572	2.45454e+06	2.09966e-10	7.93637e-11	2.04777e-11	9.6593e-11	
35.4727	491614	1935.39	706.374	538.299	538299	514.594	24075.6	22502.5	275363	2.45454e+06	2.10386e-10	7.96092e-11	2.05223e-11	9.67695e-11	
35.734	490781	1938.91	706.011	538.299	538299	514.46	24059.7	22487.6	275154	2.45454e+06	2.10804e-10	7.98541e-11	2.05667e-11	9.69453e-11	
37.272	486015	1959.37	703.904	538.299	538299	513.684	23967.6	22400.7	273950	2.45454e+06	2.13249e-10	8.12811e-11	2.08255e-11	9.79684e-11	
37.6565	484858	1964.42	703.385	538.299	538299	513.493	23945	22379.4	273654	2.45454e+06	2.13855e-10	8.16341e-11	2.08894e-11	9.82211e-11	
38.041	483715	1969.45	702.869	538.299	538299	513.303	23922.5	22358.2	273361	2.45454e+06	2.14459e-10	8.19857e-11	2.0953e-11	9.84725e-11	
38.4255	482584	1974.46	702.355	538.299	538299	513.114	23900.1	22337.1	273070	2.45454e+06	2.15061e-10	8.23358e-11	2.10163e-11	9.87228e-11	
38.81	481466	1979.44	701.844	538.299	538299	512.926	23877.9	22316.2	272782	2.45454e+06	2.15661e-10	8.26846e-11	2.10794e-11	9.89718e-11	
39.0463	480785	1982.49	701.531	538.299	538299	512.811	23864.3	22303.4	272605	2.45454e+06	2.16029e-10	8.28982e-11	2.1118e-11	9.91244e-11	
39.2827	480109	1985.53	701.219	538.299	538299	512.696	23850.8	22290.6	272430	2.45454e+06	2.16396e-10	8.31114e-11	2.11565e-11	9.92765e-11	
39.519	479437	1988.56	700.909	538.299	538299	512.582	23837.3	22277.9	272255	2.45454e+06	2.16763e-10	8.3324e-11	2.11949e-11	9.94281e-11	
40.3143	477209	1998.71	699.871	538.299	538299	512.201	23792.3	22235.5	271672	2.45454e+06	2.17991e-10	8.40358e-11	2.13233e-11	9.99353e-11	
41.1095	475029	2008.76	698.844	538.299	538299	511.825	23747.8	22193.7	271098	2.45454e+06	2.19213e-10	8.47419e-11	2.14506e-11	1.00438e-10	
41.9048	472897	2018.72	697.827	538.299	538299	511.452	23703.9	22152.3	270533	2.45454e+06	2.20427e-10	8.54425e-11	2.15768e-11	1.00936e-10	
42.5901	471095	2027.24	696.96	538.299	538299	511.134	23666.5	22117.1	270052	2.45454e+06	2.21467e-10	8.60421e-11	2.16847e-11	1.01362e-10	
43.2755	469324	2035.69	696.1	538.299	538299	510.819	23629.5	22082.3	269578	2.45454e+06	2.22503e-10	8.66379e-11	2.17919e-11	1.01784e-10	
43.9608	467584	2044.08	695.247	538.299	538299	510.508	23592.8	22047.8	269109	2.45454e+06	2.23534e-10	8.723e-11	2.18982e-11	1.02204e-10	
44.3817	466531	2049.21	694.727	538.299	538299	510.317	23570.4	22026.7	268823	2.45454e+06	2.24165e-10	8.75917e-11	2.19632e-11	1.0246e-10	
44.8025	465488	2054.31	694.21	538.299	538299	510.128	23548.2	22005.8	268540	2.45454e+06	2.24794e-10	8.79522e-11	2.20279e-11	1.02715e-10	
45.2234	464456	2059.39	693.695	538.299	538299	509.94	23526.2	21985.1	268259	2.45454e+06	2.25421e-10	8.83113e-11	2.20923e-11	1.02969e-10	
45.5046	463772	2062.77	693.352	538.299	538299	509.815	23511.5	21971.3	268072	2.45454e+06	2.2584e-10	8.85505e-11	2.21352e-11	1.03139e-10	
45.7857	463093	2066.15	693.011	538.299	538299	509.69	23496.8	21957.5	267886	2.45454e+06	2.26257e-10	8.87891e-11	2.2178e-11	1.03307e-10	
46.0669	462419	2069.51	692.67	538.299	538299	509.566	23482.3	21943.8	267701	2.45454e+06	2.26674e-10	8.90272e-11	2.22207e-11	1.03476e-10	
46.8028	460673	2078.28	691.785	538.299	538299	509.243	23444.4	21908.2	267221	2.45454e+06	2.27762e-10	8.96478e-11	2.23319e-11	1.03914e-10	
47.5388	458958	2086.98	690.906	538.299	538299	508.922	23406.9	21872.9	266747	2.45454e+06	2.28846e-10	9.02647e-11	2.24424e-11	1.04349e-10	
48.2748	457270	2095.63	690.035	538.299	538299	508.605	23369.7	21838	266278	2.45454e+06	2.29926e-10	9.08781e-11	2.25521e-11	1.04782e-10	
49.1755	455241	2106.14	688.977	538.299	538299	508.219	23324.7	21795.7	265712	2.45454e+06	2.31242e-10	9.16241e-11	2.26855e-11	1.05307e-10	
50.0762	453250	2116.57	687.93	538.299	538299	507.838	23280.2	21753.8	265153	2.45454e+06	2.32552e-10	9.23654e-11	2.28179e-11	1.05829e-10	
50.3014	452759	2119.17	687.67	538.299	538299	507.743	23269.1	21743.4	265014	2.45454e+06	2.32879e-10	9.25499e-11	2.28509e-11	1.05959e-10	
50.5266	452269	2121.76	687.41	538.299	538299	507.649	23258.1	21733.1	264876	2.45454e+06	2.33205e-10	9.27342e-11	2.28838e-11	1.06088e-10	
50.7517	451782	2124.35	687.151	538.299	538299	507.554	23247.1	21722.8	264739	2.45454e+06	2.33531e-10	9.29182e-11	2.29167e-11	1.06217e-10	
50.9947	451259	2127.14	686.872	538.299	538299	507.453	23235.3	21711.6	264591	2.45454e+06	2.33883e-10	9.31164e-11	2.2952e-11	1.06357e-10	
51.2377	450738	2129.92	686.593	538.299	538299	507.352	23223.5	21700.6	264444	2.45454e+06	2.34234e-10	9.33143e-11	2.29873e-11	1.06496e-10	
51.4807	450220	2132.69	686.316	538.299	538299	507.251	23211.7	21689.5	264297	2.45454e+06	2.34584e-10	9.35119e-11	2.30226e-11	1.06635e-10	
51.7108	449732	2135.32	686.053	538.299	538299	507.155	23200.6	21679.1	264158	2.45454e+06	2.34916e-10	9.36987e-11	2.30559e-11	1.06766e-10	
51.9408	449246	2137.94	685.791	538.299	538299	507.06	23189.5	21668.6	264020	2.45454e+06	2.35248e-10	9.38852e-11	2.30892e-11	1.06897e-10	
52.1709	448762	2140.55	685.53	538.299	538299	506.965	23178.4	21658.3	263882	2.45454e+06	2.35579e-10	9.40715e-11	2.31224e-11	1.07028e-10	
54.2156	444553	2163.61	683.232	538.299	538299	506.13	23081.3	21567.1	262678	2.45454e+06	2.38512e-10	9.57152e-11	2.34153e-11	1.08181e-10	
56.0711	440868	2184.27	681.181	538.299	538299	505.385	22995	21486	261613	2.45454e+06	2.41157e-10	9.71905e-11	2.36778e-11	1.09214e-10	
57.9265	437299	2204.72	679.16	538.299	538299	504.652	22910.1	21406.4	260573	2.45454e+06	2.43791e-10	9.86521e-11	2.39376e-11	1.10236e-10	
59.782	433834	2224.97	677.166	538.299	538299	503.93	22826.5	21328	259555	2.45454e+06	2.46416e-10	1.00102e-10	2.4195e-11	1.11249e-10	
61.6374	430466	2245.07	675.195	538.299	538299	503.216	22744.2	21250.8	258558	2.45454e+06	2.49036e-10	1.01542e-10	2.44504e-11	1.12253e-10	
63.8156	426622	2268.49	672.909	538.299	538299	502.389	22648.9	21161.6	257411	2.45454e+06	2.5211e-10	1.03222e-10	2.4748e-11	1.13424e-10	
65.9937	422885	2291.76	670.648	538.299	538299	501.571	22554.9	21073.6	256288	2.45454e+06	2.55186e-10	1.04893e-10	2.50439e-11	1.14588e-10	
68.1718	419244	2314.94	668.407	538.299	538299	500.761	22462.1	20986.6	255185	2.45454e+06	2.58269e-10	1.06559e-10	2.53385e-11	1.15747e-10	
70.35	415689	2338.06	666.183	538.299	538299	499.958	22370.1	20900.6	254101	2.45454e+06	2.61365e-10	1.08222e-10	2.56324e-11	1.16903e-10	
72.5281	412210	2361.17	663.972	538.299	538299	499.159	22278.9	20815.4	253033	2.45454e+06	2.64479e-10	1.09885e-10	2.59261e-11	1.18058e-10	
75.7226	407225	2395.11	660.744	538.299	538299	497.994	22146.2	20691.3	251490	2.45454e+06	2.69089e-10	1.12328e-10	2.63574e-11	1.19755e-10	
78.9171	402359	2429.24	657.523	538.299	538299	496.831	22014.2	20568	249969	2.45454e+06	2.73767e-10	1.14787e-10	2.67909e-11	1.21462e-10	
82.1116	397586	2463.69	654.297	538.299	538299	495.667	21882.5	20445	248466	2.45454e+06	2.78532e-10	1.17269e-10	2.72284e-11	1.23185e-10	
85.3061	392885	2498.61	651.055	538.299	538299	494.497	21750.4	20321.8	246972	2.45454e+06	2.83402e-10	1.19784e-10	2.76716e-11	1.2493e-10	
88.5006	388237	2534.13	647.783	538.299	538299	493.316	21617.5	20198	245483	2.45454e+06	2.88401e-10	1.22341e-10	2.81221e-11	1.26707e-10	
91.6951	383621	2570.42	644.471	538.299	538299	492.119	21483.4	20073	243992	2.45454e+06	2.93549e-10	1.24952e-10	2.85821e-11	1.28521e-10	
94.8896	379018	2607.63	641.103	538.299	538299	490.903	21347.4	19946.4	242494	2.45454e+06	2.98875e-10	1.27627e-10	2.90534e-11	1.30382e-10	
98.0841	374411	2645.95	637.668	538.299	538299	489.66	21208.9	19817.6	240983	2.45454e+06	3.04404e-10	1.30378e-10	2.95383e-11	1.32298e-10	
101.897	368881	2693.42	633.459	538.299	538299	488.137	21039.8	19660.4	239154	2.45454e+06	3.11316e-10	1.3378e-10	3.01382e-11	1.34671e-10	
105.709	363287	2743.13	629.104	538.299	538299	486.558	20865.2	19498.3	237286	2.45454e+06	3.18624e-10	1.37334e-10	3.07655e-11	1.37157e-10	
109.522	357598	2795.52	624.575	538.299	538299	484.914	20684.2	19330.2	235368	2.45454e+06	3.26401e-10	1.41069e-10	3.14255e-11	1.39776e-10	
112.677	352794	2841.24	620.672	538.299	538299	483.493	20528.5	19185.8	233733	2.45454e+06	3.33251e-10	1.44318e-10	3.20005e-11	1.42062e-10	
115.833	347882	2889.47	616.605	538.299	538299	482.011	20366.6	19035.8	232049	2.45454e+06	3.40532e-10	1.47734e-10	3.26059e-11	1.44474e-10	
118.988	342841	2940.57	612.352	538.299	538299	480.457	20197.6	18879.3	230305	2.45454e+06	3.48308e-10	1.51339e-10	3.3246e-11	1.47029e-10	
122.143	337648	2994.98	607.887	538.299	538299	478.821	20020.5	18715.4	228493	2.45454e+06	3.56654e-10	1.5516e-10	3.39259e-11	1.49749e-10	
125.299	332280	3053.21	603.181	538.299	538299	477.091	19834.1	18543	226602	2.45454e+06	3.65655e-10	1.59227e-10	3.46515e-11	1.5266e-10	
128.454	326709	3115.83	598.2	538.299	538299	475.254	19637	18360.9	224621	2.45454e+06	3.75411e-10	1.63575e-10	3.54296e-11	1.55792e-10	
131.004	322041	3170.11	593.951	538.299	538299	473.681	19469.1	18205.8	222945	2.45454e+06	3.83925e-10	1.67321e-10	3.61018e-11	1.58506e-10	
133.553	317206	3228.14	589.478	538.299	538299	472.018	19292.5	18042.8	221195	2.45454e+06	3.93081e-10	1.71299e-10	3.68183e-11	1.61407e-10	
136.102	312187	3290.41	584.756	538.299	538299	470.256	19106.1	17870.9	219362	2.45454e+06	4.02963e-10	1.75536e-10	3.75842e-11	1.6452e-10	
138.652	306965	3357.46	579.76	538.299	538299	468.382	18909.1	17689.2	217436	2.45454e+06	4.13665e-10	1.80062e-10	3.84059e-11	1.67873e-10	
141.201	301520	3429.96	574.462	538.299	538299	466.384	18700	17496.6	215407	2.45454e+06	4.25296e-10	1.84911e-10	3.92901e-11	1.71498e-10	
143.751	295831	3508.65	568.829	538.299	538299	464.248	18477.8	17292	213265	2.45454e+06	4.37981e-10	1.90117e-10	4.0245e-11	1.75432e-10	
146.3	289876	3594.39	562.83	538.299	538299	461.956	18241	17074	210997	2.45454e+06	4.5186e-10	1.95723e-10	4.12794e-11	1.79719e-10	
148.418	284710	3671.69	557.542	538.299	538299	459.921	18032.1	16881.8	209006	2.45454e+06	4.64414e-10	2.00714e-10	4.22065e-11	1.83585e-10	
150.536	279330	3755.21	551.955	538.299	538299	457.756	17811.1	16678.5	206911	2.45454e+06	4.78007e-10	2.06038e-10	4.32019e-11	1.8776e-10	
152.654	273722	3845.66	546.047	538.299	538299	455.447	17577	16463.3	204702	2.45454e+06	4.92751e-10	2.11723e-10	4.42726e-11	1.92283e-10	
154.772	267875	3943.89	539.796	538.299	538299	452.983	17328.9	16235.2	202369	2.45454e+06	5.08767e-10	2.17797e-10	4.54262e-11	1.97194e-10	
156.89	261774	4050.8	533.183	538.299	538299	450.348	17065.7	15993.4	199903	2.45454e+06	5.26184e-10	2.24291e-10	4.6671e-11	2.0254e-10	
159.008	255408	4167.41	526.188	538.299	538299	447.53	16786.5	15736.7	197293	2.45454e+06	5.45138e-10	2.31232e-10	4.80154e-11	2.08371e-10	
161.126	248767	4294.84	518.795	538.299	538299	444.514	16490.3	15464.4	194529	2.45454e+06	5.65763e-10	2.38646e-10	4.94683e-11	2.14742e-10	
163.244	241844	4434.3	510.993	538.299	538299	441.285	16176.2	15175.7	191600	2.45454e+06	5.88188e-10	2.46555e-10	5.10384e-11	2.21715e-10	
164.98	235960	4558.42	504.293	538.299	538299	438.473	15905.2	14926.5	189070	2.45454e+06	6.07984e-10	2.53413e-10	5.24179e-11	2.27921e-10	
166.715	229884	4692.18	497.318	538.299	538299	435.504	15621.6	14665.6	186417	2.45454e+06	6.29113e-10	2.60615e-10	5.38856e-11	2.34609e-10	
168.45	223621	4836.32	490.076	538.299	538299	432.373	15325.5	14393	183639	2.45454e+06	6.51605e-10	2.68157e-10	5.54447e-11	2.41816e-10	
169.874	218349	4962.77	483.947	538.299	538299	429.683	15073.4	14160.7	181263	2.45454e+06	6.71071e-10	2.74589e-10	5.67933e-11	2.48139e-10	
171.297	212961	5097.04	477.657	538.299	538299	426.883	14813.2	13920.8	178799	2.45454e+06	6.91441e-10	2.81232e-10	5.82052e-11	2.54852e-10	
172.72	207464	5239.42	471.223	538.299	538299	423.974	14545.4	13673.5	176246	2.45454e+06	7.12679e-10	2.88072e-10	5.96801e-11	2.61971e-10	
174.143	201868	5390.18	464.661	538.299	538299	420.958	14270.4	13419.5	173605	2.45454e+06	7.34729e-10	2.95086e-10	6.12165e-11	2.69509e-10	
175.567	196185	5549.51	457.996	538.299	538299	417.842	13989	13159.1	170879	2.45454e+06	7.57512e-10	3.02251e-10	6.28118e-11	2.77475e-10	
176.99	190427	5717.47	451.25	538.299	538299	414.631	13702	12893.3	168069	2.45454e+06	7.8092e-10	3.09534e-10	6.44624e-11	2.85874e-10	
178.413	184612	5894.05	444.454	538.299	538299	411.336	13410.7	12622.9	165180	2.45454e+06	8.04822e-10	3.16901e-10	6.61631e-11	2.94702e-10	
179.837	178758	6079.07	437.639	538.299	538299	407.968	13116	12349	162219	2.45454e+06	8.29062e-10	3.24309e-10	6.79074e-11	3.03953e-10	
181.26	172883	6272.2	430.837	538.299	538299	404.54	12819.6	12072.9	159192	2.45454e+06	8.53458e-10	3.31716e-10	6.96875e-11	3.1361e-10	
182.683	167010	6472.97	424.082	538.299	538299	401.069	12522.7	11796	156109	2.45454e+06	8.77815e-10	3.39072e-10	7.14944e-11	3.23649e-10	
184.107	161161	6680.73	417.408	538.299	538299	397.572	12227.2	11519.6	152980	2.45454e+06	9.01925e-10	3.46328e-10	7.33183e-11	3.34037e-10	
185.53	155359	6894.67	410.847	538.299	538299	394.068	11934.5	11245.3	149817	2.45454e+06	9.25579e-10	3.53436e-10	7.51484e-11	3.44733e-10	
186.953	149626	7113.82	404.427	538.299	538299	390.578	11646.2	10974.6	146634	2.45454e+06	9.48572e-10	3.60346e-10	7.69737e-11	3.55691e-10	
188.376	143986	7337.12	398.174	538.299	538299	387.121	11364	10708.9	143443	2.45454e+06	9.70716e-10	3.67013e-10	7.87833e-11	3.66856e-10	
189.555	139399	7524.36	393.137	538.299	538299	384.296	11135.9	10493.8	140806	2.45454e+06	9.88294e-10	3.72321e-10	8.02625e-11	3.76218e-10	
190.734	134901	7712.93	388.237	538.299	538299	381.518	10913.7	10283.7	138183	2.45454e+06	1.0051e-09	3.77412e-10	8.17181e-11	3.85647e-10	
191.913	130503	7902.12	383.482	538.299	538299	378.796	10697.9	10079.5	135582	2.45454e+06	1.02106e-09	3.82268e-10	8.31446e-11	3.95106e-10	
193.092	126215	8091.22	378.876	538.299	538299	376.14	10489.2	9881.6	133012	2.45454e+06	1.03614e-09	3.86872e-10	8.45375e-11	4.04561e-10	
194.271	122043	8279.54	374.42	538.299	538299	373.556	10288	9690.51	130480	2.45454e+06	1.05029e-09	3.91212e-10	8.58929e-11	4.13977e-10	
195.45	117995	8466.4	370.113	538.299	538299	371.051	10094.6	9506.59	127994	2.45454e+06	1.06352e-09	3.95277e-10	8.72073e-11	4.2332e-10	
196.629	114077	8651.21	365.953	538.299	538299	368.63	9909.33	9330.1	125561	2.45454e+06	1.07582e-09	3.99061e-10	8.84781e-11	4.3256e-10	
197.808	110292	8833.39	361.936	538.299	538299	366.299	9732.22	9161.2	123186	2.45454e+06	1.0872e-09	4.02558e-10	8.97034e-11	4.41669e-10	
199.133	106200	9034.51	357.583	538.299	538299	363.785	9542.88	8980.41	120593	2.45454e+06	1.09894e-09	4.06148e-10	9.10254e-11	4.51726e-10	
200.459	102283	9231.06	353.393	538.299	538299	361.389	9363.88	8809.31	118086	2.45454e+06	1.1096e-09	4.09375e-10	9.22871e-11	4.61553e-10	
201.785	98542.8	9422.53	349.357	538.299	538299	359.111	9195.04	8647.76	115672	2.45454e+06	1.11924e-09	4.12242e-10	9.34885e-11	4.71126e-10	
203.111	94978.3	9608.5	345.464	538.299	538299	356.951	9036.07	8495.54	113354	2.45454e+06	1.12793e-09	4.14756e-10	9.46301e-11	4.80425e-10	
204.437	91587.2	9788.68	341.702	538.299	538299	354.905	8886.63	8352.35	111135	2.45454e+06	1.13574e-09	4.16928e-10	9.5713e-11	4.89434e-10	
205.919	87998.8	9982.94	337.64	538.299	538299	352.751	8730.39	8202.57	108774	2.45454e+06	1.14351e-09	4.18963e-10	9.6856e-11	4.99147e-10	
207.4	84616.4	10169.6	333.714	538.299	538299	350.731	8584.89	8063.04	106538	2.45454e+06	1.15038e-09	4.20603e-10	9.79309e-11	5.08478e-10	
208.882	81432.4	10348.5	329.909	538.299	538299	348.839	8449.47	7933.15	104426	2.45454e+06	1.15644e-09	4.21868e-10	9.8941e-11	5.17426e-10	
210.363	78438.6	10519.9	326.214	538.299	538299	347.067	8323.45	7812.27	102435	2.45454e+06	1.16178e-09	4.22781e-10	9.989e-11	5.25993e-10	
211.845	75625.9	10683.8	322.618	538.299	538299	345.408	8206.16	7699.77	100563	2.45454e+06	1.16648e-09	4.23363e-10	1.00781e-10	5.34188e-10	
213.327	72984.7	10840.4	319.111	538.299	538299	343.855	8096.92	7595.03	98804.2	2.45454e+06	1.17063e-09	4.23638e-10	1.01619e-10	5.42021e-10	
215.019	70165.5	11010.8	315.204	538.299	538299	342.201	7981.2	7484.1	96928.5	2.45454e+06	1.17477e-09	4.23606e-10	1.02515e-10	5.50542e-10	
216.711	67543.1	11172.6	311.393	538.299	538299	340.665	7874.26	7381.64	95187	2.45454e+06	1.17835e-09	4.23237e-10	1.03352e-10	5.58631e-10	
218.403	65103.3	11326.2	307.669	538.299	538299	339.235	7775.27	7286.86	93571.3	2.45454e+06	1.18147e-09	4.22565e-10	1.04133e-10	5.66311e-10	
220.096	62832.4	11472.2	304.026	538.299	538299	337.904	7683.46	7199	92072.6	2.45454e+06	1.18419e-09	4.21621e-10	1.04865e-10	5.73609e-10	
221.788	60717.3	11611	300.459	538.299	538299	336.66	7598.12	7117.41	90682.5	2.45454e+06	1.18655e-09	4.20434e-10	1.05551e-10	5.8055e-10	
223.48	58745.4	11743.2	296.962	538.299	538299	335.497	7518.62	7041.45	89392.5	2.45454e+06	1.18863e-09	4.19033e-10	1.06196e-10	5.87159e-10	
225.538	56523.9	11895.7	292.801	538.299	538299	334.181	7428.98	6955.88	87947.3	2.45454e+06	1.19081e-09	4.17077e-10	1.0693e-10	5.94783e-10	
227.596	54477.4	12039.9	288.735	538.299	538299	332.96	7346.19	6876.93	86624.5	2.45454e+06	1.19268e-09	4.14882e-10	1.07614e-10	6.01993e-10	
229.654	52588.4	12176.6	284.758	538.299	538299	331.824	7269.45	6803.83	85411.3	2.45454e+06	1.19429e-09	4.12485e-10	1.08254e-10	6.08828e-10	
231.711	50840.6	12306.5	280.869	538.299	538299	330.762	7198.04	6735.88	84296.2	2.45454e+06	1.19569e-09	4.09918e-10	1.08856e-10	6.15324e-10	
233.769	49219.5	12430.3	277.062	538.299	538299	329.768	7131.35	6672.48	83268.4	2.45454e+06	1.19691e-09	4.07209e-10	1.09422e-10	6.21513e-10	
235.827	47712.1	12548.5	273.334	538.299	538299	328.833	7068.85	6613.12	82318.5	2.45454e+06	1.19797e-09	4.04381e-10	1.09957e-10	6.27426e-10	
237.885	46306.6	12661.8	269.681	538.299	538299	327.951	7010.07	6557.34	81437.8	2.45454e+06	1.1989e-09	4.01454e-10	1.10464e-10	6.33088e-10	
239.943	44992.7	12770.5	266.101	538.299	538299	327.116	6954.59	6504.75	80618.6	2.45454e+06	1.19973e-09	3.98445e-10	1.10947e-10	6.38524e-10	
242	43761.1	12875.1	262.588	538.299	538299	326.323	6902.07	6455.01	79854.3	2.45454e+06	1.20046e-09	3.95367e-10	1.11406e-10	6.43757e-10	
244.578	42321.3	13001.1	258.277	538.299	538299	325.383	6839.96	6396.24	78964.9	2.45454e+06	1.20126e-09	3.91429e-10	1.11954e-10	6.50055e-10	
247.157	40983.3	13122	254.06	538.299	538299	324.495	6781.47	6340.95	78141.8	2.45454e+06	1.20197e-09	3.87418e-10	1.12474e-10	6.56098e-10	
249.735	39734.4	13238.4	249.927	538.299	538299	323.653	6726.15	6288.7	77376.3	2.45454e+06	1.20258e-09	3.83345e-10	1.1297e-10	6.61918e-10	
252.313	38564	13350.8	245.87	538.299	538299	322.85	6673.6	6239.11	76660.7	2.45454e+06	1.20313e-09	3.79219e-10	1.13444e-10	6.67541e-10	
254.891	37462.5	13459.8	241.883	538.299	538299	322.083	6623.49	6191.87	75988.8	2.45454e+06	1.20361e-09	3.75046e-10	1.13899e-10	6.72991e-10	
257.469	36421.8	13565.8	237.956	538.299	538299	321.346	6575.53	6146.69	75354.8	2.45454e+06	1.20404e-09	3.70829e-10	1.14338e-10	6.78291e-10	
260.344	35324.4	13681	233.639	538.299	538299	320.557	6524.28	6098.45	74686.9	2.45454e+06	1.20447e-09	3.66076e-10	1.1481e-10	6.84048e-10	
263.219	34285	13793.3	229.377	538.299	538299	319.798	6475.07	6052.17	74054.7	2.45454e+06	1.20485e-09	3.61269e-10	1.15266e-10	6.89666e-10	
266.094	33296.2	13903.3	225.159	538.299	538299	319.064	6427.65	6007.6	73453.3	2.45454e+06	1.2052e-09	3.56405e-10	1.15708e-10	6.95167e-10	
268.968	32351.5	14011.4	220.975	538.299	538299	318.352	6381.78	5964.52	72878.7	2.45454e+06	1.20551e-09	3.51481e-10	1.16138e-10	7.00572e-10	
271.843	31445.3	14118	216.815	538.299	538299	317.659	6337.24	5922.72	72327.2	2.45454e+06	1.20579e-09	3.4649e-10	1.16559e-10	7.05901e-10	
274.718	30572.5	14223.4	212.669	538.299	538299	316.982	6293.85	5882.03	71795.7	2.45454e+06	1.20604e-09	3.41425e-10	1.16971e-10	7.11169e-10	
277.593	29728.8	14327.9	208.528	538.299	538299	316.319	6251.45	5842.28	71281.6	2.45454e+06	1.20628e-09	3.36279e-10	1.17376e-10	7.16393e-10	
280.468	28910.3	14431.8	204.382	538.299	538299	315.667	6209.88	5803.34	70782.3	2.45454e+06	1.20649e-09	3.31045e-10	1.17775e-10	7.21589e-10	
283.343	28113.5	14535.4	200.223	538.299	538299	315.025	6169	5765.07	70295.8	2.45454e+06	1.20669e-09	3.25712e-10	1.1817e-10	7.26771e-10	
283.84	27977.6	14553.3	199.502	538.299	538299	314.914	6161.99	5758.51	70212.8	2.45454e+06	1.20672e-09	3.24778e-10	1.18238e-10	7.27667e-10	
284.337	27842.2	14571.3	198.779	538.299	538299	314.804	6154.99	5751.96	70130.1	2.45454e+06	1.20675e-09	3.23842e-10	1.18306e-10	7.28564e-10	
284.835	27707.4	14589.2	198.057	538.299	538299	314.694	6148.01	5745.43	70047.6	2.45454e+06	1.20679e-09	3.22902e-10	1.18374e-10	7.2946e-10	
285.332	27573.1	14607.1	197.333	538.299	538299	314.585	6141.05	5738.91	69965.5	2.45454e+06	1.20682e-09	3.21959e-10	1.18441e-10	7.30357e-10	
285.83	27439.3	14625.1	196.608	538.299	538299	314.475	6134.1	5732.41	69883.7	2.45454e+06	1.20685e-09	3.21012e-10	1.18509e-10	7.31254e-10	
286.825	27173.1	14661	195.156	538.299	538299	314.256	6120.24	5719.45	69720.9	2.45454e+06	1.20691e-09	3.19109e-10	1.18644e-10	7.33049e-10	
287.819	26908.8	14696.9	193.701	538.299	538299	314.038	6106.43	5706.53	69559.1	2.45454e+06	1.20697e-09	3.17191e-10	1.18779e-10	7.34846e-10	
288.814	26646.2	14732.9	192.241	538.299	538299	313.821	6092.67	5693.67	69398.3	2.45454e+06	1.20703e-09	3.15258e-10	1.18913e-10	7.36646e-10	
289.809	26385.2	14769	190.777	538.299	538299	313.604	6078.95	5680.84	69238.5	2.45454e+06	1.20708e-09	3.13311e-10	1.19047e-10	7.38449e-10	
290.804	26125.7	14805.1	189.308	538.299	538299	313.388	6065.28	5668.05	69079.5	2.45454e+06	1.20714e-09	3.11348e-10	1.19181e-10	7.40255e-10	
292.584	25665.1	14869.9	186.667	538.299	538299	313.001	6040.89	5645.26	68796.9	2.45454e+06	1.20723e-09	3.07796e-10	1.19421e-10	7.43497e-10	
294.364	25208.6	14935.1	184.008	538.299	538299	312.616	6016.58	5622.55	68516.6	2.45454e+06	1.20732e-09	3.04192e-10	1.19661e-10	7.46756e-10	
296.144	24755.7	15000.7	181.33	538.299	538299	312.231	5992.35	5599.91	68238.3	2.45454e+06	1.20741e-09	3.00532e-10	1.19901e-10	7.50033e-10	
297.924	24306.1	15066.6	178.63	538.299	538299	311.846	5968.16	5577.33	67961.6	2.45454e+06	1.20749e-09	2.96815e-10	1.2014e-10	7.53332e-10	
300.216	23731.2	15152.3	175.121	538.299	538299	311.35	5937.05	5548.28	67607.2	2.45454e+06	1.20759e-09	2.91942e-10	1.2045e-10	7.57617e-10	
302.508	23160.2	15239	171.572	538.299	538299	310.853	5905.95	5519.26	67254.6	2.45454e+06	1.20769e-09	2.86966e-10	1.20761e-10	7.61949e-10	
304.8	22592.4	15326.6	167.981	538.299	538299	310.355	5874.83	5490.21	66903.3	2.45454e+06	1.20778e-09	2.81884e-10	1.21073e-10	7.66332e-10	
307.092	22027.3	15415.5	164.346	538.299	538299	309.855	5843.64	5461.12	66552.6	2.45454e+06	1.20786e-09	2.76693e-10	1.21387e-10	7.70773e-10	
309.384	21464.1	15505.5	160.666	538.299	538299	309.353	5812.37	5431.96	66202.3	2.45454e+06	1.20795e-09	2.7139e-10	1.21703e-10	7.75276e-10	
312.045	20812.5	15611.7	156.337	538.299	538299	308.766	5775.94	5397.98	65795.6	2.45454e+06	1.20804e-09	2.65094e-10	1.22073e-10	7.80587e-10	
314.705	20162.5	15719.9	151.946	538.299	538299	308.175	5739.32	5363.84	65388.2	2.45454e+06	1.20812e-09	2.58645e-10	1.22445e-10	7.85995e-10	
317.366	19513.8	15830.1	147.496	538.299	538299	307.579	5702.49	5329.52	64979.7	2.45454e+06	1.2082e-09	2.52046e-10	1.22822e-10	7.91506e-10	
320.027	18866.2	15942.5	142.991	538.299	538299	306.979	5665.45	5294.99	64569.6	2.45454e+06	1.20827e-09	2.45301e-10	1.23202e-10	7.97124e-10	
322.687	18219.8	16057	138.436	538.299	538299	306.373	5628.18	5260.25	64157.7	2.45454e+06	1.20834e-09	2.3842e-10	1.23586e-10	8.02852e-10	
326.393	17322	16220.3	132.025	538.299	538299	305.52	5575.91	5211.52	63580.4	2.45454e+06	1.20843e-09	2.28631e-10	1.24127e-10	8.11017e-10	
330.099	16428.6	16387.9	125.567	538.299	538299	304.659	5523.28	5162.44	62999	2.45454e+06	1.2085e-09	2.18651e-10	1.24674e-10	8.19396e-10	
333.036	15725.1	16523.6	120.441	538.299	538299	303.971	5481.37	5123.35	62535.3	2.45454e+06	1.20856e-09	2.10649e-10	1.25111e-10	8.26182e-10	
335.973	15027.7	16661.7	115.337	538.299	538299	303.279	5439.37	5084.16	62069.4	2.45454e+06	1.20861e-09	2.0261e-10	1.2555e-10	8.33084e-10	
338.91	14338.3	16801.8	110.285	538.299	538299	302.586	5397.4	5044.98	61602	2.45454e+06	1.20865e-09	1.94586e-10	1.25991e-10	8.40088e-10	
341.847	13659.4	16943.4	105.317	538.299	538299	301.893	5355.58	5005.91	61133.7	2.45454e+06	1.2087e-09	1.86632e-10	1.26431e-10	8.47172e-10	
344.785	12993.8	17086.2	100.469	538.299	538299	301.202	5314.05	4967.09	60665.8	2.45454e+06	1.20873e-09	1.78812e-10	1.26869e-10	8.54312e-10	
347.722	12344.6	17229.5	95.7763	538.299	538299	300.518	5272.98	4928.66	60199.5	2.45454e+06	1.20876e-09	1.71189e-10	1.27303e-10	8.61477e-10	
350.659	11714.8	17372.6	91.2751	538.299	538299	299.842	5232.55	4890.81	59736.3	2.45454e+06	1.20879e-09	1.63828e-10	1.27731e-10	8.68632e-10	
353.596	11107.8	17514.8	86.998	538.299	538299	299.177	5192.97	4853.71	59277.9	2.45454e+06	1.20882e-09	1.56792e-10	1.2815e-10	8.75739e-10	
356.533	10526.4	17655.1	82.9737	538.299	538299	298.529	5154.41	4817.53	58826.3	2.45454e+06	1.20884e-09	1.50135e-10	1.28559e-10	8.82756e-10	
359.471	9973.58	17792.9	79.2248	538.299	538299	297.899	5117.08	4782.46	58383.4	2.45454e+06	1.20885e-09	1.43903e-10	1.28956e-10	8.89643e-10	
362.408	9451.68	17927.2	75.7671	538.299	538299	297.291	5081.15	4748.67	57951.2	2.45454e+06	1.20887e-09	1.38131e-10	1.29337e-10	8.96358e-10	
364.775	9054.81	18032.4	73.1974	538.299	538299	296.818	5053.32	4722.46	57612	2.45454e+06	1.20888e-09	1.33827e-10	1.29633e-10	9.01618e-10	
367.143	8679.98	18134.4	70.8231	538.299	538299	296.363	5026.57	4697.26	57282.1	2.45454e+06	1.20889e-09	1.29841e-10	1.29918e-10	9.06722e-10	
369.511	8327.66	18233.1	68.6418	538.299	538299	295.927	5000.96	4673.1	56962.4	2.45454e+06	1.2089e-09	1.26171e-10	1.3019e-10	9.11654e-10	
371.878	7998.03	18327.9	66.6484	538.299	538299	295.51	4976.55	4650.05	56653.7	2.45454e+06	1.2089e-09	1.22812e-10	1.30449e-10	9.16397e-10	
374.246	7691.01	18418.8	64.8358	538.299	538299	295.113	4953.35	4628.14	56356.7	2.45454e+06	1.20891e-09	1.19754e-10	1.30696e-10	9.20942e-10	
376.614	7406.28	18505.6	63.1949	538.299	538299	294.737	4931.41	4607.38	56072.1	2.45454e+06	1.20891e-09	1.16984e-10	1.30929e-10	9.25278e-10	
378.981	7143.31	18588	61.7154	538.299	538299	294.381	4910.7	4587.78	55800.3	2.45454e+06	1.20892e-09	1.14485e-10	1.31149e-10	9.29398e-10	
381.349	6901.36	18666	60.3862	538.299	538299	294.047	4891.24	4569.35	55541.7	2.45454e+06	1.20892e-09	1.1224e-10	1.31356e-10	9.333e-10	
383.717	6679.57	18739.6	59.1955	538.299	538299	293.732	4873	4552.06	55296.4	2.45454e+06	1.20893e-09	1.1023e-10	1.3155e-10	9.36981e-10	
386.861	6414.46	18830.6	57.8085	538.299	538299	293.346	4850.63	4530.83	54991.5	2.45454e+06	1.20893e-09	1.07891e-10	1.31787e-10	9.4153e-10	
389.335	6227.93	18896.8	56.8572	538.299	538299	293.067	4834.46	4515.48	54768.2	2.45454e+06	1.20893e-09	1.06288e-10	1.31959e-10	9.44842e-10	
391.808	6059.4	18958.5	56.0155	538.299	538299	292.808	4819.49	4501.26	54559.2	2.45454e+06	1.20893e-09	1.04873e-10	1.32118e-10	9.47925e-10	
394.282	5907.54	19015.7	55.2718	538.299	538299	292.568	4805.66	4488.12	54364.2	2.45454e+06	1.20893e-09	1.03624e-10	1.32265e-10	9.50786e-10	
396.756	5771.03	19068.7	54.6154	538.299	538299	292.347	4792.93	4476.01	54182.9	2.45454e+06	1.20894e-09	1.02525e-10	1.324e-10	9.53435e-10	
397.135	5751.36	19076.5	54.5219	538.299	538299	292.315	4791.07	4474.24	54156.3	2.45454e+06	1.20894e-09	1.02368e-10	1.3242e-10	9.53823e-10	
397.515	5732.02	19084.1	54.4301	538.299	538299	292.283	4789.24	4472.5	54129.9	2.45454e+06	1.20894e-09	1.02215e-10	1.32439e-10	9.54206e-10	
397.894	5713	19091.7	54.34	538.299	538299	292.252	4787.42	4470.77	54103.9	2.45454e+06	1.20894e-09	1.02064e-10	1.32459e-10	9.54585e-10	
398.274	5694.3	19099.2	54.2517	538.299	538299	292.221	4785.64	4469.07	54078.2	2.45454e+06	1.20894e-09	1.01917e-10	1.32478e-10	9.54958e-10	
398.653	5675.91	19106.6	54.1651	538.299	538299	292.19	4783.87	4467.39	54052.8	2.45454e+06	1.20894e-09	1.01772e-10	1.32496e-10	9.55328e-10	
399.412	5640.05	19121	53.9968	538.299	538299	292.13	4780.41	4464.09	54002.8	2.45454e+06	1.20894e-09	1.01491e-10	1.32533e-10	9.56052e-10	
400.171	5605.38	19135.2	53.8349	538.299	538299	292.071	4777.04	4460.89	53954	2.45454e+06	1.20894e-09	1.01221e-10	1.32569e-10	9.56759e-10	
400.93	5571.88	19149	53.6791	538.299	538299	292.014	4773.75	4457.76	53906.4	2.45454e+06	1.20894e-09	1.00961e-10	1.32604e-10	9.57448e-10	
401.689	5539.5	19162.4	53.5293	538.299	538299	291.959	4770.56	4454.72	53859.9	2.45454e+06	1.20894e-09	1.00712e-10	1.32638e-10	9.5812e-10	
403.181	5478.99	19187.8	53.2511	538.299	538299	291.854	4764.52	4448.97	53771.8	2.45454e+06	1.20894e-09	1.00249e-10	1.32702e-10	9.59391e-10	
404.674	5422.46	19212	52.9933	538.299	538299	291.754	4758.8	4443.52	53687.9	2.45454e+06	1.20894e-09	9.9821e-11	1.32762e-10	9.60598e-10	
406.166	5369.67	19234.9	52.7545	538.299	538299	291.66	4753.38	4438.36	53608	2.45454e+06	1.20894e-09	9.94251e-11	1.3282e-10	9.61744e-10	
407.659	5320.41	19256.6	52.5333	538.299	538299	291.57	4748.25	4433.47	53532.1	2.45454e+06	1.20894e-09	9.9059e-11	1.32875e-10	9.6283e-10	
409.852	5253.96	19286.5	52.2374	538.299	538299	291.447	4741.21	4426.76	53427.4	2.45454e+06	1.20894e-09	9.85705e-11	1.32949e-10	9.64325e-10	
412.045	5194	19314.1	51.9727	538.299	538299	291.334	4734.72	4420.58	53330.4	2.45454e+06	1.20894e-09	9.81348e-11	1.33018e-10	9.65705e-10	
414.238	5139.91	19339.5	51.7361	538.299	538299	291.23	4728.76	4414.89	53240.7	2.45454e+06	1.20894e-09	9.77463e-11	1.33081e-10	9.66977e-10	
415.972	5100.94	19358.2	51.5668	538.299	538299	291.154	4724.38	4410.72	53174.7	2.45454e+06	1.20894e-09	9.74691e-11	1.33128e-10	9.67912e-10	
417.706	5065.04	19375.8	51.4118	538.299	538299	291.083	4720.29	4406.81	53112.6	2.45454e+06	1.20894e-09	9.72157e-11	1.33171e-10	9.68788e-10	
419.44	5032	19392.1	51.2698	538.299	538299	291.016	4716.47	4403.17	53054.5	2.45454e+06	1.20894e-09	9.69842e-11	1.33212e-10	9.69607e-10	
421.174	5001.57	19407.5	51.1396	538.299	538299	290.953	4712.9	4399.76	53000	2.45454e+06	1.20894e-09	9.67726e-11	1.3325e-10	9.70374e-10	
422.908	4973.57	19421.8	51.0204	538.299	538299	290.895	4709.56	4396.58	52948.9	2.45454e+06	1.20894e-09	9.65791e-11	1.33285e-10	9.7109e-10	
425.256	4939.17	19439.7	50.8746	538.299	538299	290.822	4705.4	4392.6	52884.9	2.45454e+06	1.20894e-09	9.63432e-11	1.33329e-10	9.71986e-10	
427.604	4908.44	19456.1	50.745	538.299	538299	290.756	4701.61	4388.99	52826.4	2.45454e+06	1.20894e-09	9.61341e-11	1.33369e-10	9.72803e-10	
429.952	4880.98	19470.9	50.6297	538.299	538299	290.696	4698.17	4385.7	52773.1	2.45454e+06	1.20894e-09	9.59487e-11	1.33406e-10	9.73547e-10	
432.3	4856.44	19484.5	50.5271	538.299	538299	290.641	4695.03	4382.71	52724.4	2.45454e+06	1.20894e-09	9.57841e-11	1.33439e-10	9.74224e-10	
434.648	4834.51	19496.8	50.4357	538.299	538299	290.591	4692.19	4379.99	52680	2.45454e+06	1.20894e-09	9.5638e-11	1.33469e-10	9.74839e-10	
437.856	4808.28	19511.8	50.3268	538.299	538299	290.531	4688.72	4376.67	52625.8	2.45454e+06	1.20894e-09	9.54644e-11	1.33506e-10	9.75591e-10	
441.064	4785.78	19525	50.2337	538.299	538299	290.477	4685.68	4373.77	52578.1	2.45454e+06	1.20894e-09	9.53166e-11	1.33538e-10	9.76249e-10	
444.272	4766.48	19536.5	50.154	538.299	538299	290.431	4683.02	4371.23	52536.2	2.45454e+06	1.20894e-09	9.51907e-11	1.33567e-10	9.76826e-10	
447.48	4749.92	19546.6	50.0858	538.299	538299	290.39	4680.7	4369.01	52499.5	2.45454e+06	1.20895e-09	9.50833e-11	1.33591e-10	9.77331e-10	
450.688	4735.7	19555.4	50.0274	538.299	538299	290.354	4678.67	4367.07	52467.4	2.45454e+06	1.20895e-09	9.49916e-11	1.33613e-10	9.77772e-10	
453.896	4723.49	19563.1	49.9773	538.299	538299	290.323	4676.9	4365.38	52439.2	2.45454e+06	1.20895e-09	9.49132e-11	1.33632e-10	9.78157e-10	
457.53	4711.71	19570.7	49.9291	538.299	538299	290.293	4675.17	4363.72	52411.6	2.45454e+06	1.20895e-09	9.48381e-11	1.3365e-10	9.78535e-10	
461.165	4701.8	19577.2	49.8886	538.299	538299	290.267	4673.68	4362.3	52387.9	2.45454e+06	1.20895e-09	9.47751e-11	1.33666e-10	9.78858e-10	
464.799	4693.44	19582.7	49.8544	538.299	538299	290.245	4672.41	4361.09	52367.5	2.45454e+06	1.20895e-09	9.47222e-11	1.33679e-10	9.79135e-10	
468.433	4686.39	19587.4	49.8257	538.299	538299	290.226	4671.32	4360.05	52350.1	2.45454e+06	1.20895e-09	9.46777e-11	1.33691e-10	9.79372e-10	
472.068	4680.44	19591.5	49.8014	538.299	538299	290.209	4670.39	4359.16	52335.2	2.45454e+06	1.20895e-09	9.46403e-11	1.33701e-10	9.79575e-10	
475.702	4675.42	19595	49.7809	538.299	538299	290.195	4669.6	4358.4	52322.4	2.45454e+06	1.20895e-09	9.46089e-11	1.33709e-10	9.79748e-10	
481.074	4669.38	19599.2	49.7563	538.299	538299	290.178	4668.63	4357.48	52306.9	2.45454e+06	1.20895e-09	9.45712e-11	1.33719e-10	9.79959e-10	
486.445	4664.68	19602.5	49.7371	538.299	538299	290.165	4667.87	4356.75	52294.5	2.45454e+06	1.20895e-09	9.4542e-11	1.33727e-10	9.80126e-10	
491.817	4661	19605.1	49.7221	538.299	538299	290.154	4667.27	4356.17	52284.8	2.45454e+06	1.20895e-09	9.45192e-11	1.33734e-10	9.80257e-10	
497.189	4658.13	19607.2	49.7104	538.299	538299	290.146	4666.79	4355.71	52277.1	2.45454e+06	1.20895e-09	9.45014e-11	1.33739e-10	9.80362e-10	
500	4656.89	19608.1	49.7054	538.299	538299	290.142	4666.58	4355.51	52273.7	2.45454e+06	1.20895e-09	9.44937e-11	1.33741e-10	9.80407e-10	
