# Time	[Z]	[mu2]	[mZ]	[mF]	[F]	[mP]	[PE]	[PG]	[PM]	[STAT]	
0	739275	1211.17	974.894	538.299	538299	542.115	27557.7	25720.5	308646	2.45454e+06	
1e-09	739275	1211.17	974.894	538.299	538299	542.115	27557.7	25720.5	308646	2.45454e+06	
2e-09	739275	1211.17	974.894	538.299	538299	542.115	27557.7	25720.5	308646	2.45454e+06	
1.0002e-05	739275	1211.17	974.893	538.299	538299	542.115	27557.7	25720.5	308646	2.45454e+06	
2.0002e-05	739275	1211.17	974.892	538.299	538299	542.115	27557.7	25720.5	308646	2.45454e+06	
3.0002e-05	739275	1211.17	974.891	538.299	538299	542.115	27557.7	25720.5	308646	2.45454e+06	
0.000130002	739275	1211.18	974.88	538.299	538299	542.115	27557.7	25720.5	308646	2.45454e+06	
0.000230002	739275	1211.18	974.869	538.299	538299	542.115	27557.7	25720.5	308646	2.45454e+06	
0.000330002	739275	1211.19	974.858	538.299	538299	542.115	27557.7	25720.5	308646	2.45454e+06	
0.00133	739275	1211.22	974.747	538.299	538299	542.115	27557.7	25720.5	308646	2.45454e+06	
0.00233	739275	1211.25	974.637	538.299	538299	542.115	27557.7	25720.5	308646	2.45454e+06	
0.00333	739275	1211.29	974.527	538.299	538299	542.115	27557.7	25720.5	308646	2.45454e+06	
0.00433	739275	1211.32	974.417	538.299	538299	542.115	27557.7	25720.5	308646	2.45454e+06	
0.01433	739274	1211.67	973.319	538.299	538299	542.115	27557.7	25720.5	308646	2.45454e+06	
0.02433	739272	1212.02	972.228	538.299	538299	542.114	27557.6	25720.5	308646	2.45454e+06	
0.03433	739270	1212.36	971.142	538.299	538299	542.114	27557.6	25720.5	308646	2.45454e+06	
0.04433	739266	1212.71	970.062	538.299	538299	542.114	27557.5	25720.5	308646	2.45454e+06	
0.05433	739262	1213.05	968.987	538.299	538299	542.114	27557.4	25720.5	308646	2.45454e+06	
0.15433	739172	1216.51	958.554	538.299	538299	542.106	27555.5	25720.3	308646	2.45454e+06	
0.25433	739001	1219.97	948.664	538.299	538299	542.09	27552.1	25719.8	308646	2.45454e+06	
0.35433	738754	1223.43	939.287	538.299	538299	542.068	27547.2	25718.7	308646	2.45454e+06	
0.45433	738435	1226.89	930.397	538.299	538299	542.04	27541.1	25716.9	308645	2.45454e+06	
0.55433	738049	1230.34	921.967	538.299	538299	542.005	27533.9	25714.4	308645	2.45454e+06	
0.748378	737124	1237.02	906.832	538.299	538299	541.921	27517.3	25707.3	308641	2.45454e+06	
0.942426	735989	1243.68	893.173	538.299	538299	541.818	27497.9	25697.3	308635	2.45454e+06	
1.13647	734669	1250.32	880.841	538.299	538299	541.697	27476.1	25684.6	308625	2.45454e+06	
1.33052	733187	1256.92	869.702	538.299	538299	541.561	27452.4	25669.3	308611	2.45454e+06	
1.52457	731563	1263.49	859.636	538.299	538299	541.411	27427.3	25651.8	308592	2.45454e+06	
1.71862	729815	1270.02	850.532	538.299	538299	541.248	27401	25632.4	308566	2.45454e+06	
1.91267	727958	1276.5	842.296	538.299	538299	541.075	27373.6	25611.3	308534	2.45454e+06	
2.10672	726007	1282.94	834.837	538.299	538299	540.893	27345.5	25588.8	308496	2.45454e+06	
2.30076	723976	1289.34	828.078	538.299	538299	540.702	27316.7	25565	308451	2.45454e+06	
2.49481	721874	1295.68	821.949	538.299	538299	540.504	27287.4	25540.3	308399	2.45454e+06	
2.68886	719714	1301.98	816.384	538.299	538299	540.299	27257.6	25514.7	308340	2.45454e+06	
3.08171	715195	1314.56	806.621	538.299	538299	539.869	27196.5	25461	308197	2.45454e+06	
3.47456	710535	1326.92	798.541	538.299	538299	539.424	27134.7	25405.4	308026	2.45454e+06	
3.86741	705784	1339.06	791.818	538.299	538299	538.967	27072.7	25348.6	307825	2.45454e+06	
4.26026	700983	1350.97	786.189	538.299	538299	538.504	27010.8	25291.3	307597	2.45454e+06	
4.65311	696163	1362.66	781.443	538.299	538299	538.037	26949.2	25233.8	307342	2.45454e+06	
5.04596	691351	1374.12	777.41	538.299	538299	537.569	26888.2	25176.5	307063	2.45454e+06	
5.21629	689272	1379.02	775.848	538.299	538299	537.367	26862	25151.7	306934	2.45454e+06	
5.38662	687199	1383.88	774.384	538.299	538299	537.164	26835.9	25127.1	306801	2.45454e+06	
5.55695	685134	1388.7	773.01	538.299	538299	536.963	26810	25102.5	306665	2.45454e+06	
5.72728	683078	1393.48	771.718	538.299	538299	536.762	26784.2	25078.1	306524	2.45454e+06	
5.89761	681031	1398.22	770.501	538.299	538299	536.562	26758.6	25053.8	306379	2.45454e+06	
6.11721	678407	1404.27	769.032	538.299	538299	536.305	26725.9	25022.6	306187	2.45454e+06	
6.33681	675803	1410.26	767.664	538.299	538299	536.049	26693.4	24991.7	305990	2.45454e+06	
6.55641	673219	1416.18	766.386	538.299	538299	535.796	26661.3	24961.1	305786	2.45454e+06	
6.77601	670656	1422.05	765.189	538.299	538299	535.544	26629.5	24930.7	305578	2.45454e+06	
7.04159	667586	1429.06	763.836	538.299	538299	535.242	26591.4	24894.3	305319	2.45454e+06	
7.30717	664551	1435.98	762.574	538.299	538299	534.943	26553.9	24858.4	305053	2.45454e+06	
7.57275	661551	1442.82	761.393	538.299	538299	534.647	26516.7	24822.8	304781	2.45454e+06	
7.83833	658586	1449.58	760.281	538.299	538299	534.354	26480.1	24787.7	304503	2.45454e+06	
8.3343	653150	1461.99	758.361	538.299	538299	533.815	26412.9	24723.3	303969	2.45454e+06	
8.83026	647843	1474.14	756.61	538.299	538299	533.288	26347.4	24660.5	303419	2.45454e+06	
9.32623	642668	1486.03	754.992	538.299	538299	532.773	26283.4	24599.1	302855	2.45454e+06	
9.82219	637624	1497.69	753.479	538.299	538299	532.268	26220.9	24539.1	302279	2.45454e+06	
10.3182	632709	1509.12	752.052	538.299	538299	531.775	26159.9	24480.6	301694	2.45454e+06	
11.0344	625836	1525.25	750.111	538.299	538299	531.08	26074.2	24398.5	300835	2.45454e+06	
11.7507	619222	1540.96	748.28	538.299	538299	530.407	25991.3	24319.1	299965	2.45454e+06	
12.467	612858	1556.3	746.537	538.299	538299	529.754	25910.9	24242.2	299088	2.45454e+06	
13.1833	606734	1571.27	744.863	538.299	538299	529.12	25832.9	24167.7	298208	2.45454e+06	
13.8995	600840	1585.92	743.246	538.299	538299	528.502	25757.2	24095.3	297328	2.45454e+06	
14.7034	594487	1602	741.49	538.299	538299	527.829	25674.6	24016.6	296343	2.45454e+06	
15.5073	588399	1617.71	739.786	538.299	538299	527.175	25594.5	23940.2	295365	2.45454e+06	
16.3112	582560	1633.09	738.128	538.299	538299	526.538	25516.6	23866	294395	2.45454e+06	
17.115	576958	1648.16	736.511	538.299	538299	525.917	25440.8	23793.9	293435	2.45454e+06	
17.3691	575235	1652.86	736.008	538.299	538299	525.724	25417.2	23771.5	293135	2.45454e+06	
17.6232	573533	1657.54	735.508	538.299	538299	525.533	25393.9	23749.3	292835	2.45454e+06	
17.8773	571854	1662.18	735.012	538.299	538299	525.343	25370.7	23727.3	292537	2.45454e+06	
18.1572	570027	1667.27	734.469	538.299	538299	525.135	25345.4	23703.2	292210	2.45454e+06	
18.4372	568226	1672.33	733.93	538.299	538299	524.929	25320.2	23679.4	291884	2.45454e+06	
18.7172	566450	1677.35	733.395	538.299	538299	524.725	25295.3	23655.7	291560	2.45454e+06	
19.9567	558873	1699.22	731.072	538.299	538299	523.839	25187.5	23553.4	290147	2.45454e+06	
21.1962	551734	1720.53	728.815	538.299	538299	522.981	25083.3	23454.6	288769	2.45454e+06	
22.4356	544996	1741.32	726.62	538.299	538299	522.15	24982.4	23359	287427	2.45454e+06	
22.7455	543371	1746.44	726.08	538.299	538299	521.946	24957.7	23335.7	287098	2.45454e+06	
23.0554	541767	1751.53	725.543	538.299	538299	521.743	24933.2	23312.4	286770	2.45454e+06	
23.3652	540186	1756.59	725.01	538.299	538299	521.542	24908.8	23289.4	286445	2.45454e+06	
23.6751	538627	1761.62	724.481	538.299	538299	521.342	24884.7	23266.5	286122	2.45454e+06	
23.9079	537469	1765.38	724.085	538.299	538299	521.193	24866.7	23249.5	285881	2.45454e+06	
24.1407	536323	1769.13	723.691	538.299	538299	521.045	24848.7	23232.5	285641	2.45454e+06	
24.3736	535189	1772.86	723.299	538.299	538299	520.897	24830.9	23215.6	285402	2.45454e+06	
24.9741	532315	1782.41	722.295	538.299	538299	520.52	24785.3	23172.5	284793	2.45454e+06	
25.5745	529513	1791.87	721.304	538.299	538299	520.147	24740.4	23130.1	284191	2.45454e+06	
26.175	526781	1801.22	720.323	538.299	538299	519.78	24696.1	23088.2	283598	2.45454e+06	
27.5142	520927	1821.75	718.175	538.299	538299	518.976	24599.3	22996.7	282304	2.45454e+06	
27.849	519512	1826.82	717.646	538.299	538299	518.778	24575.6	22974.3	281987	2.45454e+06	
28.1838	518115	1831.85	717.12	538.299	538299	518.582	24552	22952	281672	2.45454e+06	
28.5186	516737	1836.86	716.597	538.299	538299	518.386	24528.6	22929.9	281359	2.45454e+06	
28.8534	515376	1841.84	716.078	538.299	538299	518.193	24505.3	22907.9	281049	2.45454e+06	
29.2668	513720	1847.96	715.44	538.299	538299	517.955	24476.8	22881	280669	2.45454e+06	
29.6802	512090	1854.03	714.807	538.299	538299	517.719	24448.5	22854.3	280293	2.45454e+06	
30.0936	510485	1860.07	714.179	538.299	538299	517.485	24420.5	22827.9	279920	2.45454e+06	
31.5345	505078	1880.82	712.021	538.299	538299	516.684	24324.7	22737.4	278647	2.45454e+06	
32.9754	499942	1901.14	709.914	538.299	538299	515.903	24231.4	22649.5	277413	2.45454e+06	
33.3356	498697	1906.15	709.395	538.299	538299	515.711	24208.5	22627.8	277111	2.45454e+06	
33.6958	497468	1911.14	708.879	538.299	538299	515.52	24185.7	22606.4	276811	2.45454e+06	
34.056	496253	1916.1	708.365	538.299	538299	515.33	24163.1	22585	276513	2.45454e+06	
34.4162	495053	1921.04	707.855	538.299	538299	515.141	24140.7	22563.9	276217	2.45454e+06	
34.5942	494465	1923.47	707.604	538.299	538299	515.048	24129.6	22553.4	276072	2.45454e+06	
34.7722	493881	1925.9	707.353	538.299	538299	514.956	24118.6	22543.1	275927	2.45454e+06	
34.9501	493300	1928.32	707.103	538.299	538299	514.863	24107.7	22532.7	275783	2.45454e+06	
35.2114	492453	1931.86	706.738	538.299	538299	514.728	24091.6	22517.6	275572	2.45454e+06	
35.4727	491614	1935.39	706.374	538.299	538299	514.594	24075.6	22502.5	275363	2.45454e+06	
35.734	490781	1938.91	706.011	538.299	538299	514.46	24059.7	22487.6	275154	2.45454e+06	
37.272	486015	1959.37	703.904	538.299	538299	513.684	23967.6	22400.7	273950	2.45454e+06	
37.6565	484858	1964.42	703.385	538.299	538299	513.493	23945	22379.4	273654	2.45454e+06	
38.041	483715	1969.45	702.869	538.299	538299	513.303	23922.5	22358.2	273361	2.45454e+06	
38.4255	482584	1974.46	702.355	538.299	538299	513.114	23900.1	22337.1	273070	2.45454e+06	
38.81	481466	1979.44	701.844	538.299	538299	512.926	23877.9	22316.2	272782	2.45454e+06	
39.0463	480785	1982.49	701.531	538.299	538299	512.811	23864.3	22303.4	272605	2.45454e+06	
39.2827	480109	1985.53	701.219	538.299	538299	512.696	23850.8	22290.6	272430	2.45454e+06	
39.519	479437	1988.56	700.909	538.299	538299	512.582	23837.3	22277.9	272255	2.45454e+06	
40.3143	477209	1998.71	699.871	538.299	538299	512.201	23792.3	22235.5	271672	2.45454e+06	
41.1095	475030	2008.76	698.844	538.299	538299	511.825	23747.8	22193.7	271098	2.45454e+06	
41.9047	472897	2018.72	697.827	538.299	538299	511.452	23703.9	22152.3	270533	2.45454e+06	
42.5901	471095	2027.24	696.96	538.299	538299	511.134	23666.5	22117.1	270052	2.45454e+06	
43.2755	469324	2035.69	696.1	538.299	538299	510.819	23629.5	22082.3	269578	2.45454e+06	
43.9609	467584	2044.08	695.247	538.299	538299	510.508	23592.8	22047.8	269108	2.45454e+06	
44.3818	466531	2049.21	694.727	538.299	538299	510.317	23570.4	22026.7	268823	2.45454e+06	
44.8027	465488	2054.31	694.209	538.299	538299	510.128	23548.2	22005.8	268540	2.45454e+06	
45.2236	464456	2059.39	693.694	538.299	538299	509.94	23526.1	21985.1	268259	2.45454e+06	
45.5049	463772	2062.78	693.352	538.299	538299	509.815	23511.5	21971.3	268072	2.45454e+06	
45.7861	463092	2066.15	693.01	538.299	538299	509.69	23496.8	21957.5	267886	2.45454e+06	
46.0674	462417	2069.52	692.67	538.299	538299	509.566	23482.3	21943.8	267701	2.45454e+06	
46.8035	460672	2078.28	691.784	538.299	538299	509.242	23444.4	21908.2	267221	2.45454e+06	
47.5397	458956	2086.99	690.905	538.299	538299	508.922	23406.9	21872.9	266746	2.45454e+06	
48.2758	457267	2095.64	690.033	538.299	538299	508.604	23369.7	21837.9	266277	2.45454e+06	
49.1755	455241	2106.14	688.977	538.299	538299	508.219	23324.7	21795.7	265711	2.45454e+06	
50.0753	453252	2116.56	687.931	538.299	538299	507.838	23280.2	21753.9	265153	2.45454e+06	
50.3002	452761	2119.16	687.671	538.299	538299	507.744	23269.2	21743.5	265015	2.45454e+06	
50.5251	452272	2121.75	687.412	538.299	538299	507.649	23258.2	21733.2	264877	2.45454e+06	
50.7501	451786	2124.33	687.153	538.299	538299	507.555	23247.2	21722.8	264740	2.45454e+06	
50.9929	451263	2127.12	686.874	538.299	538299	507.454	23235.4	21711.7	264592	2.45454e+06	
51.2358	450742	2129.89	686.596	538.299	538299	507.352	23223.6	21700.6	264445	2.45454e+06	
51.4786	450224	2132.67	686.318	538.299	538299	507.251	23211.8	21689.6	264298	2.45454e+06	
51.7084	449737	2135.29	686.056	538.299	538299	507.156	23200.7	21679.2	264159	2.45454e+06	
51.9382	449251	2137.91	685.794	538.299	538299	507.061	23189.6	21668.8	264021	2.45454e+06	
52.168	448768	2140.52	685.533	538.299	538299	506.966	23178.6	21658.4	263884	2.45454e+06	
54.2143	444556	2163.6	683.234	538.299	538299	506.13	23081.4	21567.2	262679	2.45454e+06	
56.0704	440870	2184.27	681.182	538.299	538299	505.386	22995	21486	261613	2.45454e+06	
57.9265	437299	2204.72	679.16	538.299	538299	504.652	22910.1	21406.4	260573	2.45454e+06	
59.7826	433833	2224.98	677.165	538.299	538299	503.93	22826.5	21328	259555	2.45454e+06	
61.6387	430463	2245.08	675.194	538.299	538299	503.216	22744.1	21250.8	258557	2.45454e+06	
63.8152	426622	2268.48	672.91	538.299	538299	502.389	22648.9	21161.6	257411	2.45454e+06	
65.9917	422888	2291.74	670.65	538.299	538299	501.572	22555	21073.7	256289	2.45454e+06	
68.1681	419250	2314.9	668.411	538.299	538299	500.762	22462.2	20986.8	255187	2.45454e+06	
70.3446	415698	2338	666.189	538.299	538299	499.96	22370.4	20900.8	254104	2.45454e+06	
72.521	412221	2361.09	663.979	538.299	538299	499.162	22279.2	20815.6	253036	2.45454e+06	
75.719	407231	2395.07	660.747	538.299	538299	497.995	22146.4	20691.4	251491	2.45454e+06	
78.9169	402359	2429.24	657.523	538.299	538299	496.831	22014.2	20568	249969	2.45454e+06	
82.1149	397581	2463.73	654.294	538.299	538299	495.666	21882.3	20444.9	248464	2.45454e+06	
85.3128	392876	2498.68	651.048	538.299	538299	494.494	21750.1	20321.6	246969	2.45454e+06	
88.5108	388222	2534.25	647.773	538.299	538299	493.312	21617.1	20197.6	245478	2.45454e+06	
91.7087	383601	2570.57	644.456	538.299	538299	492.114	21482.8	20072.5	243986	2.45454e+06	
94.9067	378993	2607.83	641.085	538.299	538299	490.896	21346.6	19945.7	242486	2.45454e+06	
98.1046	374381	2646.2	637.646	538.299	538299	489.652	21208	19816.8	240973	2.45454e+06	
101.917	368851	2693.68	633.436	538.299	538299	488.128	21038.8	19659.5	239144	2.45454e+06	
105.73	363257	2743.4	629.081	538.299	538299	486.55	20864.3	19497.4	237276	2.45454e+06	
109.542	357568	2795.8	624.551	538.299	538299	484.905	20683.2	19329.3	235357	2.45454e+06	
112.697	352764	2841.53	620.647	538.299	538299	483.484	20527.5	19184.9	233723	2.45454e+06	
115.851	347852	2889.77	616.58	538.299	538299	482.002	20365.7	19034.9	232038	2.45454e+06	
119.006	342812	2940.88	612.327	538.299	538299	480.448	20196.7	18878.4	230295	2.45454e+06	
122.161	337619	2995.3	607.862	538.299	538299	478.812	20019.5	18714.5	228482	2.45454e+06	
125.316	332251	3053.53	603.155	538.299	538299	477.082	19833.1	18542	226591	2.45454e+06	
128.47	326680	3116.17	598.174	538.299	538299	475.244	19636	18359.9	224610	2.45454e+06	
131.019	322012	3170.46	593.924	538.299	538299	473.671	19468.1	18204.8	222935	2.45454e+06	
133.568	317177	3228.5	589.45	538.299	538299	472.008	19291.4	18041.8	221184	2.45454e+06	
136.117	312158	3290.78	584.728	538.299	538299	470.245	19105	17869.9	219351	2.45454e+06	
138.666	306936	3357.85	579.731	538.299	538299	468.371	18907.9	17688.2	217425	2.45454e+06	
141.215	301491	3430.37	574.432	538.299	538299	466.373	18698.9	17495.5	215396	2.45454e+06	
143.764	295801	3509.07	568.799	538.299	538299	464.236	18476.6	17290.9	213254	2.45454e+06	
146.313	289846	3594.83	562.8	538.299	538299	461.944	18239.8	17072.9	210985	2.45454e+06	
148.43	284678	3672.17	557.51	538.299	538299	459.909	18030.8	16880.6	208994	2.45454e+06	
150.548	279297	3755.71	551.921	538.299	538299	457.743	17809.7	16677.3	206898	2.45454e+06	
152.666	273689	3846.21	546.011	538.299	538299	455.433	17575.6	16462	204689	2.45454e+06	
154.784	267841	3944.47	539.76	538.299	538299	452.968	17327.4	16233.9	202356	2.45454e+06	
156.902	261739	4051.43	533.145	538.299	538299	450.333	17064.2	15992	199889	2.45454e+06	
159.02	255372	4168.09	526.148	538.299	538299	447.514	16784.9	15735.2	197278	2.45454e+06	
161.138	248730	4295.58	518.753	538.299	538299	444.496	16488.6	15462.9	194513	2.45454e+06	
163.256	241806	4435.09	510.95	538.299	538299	441.267	16174.5	15174.1	191583	2.45454e+06	
164.991	235922	4559.24	504.25	538.299	538299	438.454	15903.4	14924.9	189053	2.45454e+06	
166.726	229846	4693.04	497.275	538.299	538299	435.485	15619.9	14664	186401	2.45454e+06	
168.46	223584	4837.2	490.033	538.299	538299	432.354	15323.7	14391.3	183622	2.45454e+06	
169.883	218313	4963.67	483.904	538.299	538299	429.664	15071.6	14159.1	181246	2.45454e+06	
171.306	212925	5097.94	477.615	538.299	538299	426.864	14811.5	13919.2	178782	2.45454e+06	
172.729	207430	5240.33	471.182	538.299	538299	423.955	14543.7	13672	176230	2.45454e+06	
174.152	201835	5391.1	464.622	538.299	538299	420.94	14268.7	13417.9	173590	2.45454e+06	
175.575	196153	5550.42	457.958	538.299	538299	417.824	13987.4	13157.6	170863	2.45454e+06	
176.998	190397	5718.38	451.215	538.299	538299	414.614	13700.5	12891.9	168054	2.45454e+06	
178.42	184584	5894.94	444.421	538.299	538299	411.32	13409.2	12621.6	165166	2.45454e+06	
179.843	178731	6079.94	437.607	538.299	538299	407.952	13114.7	12347.8	162205	2.45454e+06	
181.266	172858	6273.04	430.808	538.299	538299	404.525	12818.3	12071.8	159179	2.45454e+06	
182.689	166987	6473.78	424.055	538.299	538299	401.055	12521.6	11794.9	156097	2.45454e+06	
184.112	161140	6681.49	417.384	538.299	538299	397.559	12226.1	11518.6	152969	2.45454e+06	
185.535	155340	6895.38	410.825	538.299	538299	394.057	11933.5	11244.4	149807	2.45454e+06	
186.957	149609	7114.48	404.408	538.299	538299	390.568	11645.4	10973.8	146624	2.45454e+06	
188.38	143971	7337.71	398.158	538.299	538299	387.112	11363.3	10708.2	143435	2.45454e+06	
189.559	139385	7524.92	393.122	538.299	538299	384.288	11135.2	10493.1	140798	2.45454e+06	
190.738	134889	7713.45	388.224	538.299	538299	381.511	10913.1	10283.2	138176	2.45454e+06	
191.916	130493	7902.6	383.471	538.299	538299	378.79	10697.4	10079	135576	2.45454e+06	
193.095	126205	8091.66	378.865	538.299	538299	376.134	10488.7	9881.16	133006	2.45454e+06	
194.273	122034	8279.93	374.41	538.299	538299	373.55	10287.6	9690.12	130475	2.45454e+06	
195.452	117988	8466.75	370.105	538.299	538299	371.046	10094.3	9506.26	127990	2.45454e+06	
196.631	114070	8651.51	365.946	538.299	538299	368.627	9909.03	9329.82	125557	2.45454e+06	
197.809	110287	8833.64	361.931	538.299	538299	366.295	9731.98	9160.97	123183	2.45454e+06	
199.135	106194	9034.78	357.577	538.299	538299	363.782	9542.63	8980.17	120589	2.45454e+06	
200.461	102277	9231.35	353.387	538.299	538299	361.386	9363.63	8809.06	118082	2.45454e+06	
201.787	98537.1	9422.82	349.351	538.299	538299	359.108	9194.78	8647.51	115668	2.45454e+06	
203.113	94972.5	9608.81	345.458	538.299	538299	356.947	9035.82	8495.29	113350	2.45454e+06	
204.439	91581.4	9789	341.696	538.299	538299	354.901	8886.37	8352.1	111131	2.45454e+06	
205.921	87993.1	9983.25	337.634	538.299	538299	352.748	8730.14	8202.33	108770	2.45454e+06	
207.403	84610.8	10169.9	333.707	538.299	538299	350.728	8584.66	8062.81	106534	2.45454e+06	
208.884	81427.1	10348.8	329.903	538.299	538299	348.836	8449.25	7932.93	104422	2.45454e+06	
210.366	78433.5	10520.2	326.208	538.299	538299	347.064	8323.23	7812.06	102432	2.45454e+06	
211.848	75620.9	10684	322.612	538.299	538299	345.406	8205.95	7699.57	100559	2.45454e+06	
213.329	72979.9	10840.7	319.105	538.299	538299	343.853	8096.72	7594.84	98801	2.45454e+06	
215.023	70159.5	11011.2	315.196	538.299	538299	342.198	7980.95	7483.86	96924.6	2.45454e+06	
216.716	67536.1	11173	311.383	538.299	538299	340.661	7873.97	7381.37	95182.4	2.45454e+06	
218.409	65095.4	11326.7	307.657	538.299	538299	339.231	7774.95	7286.55	93566.1	2.45454e+06	
220.102	62823.8	11472.7	304.012	538.299	538299	337.898	7683.11	7198.67	92066.9	2.45454e+06	
221.795	60708.1	11611.6	300.443	538.299	538299	336.655	7597.75	7117.06	90676.5	2.45454e+06	
223.489	58735.8	11743.8	296.945	538.299	538299	335.492	7518.23	7041.08	89386.3	2.45454e+06	
225.547	56514.6	11896.3	292.783	538.299	538299	334.175	7428.6	6955.52	87941.3	2.45454e+06	
227.605	54468.5	12040.5	288.716	538.299	538299	332.955	7345.83	6876.59	86618.7	2.45454e+06	
229.663	52579.7	12177.2	284.74	538.299	538299	331.818	7269.09	6803.49	85405.8	2.45454e+06	
231.722	50832.2	12307.1	280.85	538.299	538299	330.757	7197.7	6735.55	84290.9	2.45454e+06	
233.78	49211.4	12430.9	277.042	538.299	538299	329.763	7131.02	6672.16	83263.3	2.45454e+06	
235.838	47704.2	12549.1	273.314	538.299	538299	328.828	7068.53	6612.81	82313.6	2.45454e+06	
237.896	46299.1	12662.4	269.661	538.299	538299	327.946	7009.75	6557.04	81433	2.45454e+06	
239.954	44985.4	12771.1	266.08	538.299	538299	327.111	6954.28	6504.46	80614	2.45454e+06	
242.013	43753.9	12875.7	262.567	538.299	538299	326.319	6901.77	6454.72	79849.9	2.45454e+06	
244.596	42312	13001.9	258.249	538.299	538299	325.377	6839.56	6395.86	78959.1	2.45454e+06	
247.179	40972	13123	254.023	538.299	538299	324.488	6780.98	6340.48	78134.9	2.45454e+06	
249.762	39721.5	13239.6	249.883	538.299	538299	323.644	6725.57	6288.15	77368.4	2.45454e+06	
252.346	38549.6	13352.2	245.819	538.299	538299	322.84	6672.95	6238.5	76652	2.45454e+06	
254.929	37446.8	13461.4	241.825	538.299	538299	322.072	6622.77	6191.19	75979.2	2.45454e+06	
257.512	36405	13567.6	237.891	538.299	538299	321.334	6574.75	6145.96	75344.5	2.45454e+06	
260.393	35306.3	13682.9	233.566	538.299	538299	320.544	6523.43	6097.65	74675.9	2.45454e+06	
263.273	34265.8	13795.4	229.297	538.299	538299	319.784	6474.16	6051.31	74043	2.45454e+06	
266.154	33276	13905.6	225.071	538.299	538299	319.049	6426.68	6006.69	73441.1	2.45454e+06	
269.034	32330.4	14013.9	220.879	538.299	538299	318.336	6380.75	5963.55	72865.8	2.45454e+06	
271.915	31423.2	14120.6	216.711	538.299	538299	317.642	6336.15	5921.7	72313.8	2.45454e+06	
274.795	30549.5	14226.2	212.558	538.299	538299	316.964	6292.7	5880.95	71781.7	2.45454e+06	
277.676	29704.9	14330.9	208.408	538.299	538299	316.3	6250.24	5841.15	71267	2.45454e+06	
280.556	28885.4	14435	204.254	538.299	538299	315.647	6208.61	5802.15	70767.2	2.45454e+06	
283.437	28087.7	14538.8	200.087	538.299	538299	315.004	6167.67	5763.83	70280	2.45454e+06	
283.935	27951.6	14556.8	199.363	538.299	538299	314.893	6160.64	5757.25	70196.9	2.45454e+06	
284.434	27816.1	14574.7	198.639	538.299	538299	314.783	6153.64	5750.69	70114.1	2.45454e+06	
284.932	27681.1	14592.7	197.915	538.299	538299	314.673	6146.64	5744.15	70031.5	2.45454e+06	
285.431	27546.6	14610.7	197.189	538.299	538299	314.563	6139.67	5737.62	69949.3	2.45454e+06	
285.929	27412.5	14628.7	196.463	538.299	538299	314.453	6132.71	5731.11	69867.4	2.45454e+06	
286.926	27146	14664.7	195.008	538.299	538299	314.234	6118.82	5718.12	69704.3	2.45454e+06	
287.923	26881.3	14700.7	193.548	538.299	538299	314.016	6104.99	5705.19	69542.3	2.45454e+06	
288.92	26618.3	14736.8	192.085	538.299	538299	313.798	6091.21	5692.3	69381.2	2.45454e+06	
289.917	26356.9	14772.9	190.617	538.299	538299	313.581	6077.46	5679.45	69221.1	2.45454e+06	
290.914	26097.1	14809.1	189.145	538.299	538299	313.364	6063.76	5666.64	69061.9	2.45454e+06	
292.696	25636.3	14874	186.501	538.299	538299	312.977	6039.36	5643.83	68779.3	2.45454e+06	
294.477	25179.7	14939.3	183.838	538.299	538299	312.591	6015.04	5621.11	68498.9	2.45454e+06	
296.258	24726.7	15004.9	181.157	538.299	538299	312.206	5990.79	5598.46	68220.4	2.45454e+06	
298.04	24276.9	15071	178.454	538.299	538299	311.821	5966.59	5575.86	67943.6	2.45454e+06	
300.328	23703.2	15156.6	174.948	538.299	538299	311.326	5935.53	5546.86	67589.9	2.45454e+06	
302.617	23133.3	15243.1	171.403	538.299	538299	310.83	5904.48	5517.88	67238	2.45454e+06	
304.905	22566.5	15330.7	167.816	538.299	538299	310.332	5873.4	5488.88	66887.2	2.45454e+06	
307.193	22002.3	15419.4	164.184	538.299	538299	309.833	5842.26	5459.84	66537.1	2.45454e+06	
309.482	21440.2	15509.4	160.508	538.299	538299	309.331	5811.04	5430.72	66187.4	2.45454e+06	
312.149	20787	15615.9	156.165	538.299	538299	308.743	5774.5	5396.65	65779.6	2.45454e+06	
314.817	20135.4	15724.5	151.761	538.299	538299	308.15	5737.78	5362.41	65371.2	2.45454e+06	
317.484	19485.1	15835	147.298	538.299	538299	307.553	5700.86	5327.99	64961.5	2.45454e+06	
320.151	18835.9	15947.8	142.778	538.299	538299	306.95	5663.71	5293.36	64550.3	2.45454e+06	
322.818	18188	16062.8	138.21	538.299	538299	306.343	5626.34	5258.52	64137.3	2.45454e+06	
326.535	17287.7	16226.7	131.778	538.299	538299	305.488	5573.9	5209.64	63558.2	2.45454e+06	
330.252	16391.8	16394.9	125.3	538.299	538299	304.623	5521.1	5160.41	62974.9	2.45454e+06	
333.186	15689.4	16530.6	120.18	538.299	538299	303.935	5479.22	5121.35	62511.6	2.45454e+06	
336.12	14993	16668.6	115.083	538.299	538299	303.244	5437.27	5082.2	62046.1	2.45454e+06	
339.054	14304.8	16808.7	110.039	538.299	538299	302.552	5395.35	5043.06	61579	2.45454e+06	
341.988	13627.2	16950.3	105.082	538.299	538299	301.86	5353.58	5004.04	61111.3	2.45454e+06	
344.922	12963	17093	100.245	538.299	538299	301.17	5312.11	4965.27	60643.9	2.45454e+06	
347.856	12315.3	17236.1	95.5655	538.299	538299	300.486	5271.11	4926.92	60178.2	2.45454e+06	
350.791	11687.1	17379	91.0784	538.299	538299	299.812	5230.76	4889.13	59715.6	2.45454e+06	
353.725	11081.8	17521	86.8164	538.299	538299	299.149	5191.26	4852.1	59258	2.45454e+06	
356.659	10502.2	17661.1	82.8078	538.299	538299	298.501	5152.79	4816.01	58807.2	2.45454e+06	
359.593	9951.19	17798.5	79.0748	538.299	538299	297.873	5115.56	4781.03	58365.1	2.45454e+06	
362.527	9431.15	17932.5	75.6328	538.299	538299	297.266	5079.72	4747.33	57933.9	2.45454e+06	
364.892	9035.9	18037.4	73.0764	538.299	538299	296.795	5051.98	4721.2	57595.6	2.45454e+06	
367.256	8662.67	18139.2	70.7147	538.299	538299	296.342	5025.32	4696.08	57266.6	2.45454e+06	
369.621	8311.89	18237.6	68.5453	538.299	538299	295.907	4999.8	4672.01	56947.8	2.45454e+06	
371.985	7983.74	18332.1	66.5631	538.299	538299	295.492	4975.48	4649.04	56640.1	2.45454e+06	
374.349	7678.13	18422.7	64.7608	538.299	538299	295.096	4952.37	4627.21	56344	2.45454e+06	
376.714	7394.74	18509.1	63.1292	538.299	538299	294.721	4930.51	4606.53	56060.3	2.45454e+06	
379.078	7133.01	18591.2	61.6582	538.299	538299	294.367	4909.88	4587.01	55789.5	2.45454e+06	
381.443	6892.23	18669	60.3366	538.299	538299	294.034	4890.5	4568.64	55531.7	2.45454e+06	
383.807	6671.49	18742.3	59.1526	538.299	538299	293.721	4872.33	4551.42	55287.3	2.45454e+06	
386.972	6405.63	18833.7	57.763	538.299	538299	293.333	4849.87	4530.12	54981.1	2.45454e+06	
389.447	6219.86	18899.8	56.8165	538.299	538299	293.054	4833.75	4514.81	54758.3	2.45454e+06	
391.922	6052.05	18961.2	55.9792	538.299	538299	292.796	4818.82	4500.63	54549.9	2.45454e+06	
394.397	5900.86	19018.3	55.2394	538.299	538299	292.557	4805.05	4487.53	54355.5	2.45454e+06	
396.872	5764.96	19071.1	54.5865	538.299	538299	292.337	4792.36	4475.47	54174.7	2.45454e+06	
398.719	5672.76	19107.8	54.1503	538.299	538299	292.185	4783.57	4467.1	54048.4	2.45454e+06	
400.565	5587.83	19142.4	53.7533	538.299	538299	292.041	4775.32	4459.25	53929.1	2.45454e+06	
402.412	5509.68	19174.9	53.3919	538.299	538299	291.907	4767.59	4451.9	53816.7	2.45454e+06	
404.258	5437.82	19205.4	53.0631	538.299	538299	291.781	4760.36	4445.01	53710.8	2.45454e+06	
406.105	5371.79	19233.9	52.764	538.299	538299	291.663	4753.6	4438.56	53611.2	2.45454e+06	
407.951	5311.16	19260.7	52.4919	538.299	538299	291.553	4747.28	4432.54	53517.7	2.45454e+06	
410.808	5227.04	19298.8	52.1183	538.299	538299	291.397	4738.31	4424	53384.2	2.45454e+06	
413.665	5153.48	19333.1	51.7953	538.299	538299	291.257	4730.27	4416.33	53263.5	2.45454e+06	
416.522	5089.21	19363.9	51.5161	538.299	538299	291.131	4723.05	4409.45	53154.5	2.45454e+06	
419.379	5033.1	19391.6	51.2745	538.299	538299	291.018	4716.6	4403.29	53056.5	2.45454e+06	
422.237	4984.14	19416.4	51.0653	538.299	538299	290.917	4710.83	4397.78	52968.3	2.45454e+06	
425.094	4941.43	19438.5	50.8842	538.299	538299	290.827	4705.68	4392.87	52889.2	2.45454e+06	
427.951	4904.18	19458.3	50.7271	538.299	538299	290.747	4701.08	4388.48	52818.2	2.45454e+06	
430.808	4871.7	19476	50.5909	538.299	538299	290.675	4696.99	4384.57	52754.8	2.45454e+06	
434.165	4838.82	19494.3	50.4537	538.299	538299	290.601	4692.75	4380.53	52688.8	2.45454e+06	
437.522	4810.82	19510.3	50.3373	538.299	538299	290.536	4689.06	4377	52631.1	2.45454e+06	
440.879	4786.99	19524.3	50.2387	538.299	538299	290.48	4685.85	4373.93	52580.7	2.45454e+06	
444.236	4766.68	19536.4	50.1549	538.299	538299	290.431	4683.05	4371.26	52536.7	2.45454e+06	
447.593	4749.38	19546.9	50.0836	538.299	538299	290.389	4680.63	4368.94	52498.3	2.45454e+06	
450.95	4734.63	19556.1	50.0231	538.299	538299	290.352	4678.52	4366.93	52464.9	2.45454e+06	
455.741	4717.26	19567.1	49.9518	538.299	538299	290.307	4675.99	4364.51	52424.7	2.45454e+06	
460.531	4703.41	19576.1	49.8952	538.299	538299	290.271	4673.92	4362.53	52391.8	2.45454e+06	
465.322	4692.35	19583.4	49.85	538.299	538299	290.242	4672.24	4360.93	52364.9	2.45454e+06	
470.113	4683.52	19589.4	49.8139	538.299	538299	290.218	4670.88	4359.62	52342.9	2.45454e+06	
474.904	4676.45	19594.2	49.7851	538.299	538299	290.198	4669.76	4358.56	52325.1	2.45454e+06	
479.695	4670.79	19598.2	49.762	538.299	538299	290.182	4668.86	4357.69	52310.5	2.45454e+06	
485.192	4665.68	19601.8	49.7412	538.299	538299	290.168	4668.03	4356.9	52297.2	2.45454e+06	
490.688	4661.7	19604.6	49.725	538.299	538299	290.157	4667.38	4356.28	52286.6	2.45454e+06	
496.184	4658.62	19606.9	49.7124	538.299	538299	290.148	4666.87	4355.79	52278.4	2.45454e+06	
500	4656.89	19608.1	49.7054	538.299	538299	290.142	4666.58	4355.51	52273.7	2.45454e+06	
