# Time	[Z]	[mu2]	[mZ]	[mF]	[F]	[mP]	[PE]	[PG]	[PM]	[STAT]	(R3).Flux	(R4).Flux	(R5).Flux	(R6).Flux	
0	709983	1329.17	960.491	60	60000	140.422	7037.32	6568.17	78818	40339.9	1.52333e-10	5.03947e-11	3.38705e-12	6.31357e-11	
1e-09	709983	1329.17	960.491	60	60000	140.422	7037.32	6568.17	78818	40339.9	1.52333e-10	5.03947e-11	3.38705e-12	6.31357e-11	
2e-09	709983	1329.17	960.491	60	60000	140.422	7037.32	6568.17	78818	40339.9	1.52333e-10	5.03947e-11	3.38705e-12	6.31357e-11	
1.0002e-05	709983	1329.17	960.49	60	60000	140.422	7037.32	6568.17	78818	40339.9	1.52333e-10	5.03946e-11	3.38705e-12	6.31357e-11	
2.0002e-05	709983	1329.17	960.488	60	60000	140.422	7037.32	6568.17	78818	40339.9	1.52333e-10	5.03946e-11	3.38705e-12	6.31358e-11	
3.0002e-05	709983	1329.17	960.487	60	60000	140.422	7037.32	6568.17	78818	40339.9	1.52333e-10	5.03946e-11	3.38705e-12	6.31358e-11	
0.000130002	709983	1329.18	960.476	60	60000	140.422	7037.32	6568.17	78818	40339.9	1.52333e-10	5.03943e-11	3.38706e-12	6.31359e-11	
0.000230002	709983	1329.18	960.465	60	60000	140.422	7037.32	6568.17	78818	40339.9	1.52333e-10	5.0394e-11	3.38708e-12	6.31361e-11	
0.000330002	709983	1329.18	960.454	60	60000	140.422	7037.32	6568.17	78818	40339.9	1.52333e-10	5.03937e-11	3.38709e-12	6.31363e-11	
0.00133	709983	1329.22	960.344	60	60000	140.422	7037.32	6568.17	78818	40339.9	1.52333e-10	5.03907e-11	3.38721e-12	6.3138e-11	
0.00233	709983	1329.26	960.234	60	60000	140.422	7037.32	6568.17	78818	40339.9	1.52333e-10	5.03877e-11	3.38733e-12	6.31396e-11	
0.00333	709983	1329.29	960.124	60	60000	140.422	7037.32	6568.17	78818	40339.9	1.52333e-10	5.03847e-11	3.38745e-12	6.31413e-11	
0.00433	709983	1329.33	960.014	60	60000	140.422	7037.32	6568.17	78818	40339.9	1.52333e-10	5.03817e-11	3.38757e-12	6.3143e-11	
0.01433	709982	1329.68	958.916	60	60000	140.422	7037.32	6568.17	78818	40339.9	1.52333e-10	5.03521e-11	3.38878e-12	6.31598e-11	
0.02433	709981	1330.04	957.825	60	60000	140.422	7037.31	6568.17	78818	40339.9	1.52333e-10	5.03227e-11	3.38998e-12	6.31767e-11	
0.03433	709978	1330.39	956.739	60	60000	140.422	7037.29	6568.17	78818	40339.9	1.52333e-10	5.02935e-11	3.39119e-12	6.31935e-11	
0.04433	709975	1330.74	955.659	60	60000	140.422	7037.27	6568.17	78818	40339.9	1.52334e-10	5.02646e-11	3.39239e-12	6.32103e-11	
0.05433	709971	1331.1	954.585	60	60000	140.422	7037.25	6568.17	78818	40339.9	1.52334e-10	5.0236e-11	3.3936e-12	6.32272e-11	
0.15433	709883	1334.65	944.161	60	60000	140.419	7036.76	6568.12	78818	40339.9	1.52346e-10	4.99637e-11	3.40566e-12	6.3396e-11	
0.25433	709716	1338.21	934.285	60	60000	140.415	7035.86	6567.98	78818	40339.9	1.52367e-10	4.97161e-11	3.41771e-12	6.35652e-11	
0.35433	709476	1341.79	924.928	60	60000	140.409	7034.6	6567.69	78817.9	40339.9	1.52398e-10	4.94917e-11	3.42976e-12	6.37348e-11	
0.45433	709165	1345.36	916.063	60	60000	140.402	7033.02	6567.23	78817.8	40339.9	1.52439e-10	4.92895e-11	3.4418e-12	6.39047e-11	
0.55433	708789	1348.95	907.663	60	60000	140.393	7031.15	6566.58	78817.6	40339.9	1.52487e-10	4.91083e-11	3.45382e-12	6.40749e-11	
0.74929	707884	1355.94	892.526	60	60000	140.37	7026.8	6564.72	78816.8	40339.9	1.52605e-10	4.88113e-11	3.47723e-12	6.44072e-11	
0.94425	706773	1362.94	878.889	60	60000	140.342	7021.67	6562.1	78815.2	40339.9	1.5275e-10	4.85826e-11	3.50057e-12	6.47399e-11	
1.13921	705482	1369.95	866.596	60	60000	140.31	7015.92	6558.75	78812.6	40339.9	1.52921e-10	4.84155e-11	3.52382e-12	6.50725e-11	
1.33417	704031	1376.94	855.508	60	60000	140.273	7009.65	6554.72	78808.8	40339.9	1.53113e-10	4.8304e-11	3.54697e-12	6.54048e-11	
1.52913	702442	1383.93	845.502	60	60000	140.232	7002.97	6550.09	78803.6	40339.9	1.53326e-10	4.82426e-11	3.57001e-12	6.57365e-11	
1.69786	700968	1389.96	837.628	60	60000	140.194	6996.9	6545.65	78797.9	40339.9	1.53525e-10	4.82261e-11	3.58985e-12	6.60229e-11	
1.86659	699414	1395.97	830.415	60	60000	140.154	6990.62	6540.86	78790.9	40339.9	1.53736e-10	4.82404e-11	3.6096e-12	6.63085e-11	
2.03532	697788	1401.96	823.804	60	60000	140.111	6984.15	6535.77	78782.7	40339.9	1.53959e-10	4.82829e-11	3.62924e-12	6.65932e-11	
2.20405	696099	1407.93	817.739	60	60000	140.067	6977.53	6530.41	78773	40339.9	1.54193e-10	4.83511e-11	3.64878e-12	6.68768e-11	
2.37278	694356	1413.88	812.173	60	60000	140.021	6970.77	6524.82	78762	40339.9	1.54437e-10	4.84427e-11	3.66821e-12	6.71592e-11	
2.56384	692324	1420.58	806.415	60	60000	139.967	6962.98	6518.24	78747.8	40339.9	1.54724e-10	4.85721e-11	3.69007e-12	6.74776e-11	
2.7549	690239	1427.25	801.178	60	60000	139.912	6955.08	6511.45	78731.7	40339.9	1.55021e-10	4.87261e-11	3.71179e-12	6.77942e-11	
2.94595	688110	1433.87	796.412	60	60000	139.855	6947.08	6504.47	78713.7	40339.9	1.55329e-10	4.89022e-11	3.73335e-12	6.8109e-11	
3.13701	685943	1440.46	792.067	60	60000	139.796	6939.01	6497.34	78693.8	40339.9	1.55646e-10	4.90981e-11	3.75476e-12	6.84219e-11	
3.32807	683745	1447.01	788.101	60	60000	139.737	6930.88	6490.08	78672.1	40339.9	1.55971e-10	4.93118e-11	3.77601e-12	6.87328e-11	
3.73973	678931	1460.96	780.67	60	60000	139.606	6913.24	6474.13	78619	40339.9	1.56698e-10	4.98239e-11	3.82126e-12	6.93958e-11	
4.1514	674049	1474.71	774.501	60	60000	139.472	6895.52	6457.88	78557.4	40339.9	1.57455e-10	5.03939e-11	3.86578e-12	7.0049e-11	
4.56306	669135	1488.25	769.336	60	60000	139.337	6877.82	6441.48	78487.8	40339.9	1.58239e-10	5.10086e-11	3.90957e-12	7.0692e-11	
4.97473	664219	1501.58	764.97	60	60000	139.2	6860.21	6425.04	78410.6	40339.9	1.59045e-10	5.16575e-11	3.95263e-12	7.1325e-11	
5.38639	659323	1514.69	761.241	60	60000	139.063	6842.74	6408.64	78326.2	40339.9	1.5987e-10	5.23322e-11	3.995e-12	7.19478e-11	
5.79806	654466	1527.59	758.02	60	60000	138.927	6825.46	6392.34	78235.1	40339.9	1.60713e-10	5.30258e-11	4.03667e-12	7.25607e-11	
6.09058	651045	1536.64	755.983	60	60000	138.83	6813.31	6380.84	78166.5	40339.9	1.6132e-10	5.35272e-11	4.06588e-12	7.29902e-11	
6.38311	647653	1545.58	754.12	60	60000	138.734	6801.28	6369.44	78095	40339.9	1.61935e-10	5.40338e-11	4.09477e-12	7.34149e-11	
6.67564	644294	1554.42	752.407	60	60000	138.639	6789.37	6358.13	78020.7	40339.9	1.62555e-10	5.45443e-11	4.12333e-12	7.38348e-11	
6.96817	640970	1563.16	750.821	60	60000	138.544	6777.59	6346.92	77943.9	40339.9	1.63181e-10	5.50575e-11	4.15159e-12	7.42501e-11	
7.26069	637683	1571.81	749.344	60	60000	138.45	6765.94	6335.83	77864.5	40339.9	1.63813e-10	5.55725e-11	4.17955e-12	7.46608e-11	
7.50591	634956	1578.98	748.18	60	60000	138.372	6756.27	6326.62	77796.3	40339.9	1.64346e-10	5.6005e-11	4.20276e-12	7.50017e-11	
7.75113	632258	1586.1	747.073	60	60000	138.295	6746.7	6317.5	77726.5	40339.9	1.64882e-10	5.64377e-11	4.22577e-12	7.53396e-11	
7.99635	629587	1593.15	746.018	60	60000	138.218	6737.22	6308.46	77655.3	40339.9	1.65421e-10	5.68704e-11	4.24859e-12	7.56745e-11	
8.24157	626945	1600.14	745.008	60	60000	138.142	6727.84	6299.5	77582.8	40339.9	1.65963e-10	5.73027e-11	4.27122e-12	7.60065e-11	
8.46973	624513	1606.59	744.104	60	60000	138.071	6719.19	6291.25	77514.2	40339.9	1.66469e-10	5.77044e-11	4.29211e-12	7.63129e-11	
8.69788	622106	1612.99	743.232	60	60000	138.002	6710.62	6283.07	77444.6	40339.9	1.66978e-10	5.81054e-11	4.31285e-12	7.66169e-11	
8.92604	619723	1619.34	742.387	60	60000	137.932	6702.13	6274.97	77374.1	40339.9	1.67489e-10	5.85056e-11	4.33344e-12	7.69186e-11	
9.1542	617366	1625.64	741.568	60	60000	137.864	6693.73	6266.94	77302.6	40339.9	1.68001e-10	5.89048e-11	4.35388e-12	7.7218e-11	
9.7328	611502	1641.42	739.585	60	60000	137.692	6672.74	6246.91	77117.9	40339.9	1.69308e-10	5.99123e-11	4.40508e-12	7.79675e-11	
10.3114	605798	1656.92	737.714	60	60000	137.524	6652.24	6227.33	76928.8	40339.9	1.70626e-10	6.09118e-11	4.45544e-12	7.87037e-11	
10.89	600252	1672.16	735.932	60	60000	137.359	6632.2	6208.21	76736.2	40339.9	1.71952e-10	6.19027e-11	4.50499e-12	7.94274e-11	
11.4686	594860	1687.15	734.22	60	60000	137.198	6612.59	6189.51	76540.7	40339.9	1.73285e-10	6.28846e-11	4.55381e-12	8.01395e-11	
12.0472	589618	1701.91	732.565	60	60000	137.04	6593.4	6171.21	76342.9	40339.9	1.74625e-10	6.38577e-11	4.60193e-12	8.08408e-11	
12.8028	582991	1720.87	730.473	60	60000	136.837	6568.91	6147.9	76082.4	40339.9	1.76384e-10	6.51152e-11	4.66381e-12	8.17413e-11	
13.5584	576603	1739.49	728.447	60	60000	136.64	6545.05	6125.19	75820.2	40339.9	1.78151e-10	6.63584e-11	4.72469e-12	8.2626e-11	
14.314	570443	1757.81	726.473	60	60000	136.447	6521.75	6103.05	75557.3	40339.9	1.79924e-10	6.7588e-11	4.78464e-12	8.34962e-11	
15.0696	564500	1775.86	724.545	60	60000	136.258	6498.99	6081.44	75294.4	40339.9	1.81703e-10	6.88048e-11	4.84376e-12	8.43531e-11	
15.8252	558764	1793.64	722.656	60	60000	136.073	6476.71	6060.3	75032.2	40339.9	1.83486e-10	7.00099e-11	4.90211e-12	8.51979e-11	
16.32	555115	1805.16	721.438	60	60000	135.954	6462.37	6046.71	74861.1	40339.9	1.84655e-10	7.0793e-11	4.93993e-12	8.57449e-11	
16.8148	551548	1816.58	720.233	60	60000	135.836	6448.21	6033.29	74690.7	40339.9	1.85826e-10	7.15717e-11	4.97746e-12	8.62874e-11	
17.3096	548060	1827.91	719.042	60	60000	135.72	6434.23	6020.06	74521.1	40339.9	1.86998e-10	7.23461e-11	5.01472e-12	8.68256e-11	
17.8044	544648	1839.15	717.862	60	60000	135.605	6420.42	6006.98	74352.2	40339.9	1.88171e-10	7.31165e-11	5.05173e-12	8.73598e-11	
18.0703	542846	1845.16	717.233	60	60000	135.543	6413.07	6000.02	74261.9	40339.9	1.88801e-10	7.35289e-11	5.07151e-12	8.76452e-11	
18.3362	541064	1851.15	716.607	60	60000	135.482	6405.76	5993.11	74171.9	40339.9	1.89432e-10	7.39402e-11	5.09122e-12	8.79295e-11	
18.602	539303	1857.11	715.984	60	60000	135.422	6398.49	5986.24	74082.1	40339.9	1.90063e-10	7.43505e-11	5.11087e-12	8.82127e-11	
19.5308	533306	1877.78	713.83	60	60000	135.212	6373.44	5962.56	73770.9	40339.9	1.92267e-10	7.57759e-11	5.179e-12	8.91943e-11	
20.4595	527540	1898.2	711.709	60	60000	135.006	6348.86	5939.35	73463.6	40339.9	1.94473e-10	7.71901e-11	5.24641e-12	9.01646e-11	
21.3883	521989	1918.41	709.618	60	60000	134.804	6324.73	5916.58	73160.4	40339.9	1.9668e-10	7.85941e-11	5.31317e-12	9.11244e-11	
21.6204	520633	1923.43	709.1	60	60000	134.754	6318.76	5910.95	73085.2	40339.9	1.97232e-10	7.89437e-11	5.32976e-12	9.13629e-11	
21.8526	519290	1928.44	708.583	60	60000	134.704	6312.82	5905.35	73010.4	40339.9	1.97784e-10	7.92927e-11	5.34631e-12	9.16008e-11	
22.0848	517959	1933.43	708.068	60	60000	134.654	6306.91	5899.77	72935.7	40339.9	1.98336e-10	7.96411e-11	5.36284e-12	9.18381e-11	
22.317	516640	1938.42	707.555	60	60000	134.605	6301.01	5894.21	72861.4	40339.9	1.98888e-10	7.9989e-11	5.37932e-12	9.20749e-11	
22.4862	515686	1942.05	707.181	60	60000	134.568	6296.73	5890.18	72807.4	40339.9	1.99291e-10	8.02423e-11	5.39132e-12	9.22472e-11	
22.6555	514739	1945.67	706.809	60	60000	134.533	6292.46	5886.15	72753.5	40339.9	1.99693e-10	8.04952e-11	5.40329e-12	9.24192e-11	
22.8247	513797	1949.28	706.437	60	60000	134.497	6288.21	5882.14	72699.7	40339.9	2.00095e-10	8.0748e-11	5.41525e-12	9.25909e-11	
23.5517	509820	1964.75	704.85	60	60000	134.344	6270.06	5865.04	72470.5	40339.9	2.01824e-10	8.18306e-11	5.46644e-12	9.33254e-11	
24.2787	505950	1980.11	703.277	60	60000	134.192	6252.13	5848.15	72243.9	40339.9	2.03554e-10	8.29089e-11	5.51732e-12	9.40553e-11	
25.0058	502180	1995.39	701.716	60	60000	134.043	6234.39	5831.45	72019.9	40339.9	2.05284e-10	8.39829e-11	5.56793e-12	9.47809e-11	
25.7328	498506	2010.58	700.168	60	60000	133.894	6216.85	5814.94	71798.4	40339.9	2.07015e-10	8.50532e-11	5.61829e-12	9.55024e-11	
26.0193	497083	2016.54	699.561	60	60000	133.836	6209.98	5808.48	71711.8	40339.9	2.07697e-10	8.54741e-11	5.63807e-12	9.57858e-11	
26.3058	495674	2022.5	698.956	60	60000	133.778	6203.15	5802.05	71625.6	40339.9	2.0838e-10	8.58944e-11	5.65782e-12	9.60686e-11	
26.5924	494279	2028.44	698.353	60	60000	133.72	6196.33	5795.64	71539.8	40339.9	2.09062e-10	8.63143e-11	5.67753e-12	9.63509e-11	
27.3268	490763	2043.62	696.814	60	60000	133.573	6179	5779.34	71321.6	40339.9	2.10813e-10	8.73882e-11	5.7279e-12	9.7072e-11	
28.0612	487330	2058.74	695.286	60	60000	133.427	6161.82	5763.19	71105.9	40339.9	2.12566e-10	8.84592e-11	5.77807e-12	9.779e-11	
28.7956	483975	2073.79	693.768	60	60000	133.282	6144.8	5747.19	70892.5	40339.9	2.14321e-10	8.95276e-11	5.82805e-12	9.85051e-11	
29.53	480695	2088.79	692.259	60	60000	133.138	6127.93	5731.34	70681.5	40339.9	2.16077e-10	9.05937e-11	5.87786e-12	9.92175e-11	
30.0107	478587	2098.58	691.276	60	60000	133.044	6116.96	5721.03	70544.5	40339.9	2.17229e-10	9.12905e-11	5.91039e-12	9.96826e-11	
30.4915	476508	2108.35	690.296	60	60000	132.951	6106.04	5710.78	70408.6	40339.9	2.18382e-10	9.19865e-11	5.94286e-12	1.00147e-10	
30.9722	474458	2118.11	689.32	60	60000	132.858	6095.19	5700.59	70273.5	40339.9	2.19536e-10	9.26818e-11	5.97527e-12	1.0061e-10	
32.1267	469645	2141.46	686.99	60	60000	132.637	6069.33	5676.32	69952.9	40339.9	2.22314e-10	9.43491e-11	6.0529e-12	1.01719e-10	
33.2812	464979	2164.74	684.677	60	60000	132.417	6043.75	5652.32	69637.2	40339.9	2.25103e-10	9.60138e-11	6.13029e-12	1.02825e-10	
34.4356	460448	2187.95	682.38	60	60000	132.199	6018.43	5628.57	69326.1	40339.9	2.27904e-10	9.76771e-11	6.20751e-12	1.03928e-10	
34.7242	459335	2193.75	681.808	60	60000	132.145	6012.14	5622.67	69249.1	40339.9	2.28606e-10	9.80928e-11	6.22679e-12	1.04203e-10	
35.0129	458230	2199.55	681.237	60	60000	132.091	6005.86	5616.79	69172.3	40339.9	2.2931e-10	9.85086e-11	6.24607e-12	1.04478e-10	
35.3015	457132	2205.34	680.666	60	60000	132.037	5999.59	5610.91	69095.7	40339.9	2.30014e-10	9.89243e-11	6.26534e-12	1.04754e-10	
35.5901	456042	2211.13	680.096	60	60000	131.983	5993.34	5605.05	69019.5	40339.9	2.3072e-10	9.93401e-11	6.28461e-12	1.05029e-10	
35.9329	454756	2218.01	679.42	60	60000	131.919	5985.93	5598.11	68929.2	40339.9	2.31559e-10	9.98341e-11	6.30749e-12	1.05356e-10	
36.2758	453480	2224.89	678.746	60	60000	131.855	5978.54	5591.18	68839.3	40339.9	2.324e-10	1.00328e-10	6.33037e-12	1.05682e-10	
36.6186	452214	2231.77	678.072	60	60000	131.791	5971.17	5584.27	68749.7	40339.9	2.33242e-10	1.00822e-10	6.35325e-12	1.06009e-10	
38.0072	447179	2259.62	675.352	60	60000	131.534	5941.47	5556.45	68390.3	40339.9	2.36671e-10	1.02826e-10	6.44593e-12	1.07332e-10	
39.3957	442285	2287.5	672.643	60	60000	131.278	5912	5528.87	68036	40339.9	2.40131e-10	1.04834e-10	6.53871e-12	1.08656e-10	
39.7428	441082	2294.49	671.968	60	60000	131.214	5904.66	5522	67948.2	40339.9	2.41001e-10	1.05337e-10	6.56194e-12	1.08988e-10	
40.09	439887	2301.47	671.293	60	60000	131.15	5897.34	5515.14	67860.6	40339.9	2.41874e-10	1.05841e-10	6.58518e-12	1.0932e-10	
40.4371	438699	2308.46	670.618	60	60000	131.086	5890.03	5508.3	67773.3	40339.9	2.42749e-10	1.06345e-10	6.60843e-12	1.09652e-10	
40.7842	437519	2315.46	669.944	60	60000	131.023	5882.72	5501.47	67686.3	40339.9	2.43626e-10	1.06849e-10	6.63171e-12	1.09984e-10	
40.9757	436871	2319.32	669.572	60	60000	130.988	5878.7	5497.7	67638.4	40339.9	2.44111e-10	1.07128e-10	6.64456e-12	1.10168e-10	
41.1671	436225	2323.18	669.201	60	60000	130.953	5874.68	5493.94	67590.6	40339.9	2.44597e-10	1.07406e-10	6.65741e-12	1.10351e-10	
41.3586	435582	2327.04	668.829	60	60000	130.918	5870.66	5490.19	67542.9	40339.9	2.45083e-10	1.07685e-10	6.67027e-12	1.10535e-10	
41.6146	434724	2332.22	668.333	60	60000	130.871	5865.3	5485.17	67479.2	40339.9	2.45735e-10	1.08058e-10	6.68747e-12	1.1078e-10	
41.8706	433870	2337.39	667.836	60	60000	130.824	5859.93	5480.15	67415.6	40339.9	2.46388e-10	1.08432e-10	6.70469e-12	1.11026e-10	
42.1266	433020	2342.57	667.34	60	60000	130.777	5854.57	5475.14	67352.2	40339.9	2.47043e-10	1.08805e-10	6.72193e-12	1.11272e-10	
43.6156	428144	2372.8	664.455	60	60000	130.505	5823.48	5446.07	66985.6	40339.9	2.50882e-10	1.10988e-10	6.82248e-12	1.12708e-10	
43.9879	426942	2380.39	663.733	60	60000	130.437	5815.72	5438.82	66894.5	40339.9	2.5185e-10	1.11536e-10	6.84772e-12	1.13068e-10	
44.3601	425747	2387.99	663.012	60	60000	130.369	5807.97	5431.58	66803.7	40339.9	2.52822e-10	1.12085e-10	6.87299e-12	1.13429e-10	
44.7324	424557	2395.6	662.29	60	60000	130.301	5800.22	5424.34	66713.1	40339.9	2.53798e-10	1.12635e-10	6.89832e-12	1.13791e-10	
45.1047	423375	2403.23	661.569	60	60000	130.233	5792.48	5417.11	66622.6	40339.9	2.54778e-10	1.13186e-10	6.92368e-12	1.14153e-10	
45.366	422548	2408.6	661.062	60	60000	130.185	5787.04	5412.03	66559.3	40339.9	2.55468e-10	1.13574e-10	6.94153e-12	1.14408e-10	
45.6274	421724	2413.97	660.555	60	60000	130.137	5781.61	5406.96	66496	40339.9	2.5616e-10	1.13962e-10	6.95939e-12	1.14664e-10	
45.8887	420902	2419.35	660.048	60	60000	130.089	5776.18	5401.88	66432.9	40339.9	2.56854e-10	1.14351e-10	6.97728e-12	1.14919e-10	
47.1905	416851	2446.29	657.519	60	60000	129.851	5749.13	5376.63	66119.5	40339.9	2.60344e-10	1.16297e-10	7.06682e-12	1.16199e-10	
48.4923	412862	2473.47	654.982	60	60000	129.612	5722.06	5351.37	65807.9	40339.9	2.63889e-10	1.18261e-10	7.15714e-12	1.1749e-10	
48.8178	411873	2480.31	654.347	60	60000	129.552	5715.29	5345.06	65730.3	40339.9	2.64785e-10	1.18755e-10	7.17985e-12	1.17815e-10	
49.1432	410888	2487.16	653.711	60	60000	129.492	5708.52	5338.74	65652.7	40339.9	2.65684e-10	1.1925e-10	7.20262e-12	1.1814e-10	
49.4687	409906	2494.03	653.074	60	60000	129.432	5701.74	5332.42	65575.2	40339.9	2.66588e-10	1.19747e-10	7.22545e-12	1.18467e-10	
49.7941	408927	2500.93	652.436	60	60000	129.372	5694.96	5326.09	65497.8	40339.9	2.67495e-10	1.20245e-10	7.24834e-12	1.18794e-10	
49.9919	408333	2505.13	652.048	60	60000	129.335	5690.84	5322.25	65450.8	40339.9	2.68049e-10	1.20548e-10	7.26228e-12	1.18993e-10	
50.1897	407741	2509.33	651.66	60	60000	129.298	5686.71	5318.4	65403.9	40339.9	2.68604e-10	1.20851e-10	7.27625e-12	1.19193e-10	
50.3875	407150	2513.54	651.271	60	60000	129.262	5682.59	5314.56	65356.9	40339.9	2.69161e-10	1.21156e-10	7.29023e-12	1.19393e-10	
50.9238	405551	2525.01	650.216	60	60000	129.162	5671.38	5304.11	65229.7	40339.9	2.70678e-10	1.21984e-10	7.32829e-12	1.19938e-10	
51.4602	403960	2536.53	649.158	60	60000	129.063	5660.16	5293.66	65102.6	40339.9	2.72208e-10	1.22816e-10	7.36653e-12	1.20485e-10	
51.9965	402376	2548.12	648.098	60	60000	128.963	5648.93	5283.19	64975.6	40339.9	2.7375e-10	1.23652e-10	7.40497e-12	1.21036e-10	
54.2579	395765	2597.7	643.592	60	60000	128.537	5601.29	5238.82	64441.1	40339.9	2.80398e-10	1.27228e-10	7.56938e-12	1.23391e-10	
54.8232	394126	2610.3	642.455	60	60000	128.43	5589.3	5227.66	64307.5	40339.9	2.82099e-10	1.28136e-10	7.61112e-12	1.23989e-10	
55.3886	392493	2622.98	641.314	60	60000	128.322	5577.27	5216.47	64173.9	40339.9	2.83817e-10	1.2905e-10	7.65315e-12	1.24592e-10	
55.9539	390864	2635.76	640.169	60	60000	128.214	5565.21	5205.24	64040.2	40339.9	2.85553e-10	1.2997e-10	7.69547e-12	1.25199e-10	
56.5192	389239	2648.64	639.018	60	60000	128.105	5553.1	5193.98	63906.4	40339.9	2.87307e-10	1.30896e-10	7.73809e-12	1.2581e-10	
56.682	388772	2652.37	638.686	60	60000	128.074	5549.61	5190.73	63867.8	40339.9	2.87816e-10	1.31164e-10	7.75042e-12	1.25987e-10	
56.8449	388305	2656.1	638.353	60	60000	128.043	5546.11	5187.48	63829.2	40339.9	2.88326e-10	1.31433e-10	7.76278e-12	1.26165e-10	
57.0077	387839	2659.84	638.02	60	60000	128.011	5542.61	5184.22	63790.7	40339.9	2.88837e-10	1.31702e-10	7.77517e-12	1.26343e-10	
57.2475	387152	2665.37	637.528	60	60000	127.965	5537.44	5179.42	63733.8	40339.9	2.89594e-10	1.321e-10	7.79346e-12	1.26605e-10	
57.4873	386466	2670.92	637.035	60	60000	127.918	5532.27	5174.61	63676.9	40339.9	2.90354e-10	1.32499e-10	7.81181e-12	1.26869e-10	
57.7272	385780	2676.49	636.542	60	60000	127.871	5527.08	5169.79	63620	40339.9	2.91117e-10	1.32899e-10	7.83023e-12	1.27133e-10	
58.3823	383910	2691.8	635.188	60	60000	127.743	5512.88	5156.58	63464.4	40339.9	2.93221e-10	1.33998e-10	7.88084e-12	1.2786e-10	
59.0374	382043	2707.26	633.826	60	60000	127.614	5498.59	5143.31	63308.4	40339.9	2.95353e-10	1.35108e-10	7.93193e-12	1.28595e-10	
59.6925	380178	2722.88	632.455	60	60000	127.485	5484.23	5129.97	63152.1	40339.9	2.97514e-10	1.36228e-10	7.98352e-12	1.29337e-10	
60.4799	377940	2741.87	630.796	60	60000	127.328	5466.87	5113.83	62963.7	40339.9	3.00151e-10	1.37589e-10	8.04622e-12	1.30239e-10	
61.2673	375703	2761.12	629.123	60	60000	127.169	5449.37	5097.59	62774.6	40339.9	3.02833e-10	1.38967e-10	8.10971e-12	1.31153e-10	
61.4642	375144	2765.97	628.702	60	60000	127.129	5444.98	5093.51	62727.3	40339.9	3.0351e-10	1.39314e-10	8.12571e-12	1.31383e-10	
61.661	374585	2770.84	628.281	60	60000	127.089	5440.57	5089.42	62679.8	40339.9	3.04191e-10	1.39662e-10	8.14176e-12	1.31615e-10	
61.8579	374026	2775.72	627.858	60	60000	127.049	5436.16	5085.32	62632.4	40339.9	3.04875e-10	1.40011e-10	8.15787e-12	1.31847e-10	
62.0963	373350	2781.66	627.345	60	60000	127	5430.81	5080.35	62574.8	40339.9	3.05707e-10	1.40435e-10	8.17744e-12	1.32129e-10	
62.3346	372673	2787.62	626.831	60	60000	126.952	5425.44	5075.37	62517.2	40339.9	3.06543e-10	1.40861e-10	8.19709e-12	1.32412e-10	
62.573	371996	2793.61	626.316	60	60000	126.903	5420.06	5070.37	62459.5	40339.9	3.07385e-10	1.41289e-10	8.21683e-12	1.32697e-10	
62.9605	370896	2803.41	625.474	60	60000	126.823	5411.28	5062.23	62365.5	40339.9	3.08762e-10	1.41988e-10	8.24908e-12	1.33162e-10	
63.3479	369795	2813.27	624.629	60	60000	126.743	5402.47	5054.06	62271.3	40339.9	3.10151e-10	1.42691e-10	8.28155e-12	1.3363e-10	
63.7354	368695	2823.2	623.78	60	60000	126.662	5393.62	5045.84	62176.9	40339.9	3.11554e-10	1.43399e-10	8.31424e-12	1.34102e-10	
65.5895	363417	2871.81	619.657	60	60000	126.27	5350.7	5006.05	61721.5	40339.9	3.18451e-10	1.46856e-10	8.47402e-12	1.36411e-10	
66.053	362094	2884.25	618.61	60	60000	126.17	5339.81	4995.96	61606.6	40339.9	3.20226e-10	1.47739e-10	8.51487e-12	1.37002e-10	
66.5165	360769	2896.81	617.556	60	60000	126.07	5328.87	4985.81	61491.3	40339.9	3.22023e-10	1.4863e-10	8.5561e-12	1.37599e-10	
66.98	359442	2909.5	616.496	60	60000	125.969	5317.85	4975.6	61375.6	40339.9	3.23841e-10	1.49528e-10	8.59772e-12	1.38201e-10	
67.4436	358113	2922.32	615.427	60	60000	125.867	5306.76	4965.32	61259.3	40339.9	3.25682e-10	1.50435e-10	8.63974e-12	1.3881e-10	
67.6628	357484	2928.43	614.92	60	60000	125.818	5301.49	4960.44	61204.2	40339.9	3.26561e-10	1.50867e-10	8.65975e-12	1.391e-10	
67.882	356854	2934.57	614.41	60	60000	125.77	5296.2	4955.55	61148.9	40339.9	3.27445e-10	1.51301e-10	8.67986e-12	1.39392e-10	
68.1012	356224	2940.74	613.899	60	60000	125.721	5290.9	4950.64	61093.5	40339.9	3.28334e-10	1.51736e-10	8.70006e-12	1.39685e-10	
68.3361	355548	2947.38	613.35	60	60000	125.668	5285.2	4945.36	61034.1	40339.9	3.29292e-10	1.52205e-10	8.72181e-12	1.40001e-10	
68.5709	354871	2954.06	612.799	60	60000	125.616	5279.48	4940.06	60974.5	40339.9	3.30257e-10	1.52676e-10	8.74368e-12	1.40318e-10	
68.8058	354194	2960.78	612.245	60	60000	125.563	5273.74	4934.75	60914.7	40339.9	3.31228e-10	1.5315e-10	8.76565e-12	1.40637e-10	
69.9144	350985	2992.99	609.604	60	60000	125.31	5246.38	4909.42	60630.8	40339.9	3.35899e-10	1.55417e-10	8.87096e-12	1.42167e-10	
71.0231	347756	3026.08	606.914	60	60000	125.052	5218.53	4883.65	60343.3	40339.9	3.40723e-10	1.57738e-10	8.97897e-12	1.43739e-10	
72.3843	343760	3068.01	603.541	60	60000	124.728	5183.63	4851.38	59985.2	40339.9	3.46867e-10	1.60669e-10	9.11557e-12	1.45731e-10	
73.7456	339726	3111.48	600.083	60	60000	124.395	5147.9	4818.35	59620.9	40339.9	3.53274e-10	1.63694e-10	9.25687e-12	1.47795e-10	
75.1068	335647	3156.62	596.536	60	60000	124.052	5111.27	4784.51	59249.7	40339.9	3.59965e-10	1.6682e-10	9.40324e-12	1.49939e-10	
76.468	331518	3203.56	592.892	60	60000	123.699	5073.68	4749.79	58871	40339.9	3.66964e-10	1.70055e-10	9.55508e-12	1.52169e-10	
78.0585	326624	3260.9	588.505	60	60000	123.272	5028.43	4708.02	58418.4	40339.9	3.75563e-10	1.73982e-10	9.74e-12	1.54893e-10	
79.6489	321646	3321.19	583.966	60	60000	122.829	4981.64	4664.86	57953.6	40339.9	3.8466e-10	1.7808e-10	9.93371e-12	1.57756e-10	
81.2393	316576	3384.71	579.263	60	60000	122.368	4933.18	4620.18	57475.5	40339.9	3.94302e-10	1.82364e-10	1.0137e-11	1.60774e-10	
82.8298	311404	3451.8	574.386	60	60000	121.887	4882.91	4573.86	56983	40339.9	4.04542e-10	1.86849e-10	1.03509e-11	1.63961e-10	
84.4202	306121	3522.83	569.32	60	60000	121.384	4830.69	4525.77	56474.7	40339.9	4.15436e-10	1.91551e-10	1.05762e-11	1.67334e-10	
86.2827	299783	3611.54	563.131	60	60000	120.766	4766.85	4467.01	55857.6	40339.9	4.29112e-10	1.97355e-10	1.0856e-11	1.71548e-10	
88.1452	293266	3706.92	556.645	60	60000	120.113	4699.88	4405.38	55214.8	40339.9	4.43883e-10	2.03508e-10	1.11548e-11	1.76079e-10	
90.0077	286557	3809.78	549.84	60	60000	119.422	4629.5	4340.66	54543.7	40339.9	4.59871e-10	2.10039e-10	1.14746e-11	1.80965e-10	
91.8702	279641	3921.03	542.696	60	60000	118.689	4555.46	4272.59	53841.8	40339.9	4.77205e-10	2.16977e-10	1.18175e-11	1.86249e-10	
93.7327	272508	4041.69	535.193	60	60000	117.91	4477.47	4200.92	53106.4	40339.9	4.96024e-10	2.24353e-10	1.21857e-11	1.9198e-10	
95.5951	265144	4172.89	527.315	60	60000	117.082	4395.29	4125.4	52334.8	40339.9	5.16472e-10	2.32193e-10	1.25818e-11	1.98212e-10	
97.4576	257543	4315.86	519.048	60	60000	116.2	4308.68	4045.81	51524.2	40339.9	5.38691e-10	2.40522e-10	1.3008e-11	2.05003e-10	
98.964	251217	4441.01	512.072	60	60000	115.445	4235.26	3978.32	50838.3	40339.9	5.58051e-10	2.4763e-10	1.33765e-11	2.10948e-10	
100.47	244731	4575.49	504.838	60	60000	114.651	4158.72	3907.96	50123.6	40339.9	5.78723e-10	2.55075e-10	1.37675e-11	2.17336e-10	
101.977	238086	4720.08	497.349	60	60000	113.817	4079.05	3834.68	49379.1	40339.9	6.00756e-10	2.6286e-10	1.4182e-11	2.24204e-10	
103.483	231285	4875.54	489.615	60	60000	112.94	3996.23	3758.46	48603.6	40339.9	6.24183e-10	2.70979e-10	1.46209e-11	2.31588e-10	
104.989	224335	5042.66	481.651	60	60000	112.022	3910.32	3679.34	47796.3	40339.9	6.49008e-10	2.79419e-10	1.50848e-11	2.39526e-10	
106.218	218564	5188.07	475.002	60	60000	111.241	3838.07	3612.74	47114.1	40339.9	6.70271e-10	2.86526e-10	1.54817e-11	2.46433e-10	
107.446	212708	5342.07	468.231	60	60000	110.432	3763.96	3544.35	46410.3	40339.9	6.92409e-10	2.93816e-10	1.58952e-11	2.53748e-10	
108.674	206777	5504.95	461.357	60	60000	109.596	3688.13	3474.29	45685.1	40339.9	7.15365e-10	3.01268e-10	1.63249e-11	2.61485e-10	
109.903	200781	5676.95	454.402	60	60000	108.734	3610.78	3402.74	44938.8	40339.9	7.39059e-10	3.08856e-10	1.67701e-11	2.69655e-10	
111.131	194733	5858.2	447.393	60	60000	107.848	3532.12	3329.87	44172.2	40339.9	7.63384e-10	3.16549e-10	1.72298e-11	2.78265e-10	
112.36	188649	6048.74	440.356	60	60000	106.941	3452.43	3255.92	43386.4	40339.9	7.88207e-10	3.2431e-10	1.77027e-11	2.87315e-10	
113.588	182544	6248.47	433.324	60	60000	106.014	3372.03	3181.17	42582.5	40339.9	8.13371e-10	3.32101e-10	1.8187e-11	2.96802e-10	
114.816	176437	6457.14	426.327	60	60000	105.073	3291.25	3105.92	41762.4	40339.9	8.38698e-10	3.39878e-10	1.86807e-11	3.06714e-10	
116.045	170346	6674.37	419.397	60	60000	104.12	3210.47	3030.52	40928.1	40339.9	8.63992e-10	3.47595e-10	1.91817e-11	3.17033e-10	
117.273	164292	6899.6	412.567	60	60000	103.16	3130.08	2955.32	40082.1	40339.9	8.89046e-10	3.55204e-10	1.96873e-11	3.27731e-10	
118.501	158295	7132.11	405.865	60	60000	102.197	3050.49	2880.69	39227.2	40339.9	9.1365e-10	3.62658e-10	2.01948e-11	3.38775e-10	
119.73	152375	7371.04	399.319	60	60000	101.238	2972.1	2807.01	38366.3	40339.9	9.37599e-10	3.69912e-10	2.07014e-11	3.50124e-10	
120.69	147817	7561.55	394.328	60	60000	100.493	2911.94	2750.35	37691.8	40339.9	9.5573e-10	3.75412e-10	2.10947e-11	3.59173e-10	
121.649	143328	7754.85	389.455	60	60000	99.7558	2852.92	2694.65	37017.2	40339.9	9.73262e-10	3.80743e-10	2.14845e-11	3.68355e-10	
122.609	138915	7950.39	384.707	60	60000	99.0276	2795.19	2640.08	36344.5	40339.9	9.90123e-10	3.85887e-10	2.18695e-11	3.77644e-10	
123.569	134588	8147.61	380.089	60	60000	98.311	2738.91	2586.78	35675.1	40339.9	1.00625e-09	3.9083e-10	2.22485e-11	3.87011e-10	
124.528	130353	8345.91	375.605	60	60000	97.6079	2684.19	2534.87	35010.9	40339.9	1.0216e-09	3.95556e-10	2.26205e-11	3.96431e-10	
125.6	125743	8567.84	370.759	60	60000	96.8412	2625.08	2478.7	34277.5	40339.9	1.03776e-09	4.0056e-10	2.30262e-11	4.06972e-10	
126.671	121264	8789.59	366.08	60	60000	96.0957	2568.18	2424.53	33554.8	40339.9	1.05288e-09	4.05265e-10	2.34208e-11	4.17506e-10	
127.742	116923	9010.42	361.566	60	60000	95.3732	2513.56	2372.44	32844.7	40339.9	1.06694e-09	4.0966e-10	2.38035e-11	4.27995e-10	
128.813	112724	9229.6	357.21	60	60000	94.6753	2461.27	2322.52	32149.2	40339.9	1.07995e-09	4.13736e-10	2.41734e-11	4.38406e-10	
129.885	108673	9446.48	353.005	60	60000	94.0029	2411.35	2274.78	31470.1	40339.9	1.09192e-09	4.17489e-10	2.45301e-11	4.48708e-10	
130.956	104770	9660.47	348.943	60	60000	93.3567	2363.79	2229.25	30808.7	40339.9	1.1029e-09	4.20916e-10	2.48732e-11	4.58872e-10	
132.366	99863.6	9936.81	343.799	60	60000	92.547	2304.75	2172.66	29967.5	40339.9	1.11589e-09	4.24927e-10	2.5304e-11	4.71998e-10	
133.776	95217.6	10206.2	338.861	60	60000	91.7835	2249.64	2119.78	29161.7	40339.9	1.12736e-09	4.28376e-10	2.5711e-11	4.84797e-10	
135.185	90829.1	10468	334.106	60	60000	91.0655	2198.32	2070.5	28392.8	40339.9	1.13742e-09	4.31272e-10	2.60949e-11	4.97231e-10	
136.595	86692.5	10721.6	329.509	60	60000	90.3917	2150.59	2024.64	27661.8	40339.9	1.14622e-09	4.33629e-10	2.64562e-11	5.09276e-10	
138.005	82800.2	10966.6	325.048	60	60000	89.7602	2106.25	1982.02	26969.1	40339.9	1.15389e-09	4.35464e-10	2.67961e-11	5.20914e-10	
139.415	79143	11202.9	320.701	60	60000	89.169	2065.06	1942.42	26314.6	40339.9	1.16055e-09	4.36796e-10	2.71155e-11	5.32139e-10	
140.825	75710.3	11430.5	316.45	60	60000	88.6157	2026.8	1905.65	25697.7	40339.9	1.16635e-09	4.37649e-10	2.74157e-11	5.42948e-10	
142.235	72490.9	11649.4	312.278	60	60000	88.0978	1991.24	1871.47	25117.3	40339.9	1.17137e-09	4.38045e-10	2.7698e-11	5.53348e-10	
143.644	69472.9	11860	308.17	60	60000	87.6129	1958.16	1839.69	24572.3	40339.9	1.17574e-09	4.38009e-10	2.79636e-11	5.63348e-10	
145.324	66124.6	12100.2	303.344	60	60000	87.0748	1921.7	1804.69	23967.2	40339.9	1.18019e-09	4.37439e-10	2.82598e-11	5.74758e-10	
147.003	63024.6	12329.5	298.577	60	60000	86.5759	1888.12	1772.48	23407.2	40339.9	1.18396e-09	4.36335e-10	2.85363e-11	5.8565e-10	
148.682	60153.1	12548.6	293.854	60	60000	86.1123	1857.12	1742.76	22889.4	40339.9	1.18716e-09	4.34741e-10	2.87948e-11	5.96056e-10	
150.361	57490.9	12758.1	289.166	60	60000	85.6803	1828.4	1715.26	22410.6	40339.9	1.18988e-09	4.32697e-10	2.90372e-11	6.06012e-10	
152.04	55019.9	12959	284.505	60	60000	85.2768	1801.71	1689.74	21967.7	40339.9	1.1922e-09	4.30242e-10	2.92651e-11	6.15551e-10	
153.72	52722.9	13151.8	279.867	60	60000	84.8986	1776.84	1665.98	21557.8	40339.9	1.19418e-09	4.27414e-10	2.948e-11	6.2471e-10	
155.399	50584	13337.3	275.246	60	60000	84.5431	1753.57	1643.77	21177.9	40339.9	1.19589e-09	4.24246e-10	2.96833e-11	6.33522e-10	
157.078	48588.5	13516.2	270.641	60	60000	84.2079	1731.73	1622.96	20825.2	40339.9	1.19736e-09	4.20771e-10	2.98762e-11	6.42019e-10	
158.757	46722.9	13689.1	266.049	60	60000	83.8907	1711.15	1603.37	20497.1	40339.9	1.19863e-09	4.17016e-10	3.00599e-11	6.50233e-10	
160.436	44974.8	13856.7	261.469	60	60000	83.5896	1691.7	1584.87	20191.3	40339.9	1.19974e-09	4.13007e-10	3.02352e-11	6.58192e-10	
162.116	43333	14019.4	256.899	60	60000	83.3029	1673.24	1567.34	19905.6	40339.9	1.2007e-09	4.08766e-10	3.04031e-11	6.65923e-10	
163.795	41787.2	14177.9	252.337	60	60000	83.0289	1655.68	1550.68	19637.8	40339.9	1.20155e-09	4.04313e-10	3.05645e-11	6.73452e-10	
165.474	40328.2	14332.7	247.781	60	60000	82.7664	1638.92	1534.79	19386.3	40339.9	1.20229e-09	3.99663e-10	3.07199e-11	6.80802e-10	
167.153	38947.6	14484.1	243.231	60	60000	82.514	1622.86	1519.59	19149.3	40339.9	1.20295e-09	3.94831e-10	3.087e-11	6.87993e-10	
168.832	37637.9	14632.6	238.683	60	60000	82.2708	1607.43	1505	18925.3	40339.9	1.20353e-09	3.8983e-10	3.10154e-11	6.95047e-10	
170.887	36121.7	14810.9	233.12	60	60000	81.9842	1589.32	1487.89	18666.9	40339.9	1.20416e-09	3.83493e-10	3.11876e-11	7.03516e-10	
172.942	34690.4	14986	227.554	60	60000	81.7081	1571.94	1471.49	18423.9	40339.9	1.20471e-09	3.76929e-10	3.13544e-11	7.11836e-10	
174.996	33334.2	15158.7	221.981	60	60000	81.4414	1555.22	1455.72	18194.2	40339.9	1.20518e-09	3.7015e-10	3.15163e-11	7.20036e-10	
177.051	32044.4	15329.3	216.397	60	60000	81.1826	1539.06	1440.5	17976.2	40339.9	1.2056e-09	3.63164e-10	3.16742e-11	7.2814e-10	
179.106	30813.5	15498.4	210.796	60	60000	80.9309	1523.39	1425.76	17768.3	40339.9	1.20597e-09	3.55975e-10	3.18285e-11	7.36172e-10	
181.161	29634.9	15666.4	205.174	60	60000	80.6852	1508.16	1411.44	17569.4	40339.9	1.2063e-09	3.48587e-10	3.19797e-11	7.44153e-10	
183.215	28502.7	15833.7	199.528	60	60000	80.4448	1493.31	1397.48	17378.3	40339.9	1.20659e-09	3.41003e-10	3.21283e-11	7.52103e-10	
185.27	27411.8	16000.8	193.855	60	60000	80.2089	1478.79	1383.85	17194	40339.9	1.20686e-09	3.33225e-10	3.22746e-11	7.6004e-10	
187.325	26357.8	16168	188.15	60	60000	79.977	1464.56	1370.5	17015.7	40339.9	1.20709e-09	3.25256e-10	3.2419e-11	7.67981e-10	
189.379	25336.8	16335.6	182.414	60	60000	79.7484	1450.59	1357.4	16842.6	40339.9	1.2073e-09	3.17097e-10	3.25619e-11	7.7594e-10	
191.434	24345.5	16503.8	176.646	60	60000	79.5227	1436.84	1344.51	16674.1	40339.9	1.20748e-09	3.08753e-10	3.27033e-11	7.83932e-10	
193.489	23381	16673	170.846	60	60000	79.2995	1423.3	1331.82	16509.6	40339.9	1.20765e-09	3.00229e-10	3.28436e-11	7.91969e-10	
195.543	22440.9	16843.4	165.019	60	60000	79.0785	1409.92	1319.29	16348.6	40339.9	1.2078e-09	2.91533e-10	3.2983e-11	8.00061e-10	
197.598	21523.3	17015.1	159.169	60	60000	78.8593	1396.71	1306.92	16190.7	40339.9	1.20794e-09	2.82678e-10	3.31215e-11	8.08217e-10	
199.653	20626.5	17188.3	153.304	60	60000	78.6417	1383.64	1294.69	16035.6	40339.9	1.20806e-09	2.73679e-10	3.32593e-11	8.16444e-10	
201.708	19749.5	17363.1	147.435	60	60000	78.4257	1370.71	1282.59	15882.9	40339.9	1.20817e-09	2.64555e-10	3.33965e-11	8.24747e-10	
203.762	18891.4	17539.5	141.574	60	60000	78.211	1357.91	1270.6	15732.3	40339.9	1.20827e-09	2.55332e-10	3.35329e-11	8.33128e-10	
205.817	18051.8	17717.6	135.739	60	60000	77.9978	1345.23	1258.74	15583.8	40339.9	1.20836e-09	2.46039e-10	3.36687e-11	8.41587e-10	
208.229	17089.7	17928.6	128.947	60	60000	77.7495	1330.53	1244.98	15411.8	40339.9	1.20845e-09	2.35092e-10	3.38271e-11	8.5161e-10	
210.641	16153.6	18141.6	122.251	60	60000	77.5033	1316.01	1231.39	15242.2	40339.9	1.20853e-09	2.24168e-10	3.39842e-11	8.61726e-10	
212.505	15448.3	18307.3	117.168	60	60000	77.3149	1304.94	1221.02	15112.7	40339.9	1.20858e-09	2.15788e-10	3.41045e-11	8.69597e-10	
214.369	14759.9	18473.7	112.188	60	60000	77.1282	1294.01	1210.77	14984.6	40339.9	1.20863e-09	2.07508e-10	3.42238e-11	8.77501e-10	
216.234	14089.2	18640.5	107.331	60	60000	76.9435	1283.23	1200.67	14858	40339.9	1.20867e-09	1.99369e-10	3.43417e-11	8.85425e-10	
217.747	13558.6	18776	103.496	60	60000	76.7954	1274.61	1192.58	14756.4	40339.9	1.2087e-09	1.92898e-10	3.44362e-11	8.91859e-10	
219.26	13041	18911.3	99.7676	60	60000	76.649	1266.11	1184.61	14655.9	40339.9	1.20873e-09	1.86571e-10	3.45297e-11	8.98287e-10	
220.773	12536.8	19046.3	96.1568	60	60000	76.5045	1257.74	1176.75	14556.5	40339.9	1.20875e-09	1.80409e-10	3.46218e-11	9.04697e-10	
222.286	12046.8	19180.6	92.6738	60	60000	76.3622	1249.52	1169.03	14458.3	40339.9	1.20878e-09	1.74435e-10	3.47125e-11	9.11079e-10	
223.799	11571.6	19314.1	89.3277	60	60000	76.2221	1241.45	1161.44	14361.4	40339.9	1.2088e-09	1.68668e-10	3.48017e-11	9.17421e-10	
225.312	11111.8	19446.5	86.1263	60	60000	76.0846	1233.55	1154.01	14265.8	40339.9	1.20882e-09	1.63126e-10	3.48891e-11	9.2371e-10	
226.825	10667.9	19577.6	83.0762	60	60000	75.9499	1225.82	1146.74	14171.8	40339.9	1.20883e-09	1.57824e-10	3.49748e-11	9.29934e-10	
228.337	10240.4	19707	80.1826	60	60000	75.818	1218.28	1139.64	14079.4	40339.9	1.20885e-09	1.52775e-10	3.50584e-11	9.36081e-10	
230.028	9782.93	19849.3	77.1394	60	60000	75.6745	1210.09	1131.92	13978.1	40339.9	1.20886e-09	1.47445e-10	3.51494e-11	9.4284e-10	
231.718	9346.97	19988.8	74.2979	60	60000	75.5351	1202.16	1124.44	13879.1	40339.9	1.20887e-09	1.42452e-10	3.52375e-11	9.4947e-10	
233.408	8932.91	20125.4	71.6579	60	60000	75.4001	1194.5	1117.2	13782.5	40339.9	1.20888e-09	1.37799e-10	3.53228e-11	9.55955e-10	
235.098	8540.94	20258.5	69.2169	60	60000	75.2697	1187.12	1110.23	13688.5	40339.9	1.20889e-09	1.33486e-10	3.54051e-11	9.62279e-10	
236.788	8171.09	20388	66.9701	60	60000	75.1441	1180.02	1103.51	13597.1	40339.9	1.2089e-09	1.29508e-10	3.54842e-11	9.68429e-10	
238.478	7823.23	20513.6	64.9105	60	60000	75.0233	1173.21	1097.07	13508.5	40339.9	1.20891e-09	1.25855e-10	3.55601e-11	9.74394e-10	
240.118	7506.46	20631.5	63.0835	60	60000	74.9108	1166.89	1091.08	13425.4	40339.9	1.20891e-09	1.22611e-10	3.56307e-11	9.79994e-10	
241.758	7209.74	20745.3	61.4163	60	60000	74.8031	1160.84	1085.35	13345	40339.9	1.20892e-09	1.19649e-10	3.56983e-11	9.85402e-10	
243.397	6932.55	20855	59.8997	60	60000	74.7001	1155.07	1079.88	13267.6	40339.9	1.20892e-09	1.16953e-10	3.57627e-11	9.90612e-10	
245.037	6674.29	20960.4	58.5236	60	60000	74.6018	1149.58	1074.67	13193	40339.9	1.20893e-09	1.14508e-10	3.58242e-11	9.95619e-10	
246.677	6434.24	21061.5	57.278	60	60000	74.5083	1144.36	1069.71	13121.5	40339.9	1.20893e-09	1.12295e-10	3.58826e-11	1.00042e-09	
248.317	6211.66	21158.3	56.1526	60	60000	74.4193	1139.4	1065	13052.8	40339.9	1.20893e-09	1.10298e-10	3.59381e-11	1.00502e-09	
249.957	6005.71	21250.7	55.1377	60	60000	74.3349	1134.71	1060.53	12987.2	40339.9	1.20893e-09	1.08499e-10	3.59907e-11	1.00941e-09	
251.596	5815.55	21338.8	54.2235	60	60000	74.2549	1130.27	1056.31	12924.5	40339.9	1.20894e-09	1.06882e-10	3.60404e-11	1.01359e-09	
253.236	5640.28	21422.6	53.401	60	60000	74.1793	1126.07	1052.32	12864.8	40339.9	1.20894e-09	1.0543e-10	3.60875e-11	1.01757e-09	
255.389	5431.27	21526.4	52.4459	60	60000	74.0862	1120.92	1047.41	12790.7	40339.9	1.20894e-09	1.03748e-10	3.61453e-11	1.0225e-09	
257.542	5244.4	21623.1	51.6162	60	60000	74.0001	1116.16	1042.87	12721.5	40339.9	1.20894e-09	1.02292e-10	3.61987e-11	1.0271e-09	
259.696	5077.73	21713.1	50.8958	60	60000	73.9204	1111.76	1038.68	12657	40339.9	1.20894e-09	1.01034e-10	3.62481e-11	1.03137e-09	
261.849	4929.35	21796.7	50.2705	60	60000	73.8469	1107.71	1034.82	12596.9	40339.9	1.20894e-09	9.99468e-11	3.62937e-11	1.03534e-09	
263.55	4823.89	21858.4	49.8352	60	60000	73.7929	1104.74	1031.99	12552.6	40339.9	1.20894e-09	9.91934e-11	3.63271e-11	1.03827e-09	
264.961	4743.62	21906.7	49.5089	60	60000	73.7507	1102.42	1029.78	12517.7	40339.9	1.20895e-09	9.86311e-11	3.63532e-11	1.04057e-09	
266.373	4669.43	21952.7	49.2114	60	60000	73.7108	1100.23	1027.68	12484.6	40339.9	1.20895e-09	9.81203e-11	3.63779e-11	1.04275e-09	
267.785	4600.89	21996.2	48.94	60	60000	73.6731	1098.16	1025.7	12453.2	40339.9	1.20895e-09	9.76562e-11	3.64012e-11	1.04482e-09	
269.196	4537.6	22037.6	48.6923	60	60000	73.6374	1096.2	1023.83	12423.3	40339.9	1.20895e-09	9.72343e-11	3.64233e-11	1.04678e-09	
269.462	4526.24	22045.1	48.6481	60	60000	73.6309	1095.84	1023.49	12417.9	40339.9	1.20895e-09	9.71592e-11	3.64273e-11	1.04714e-09	
269.728	4515.05	22052.6	48.6046	60	60000	73.6244	1095.49	1023.16	12412.5	40339.9	1.20895e-09	9.70855e-11	3.64313e-11	1.0475e-09	
269.993	4504.03	22060	48.562	60	60000	73.6181	1095.14	1022.82	12407.1	40339.9	1.20895e-09	9.70131e-11	3.64352e-11	1.04785e-09	
270.259	4493.18	22067.3	48.52	60	60000	73.6118	1094.79	1022.49	12401.9	40339.9	1.20895e-09	9.6942e-11	3.64391e-11	1.0482e-09	
270.525	4482.48	22074.5	48.4787	60	60000	73.6055	1094.45	1022.17	12396.6	40339.9	1.20895e-09	9.68722e-11	3.6443e-11	1.04854e-09	
271.056	4461.57	22088.8	48.3983	60	60000	73.5933	1093.78	1021.53	12386.3	40339.9	1.20895e-09	9.67362e-11	3.64506e-11	1.04922e-09	
271.588	4441.29	22102.7	48.3206	60	60000	73.5813	1093.12	1020.9	12376.2	40339.9	1.20895e-09	9.66049e-11	3.6458e-11	1.04988e-09	
272.119	4421.61	22116.4	48.2455	60	60000	73.5695	1092.48	1020.28	12366.3	40339.9	1.20895e-09	9.64783e-11	3.64652e-11	1.05053e-09	
272.651	4402.52	22129.8	48.1728	60	60000	73.558	1091.85	1019.68	12356.6	40339.9	1.20895e-09	9.63561e-11	3.64723e-11	1.05117e-09	
273.765	4364.33	22157	48.0283	60	60000	73.5347	1090.58	1018.46	12336.9	40339.9	1.20895e-09	9.61136e-11	3.64867e-11	1.05246e-09	
274.879	4328.5	22183	47.8936	60	60000	73.5125	1089.36	1017.3	12318.1	40339.9	1.20895e-09	9.58885e-11	3.65005e-11	1.05369e-09	
275.993	4294.9	22208	47.7681	60	60000	73.4912	1088.19	1016.19	12300	40339.9	1.20895e-09	9.56795e-11	3.65136e-11	1.05488e-09	
277.107	4263.37	22231.8	47.6511	60	60000	73.4709	1087.08	1015.13	12282.7	40339.9	1.20895e-09	9.54854e-11	3.65261e-11	1.05601e-09	
278.928	4216.01	22268.5	47.4765	60	60000	73.4397	1085.37	1013.5	12256	40339.9	1.20895e-09	9.51973e-11	3.65454e-11	1.05776e-09	
280.748	4173.35	22302.7	47.3206	60	60000	73.4107	1083.79	1011.98	12231.3	40339.9	1.20895e-09	9.49417e-11	3.65633e-11	1.05938e-09	
282.569	4134.93	22334.4	47.1813	60	60000	73.3839	1082.33	1010.58	12208.2	40339.9	1.20895e-09	9.47148e-11	3.65798e-11	1.06088e-09	
284.389	4100.33	22363.8	47.0566	60	60000	73.3591	1080.97	1009.29	12186.9	40339.9	1.20895e-09	9.45131e-11	3.65952e-11	1.06228e-09	
286.21	4069.16	22391.1	46.945	60	60000	73.3361	1079.72	1008.09	12167	40339.9	1.20895e-09	9.43339e-11	3.66094e-11	1.06358e-09	
288.03	4041.08	22416.4	46.8449	60	60000	73.3148	1078.56	1006.98	12148.6	40339.9	1.20895e-09	9.41743e-11	3.66225e-11	1.06478e-09	
289.851	4015.77	22439.8	46.7552	60	60000	73.2951	1077.48	1005.95	12131.6	40339.9	1.20895e-09	9.40322e-11	3.66346e-11	1.06589e-09	
291.672	3992.96	22461.5	46.6746	60	60000	73.2769	1076.49	1005	12115.8	40339.9	1.20895e-09	9.39056e-11	3.66458e-11	1.06692e-09	
293.917	3967.89	22486.1	46.5865	60	60000	73.2563	1075.37	1003.93	12097.8	40339.9	1.20895e-09	9.3768e-11	3.66585e-11	1.06809e-09	
296.163	3945.81	22508.5	46.5091	60	60000	73.2376	1074.35	1002.96	12081.6	40339.9	1.20895e-09	9.36484e-11	3.667e-11	1.06915e-09	
298.409	3926.36	22528.8	46.4411	60	60000	73.2207	1073.43	1002.08	12066.8	40339.9	1.20895e-09	9.35443e-11	3.66805e-11	1.07012e-09	
300.655	3909.2	22547.2	46.3814	60	60000	73.2053	1072.6	1001.28	12053.3	40339.9	1.20895e-09	9.34536e-11	3.66899e-11	1.07099e-09	
302.901	3894.07	22563.9	46.3288	60	60000	73.1914	1071.84	1000.55	12041.1	40339.9	1.20895e-09	9.33744e-11	3.66985e-11	1.07179e-09	
305.46	3878.98	22581.1	46.2764	60	60000	73.1771	1071.06	999.809	12028.6	40339.9	1.20895e-09	9.32964e-11	3.67073e-11	1.0726e-09	
308.019	3865.87	22596.5	46.231	60	60000	73.1643	1070.37	999.145	12017.4	40339.9	1.20895e-09	9.32294e-11	3.67152e-11	1.07333e-09	
310.578	3854.48	22610.2	46.1916	60	60000	73.1529	1069.75	998.552	12007.3	40339.9	1.20895e-09	9.31718e-11	3.67222e-11	1.07398e-09	
313.136	3844.57	22622.5	46.1574	60	60000	73.1428	1069.19	998.023	11998.4	40339.9	1.20895e-09	9.31222e-11	3.67285e-11	1.07457e-09	
315.38	3836.93	22632.1	46.131	60	60000	73.1347	1068.76	997.606	11991.3	40339.9	1.20895e-09	9.30844e-11	3.67334e-11	1.07503e-09	
317.623	3830.16	22640.9	46.1076	60	60000	73.1275	1068.36	997.228	11984.9	40339.9	1.20895e-09	9.30511e-11	3.67379e-11	1.07544e-09	
319.36	3825.45	22647.1	46.0913	60	60000	73.1223	1068.08	996.961	11980.3	40339.9	1.20895e-09	9.30281e-11	3.6741e-11	1.07574e-09	
321.096	3821.16	22652.9	46.0765	60	60000	73.1176	1067.83	996.713	11976.1	40339.9	1.20895e-09	9.30073e-11	3.6744e-11	1.07601e-09	
322.833	3817.24	22658.2	46.063	60	60000	73.1132	1067.59	996.484	11972.2	40339.9	1.20895e-09	9.29884e-11	3.67467e-11	1.07626e-09	
324.57	3813.66	22663.1	46.0506	60	60000	73.1091	1067.36	996.272	11968.6	40339.9	1.20895e-09	9.29713e-11	3.67492e-11	1.0765e-09	
326.307	3810.39	22667.7	46.0394	60	60000	73.1053	1067.16	996.076	11965.3	40339.9	1.20895e-09	9.29557e-11	3.67515e-11	1.07672e-09	
329.3	3805.41	22674.8	46.0221	60	60000	73.0995	1066.84	995.772	11960.1	40339.9	1.20895e-09	9.29321e-11	3.67551e-11	1.07705e-09	
332.294	3801.14	22681	46.0074	60	60000	73.0943	1066.56	995.506	11955.5	40339.9	1.20895e-09	9.29121e-11	3.67583e-11	1.07735e-09	
335.288	3797.48	22686.4	45.9947	60	60000	73.0899	1066.32	995.273	11951.6	40339.9	1.20895e-09	9.28951e-11	3.6761e-11	1.0776e-09	
338.281	3794.34	22691.1	45.9839	60	60000	73.086	1066.11	995.07	11948.1	40339.9	1.20895e-09	9.28806e-11	3.67634e-11	1.07783e-09	
341.275	3791.63	22695.3	45.9745	60	60000	73.0825	1065.92	994.893	11945	40339.9	1.20895e-09	9.28682e-11	3.67655e-11	1.07803e-09	
344.951	3788.83	22699.6	45.9648	60	60000	73.0789	1065.73	994.705	11941.8	40339.9	1.20895e-09	9.28555e-11	3.67677e-11	1.07823e-09	
348.627	3786.49	22703.4	45.9567	60	60000	73.0759	1065.56	994.546	11939.1	40339.9	1.20895e-09	9.28449e-11	3.67696e-11	1.07841e-09	
352.302	3784.54	22706.5	45.9499	60	60000	73.0733	1065.42	994.412	11936.8	40339.9	1.20895e-09	9.28362e-11	3.67712e-11	1.07856e-09	
355.978	3782.91	22709.1	45.9443	60	60000	73.0711	1065.3	994.298	11934.8	40339.9	1.20895e-09	9.2829e-11	3.67726e-11	1.07868e-09	
359.654	3781.55	22711.4	45.9395	60	60000	73.0692	1065.2	994.202	11933.2	40339.9	1.20895e-09	9.2823e-11	3.67737e-11	1.07879e-09	
363.33	3780.42	22713.3	45.9356	60	60000	73.0677	1065.12	994.12	11931.8	40339.9	1.20895e-09	9.2818e-11	3.67747e-11	1.07888e-09	
367.005	3779.46	22714.9	45.9323	60	60000	73.0663	1065.04	994.051	11930.6	40339.9	1.20895e-09	9.28138e-11	3.67755e-11	1.07896e-09	
370.681	3778.67	22716.3	45.9295	60	60000	73.0652	1064.98	993.992	11929.6	40339.9	1.20895e-09	9.28104e-11	3.67762e-11	1.07902e-09	
371.262	3778.55	22716.5	45.9291	60	60000	73.0651	1064.97	993.984	11929.4	40339.9	1.20895e-09	9.28099e-11	3.67763e-11	1.07903e-09	
371.843	3778.44	22716.7	45.9287	60	60000	73.0649	1064.97	993.976	11929.3	40339.9	1.20895e-09	9.28094e-11	3.67764e-11	1.07904e-09	
372.424	3778.33	22716.8	45.9284	60	60000	73.0647	1064.96	993.968	11929.2	40339.9	1.20895e-09	9.28089e-11	3.67765e-11	1.07905e-09	
373.006	3778.23	22717	45.928	60	60000	73.0646	1064.95	993.961	11929	40339.9	1.20895e-09	9.28085e-11	3.67766e-11	1.07906e-09	
374.168	3778.03	22717.4	45.9273	60	60000	73.0643	1064.93	993.946	11928.8	40339.9	1.20895e-09	9.28076e-11	3.67767e-11	1.07908e-09	
375.33	3777.84	22717.7	45.9266	60	60000	73.064	1064.92	993.932	11928.5	40339.9	1.20895e-09	9.28068e-11	3.67769e-11	1.07909e-09	
376.492	3777.66	22718	45.926	60	60000	73.0638	1064.91	993.918	11928.3	40339.9	1.20895e-09	9.2806e-11	3.67771e-11	1.07911e-09	
379.191	3777.28	22718.7	45.9247	60	60000	73.0632	1064.88	993.89	11927.8	40339.9	1.20895e-09	9.28044e-11	3.67774e-11	1.07914e-09	
381.889	3776.94	22719.3	45.9235	60	60000	73.0628	1064.85	993.865	11927.4	40339.9	1.20895e-09	9.28029e-11	3.67777e-11	1.07917e-09	
384.587	3776.64	22719.8	45.9225	60	60000	73.0623	1064.83	993.842	11927	40339.9	1.20895e-09	9.28016e-11	3.6778e-11	1.07919e-09	
390.982	3776.08	22720.8	45.9205	60	60000	73.0615	1064.78	993.799	11926.3	40339.9	1.20895e-09	9.27992e-11	3.67785e-11	1.07924e-09	
396.15	3775.73	22721.4	45.9193	60	60000	73.061	1064.75	993.773	11925.8	40339.9	1.20895e-09	9.27978e-11	3.67788e-11	1.07927e-09	
401.318	3775.46	22721.9	45.9183	60	60000	73.0606	1064.73	993.752	11925.4	40339.9	1.20895e-09	9.27966e-11	3.6779e-11	1.07929e-09	
406.486	3775.25	22722.3	45.9176	60	60000	73.0603	1064.71	993.735	11925.2	40339.9	1.20895e-09	9.27957e-11	3.67792e-11	1.07931e-09	
411.654	3775.08	22722.6	45.917	60	60000	73.06	1064.7	993.722	11924.9	40339.9	1.20895e-09	9.2795e-11	3.67794e-11	1.07932e-09	
417.612	3774.93	22722.9	45.9165	60	60000	73.0598	1064.69	993.711	11924.7	40339.9	1.20895e-09	9.27943e-11	3.67795e-11	1.07934e-09	
423.57	3774.81	22723.1	45.9161	60	60000	73.0596	1064.68	993.702	11924.6	40339.9	1.20895e-09	9.27939e-11	3.67796e-11	1.07935e-09	
429.528	3774.72	22723.2	45.9157	60	60000	73.0595	1064.67	993.695	11924.5	40339.9	1.20895e-09	9.27935e-11	3.67797e-11	1.07935e-09	
435.486	3774.66	22723.4	45.9155	60	60000	73.0594	1064.67	993.69	11924.4	40339.9	1.20895e-09	9.27932e-11	3.67798e-11	1.07936e-09	
444.027	3774.59	22723.5	45.9153	60	60000	73.0593	1064.66	993.684	11924.3	40339.9	1.20895e-09	9.27929e-11	3.67798e-11	1.07937e-09	
452.567	3774.54	22723.6	45.9151	60	60000	73.0592	1064.66	993.681	11924.2	40339.9	1.20895e-09	9.27927e-11	3.67799e-11	1.07937e-09	
461.108	3774.51	22723.6	45.915	60	60000	73.0592	1064.65	993.678	11924.2	40339.9	1.20895e-09	9.27926e-11	3.67799e-11	1.07937e-09	
469.648	3774.49	22723.7	45.9149	60	60000	73.0591	1064.65	993.676	11924.1	40339.9	1.20895e-09	9.27925e-11	3.67799e-11	1.07937e-09	
478.188	3774.47	22723.7	45.9149	60	60000	73.0591	1064.65	993.675	11924.1	40339.9	1.20895e-09	9.27924e-11	3.67799e-11	1.07938e-09	
491.566	3774.46	22723.7	45.9148	60	60000	73.0591	1064.65	993.674	11924.1	40339.9	1.20895e-09	9.27924e-11	3.67799e-11	1.07938e-09	
500	3774.46	22723.7	45.9148	60	60000	73.0591	1064.65	993.674	11924.1	40339.9	1.20895e-09	9.27924e-11	3.678e-11	1.07938e-09	
