# Time	[Z]	[mu2]	[mZ]	[mF]	[F]	[mP]	[PE]	[PG]	[PM]	[STAT]	(R3).Flux	(R4).Flux	(R5).Flux	(R6).Flux	
0	732088	1239.77	971.432	538.299	538299	540.93	27402.4	25575.5	306907	2.45454e+06	1.49643e-10	4.40746e-11	1.18897e-11	5.88889e-11	
1e-09	732088	1239.77	971.432	538.299	538299	540.93	27402.4	25575.5	306907	2.45454e+06	1.49643e-10	4.40746e-11	1.18897e-11	5.88889e-11	
2e-09	732088	1239.77	971.432	538.299	538299	540.93	27402.4	25575.5	306907	2.45454e+06	1.49643e-10	4.40746e-11	1.18897e-11	5.88889e-11	
1.0002e-05	732088	1239.77	971.431	538.299	538299	540.93	27402.4	25575.5	306907	2.45454e+06	1.49643e-10	4.40746e-11	1.18897e-11	5.88889e-11	
2.0002e-05	732088	1239.77	971.43	538.299	538299	540.93	27402.4	25575.5	306907	2.45454e+06	1.49643e-10	4.40745e-11	1.18897e-11	5.8889e-11	
3.0002e-05	732088	1239.77	971.429	538.299	538299	540.93	27402.4	25575.5	306907	2.45454e+06	1.49643e-10	4.40745e-11	1.18897e-11	5.8889e-11	
0.000130002	732088	1239.77	971.418	538.299	538299	540.93	27402.4	25575.5	306907	2.45454e+06	1.49643e-10	4.40743e-11	1.18897e-11	5.88891e-11	
0.000230002	732088	1239.77	971.407	538.299	538299	540.93	27402.4	25575.5	306907	2.45454e+06	1.49643e-10	4.4074e-11	1.18898e-11	5.88893e-11	
0.000330002	732088	1239.78	971.396	538.299	538299	540.93	27402.4	25575.5	306907	2.45454e+06	1.49643e-10	4.40738e-11	1.18898e-11	5.88895e-11	
0.00133	732088	1239.81	971.286	538.299	538299	540.93	27402.4	25575.5	306907	2.45454e+06	1.49643e-10	4.40714e-11	1.18902e-11	5.88911e-11	
0.00233	732088	1239.85	971.175	538.299	538299	540.93	27402.4	25575.5	306907	2.45454e+06	1.49643e-10	4.4069e-11	1.18907e-11	5.88928e-11	
0.00333	732088	1239.88	971.065	538.299	538299	540.93	27402.4	25575.5	306907	2.45454e+06	1.49643e-10	4.40665e-11	1.18911e-11	5.88944e-11	
0.00433	732088	1239.92	970.955	538.299	538299	540.93	27402.4	25575.5	306907	2.45454e+06	1.49643e-10	4.40641e-11	1.18916e-11	5.88961e-11	
0.01433	732087	1240.27	969.858	538.299	538299	540.93	27402.4	25575.5	306907	2.45454e+06	1.49643e-10	4.40402e-11	1.1896e-11	5.89126e-11	
0.02433	732086	1240.61	968.766	538.299	538299	540.93	27402.3	25575.5	306907	2.45454e+06	1.49644e-10	4.40164e-11	1.19005e-11	5.89291e-11	
0.03433	732083	1240.96	967.68	538.299	538299	540.93	27402.3	25575.5	306907	2.45454e+06	1.49644e-10	4.39929e-11	1.19049e-11	5.89457e-11	
0.04433	732080	1241.31	966.6	538.299	538299	540.929	27402.2	25575.5	306907	2.45454e+06	1.49644e-10	4.39696e-11	1.19094e-11	5.89622e-11	
0.05433	732075	1241.66	965.526	538.299	538299	540.929	27402.1	25575.5	306907	2.45454e+06	1.49645e-10	4.39465e-11	1.19138e-11	5.89787e-11	
0.15433	731986	1245.14	955.094	538.299	538299	540.921	27400.2	25575.4	306907	2.45454e+06	1.49655e-10	4.37271e-11	1.19582e-11	5.91441e-11	
0.25433	731816	1248.62	945.207	538.299	538299	540.906	27396.8	25574.8	306907	2.45454e+06	1.49674e-10	4.3528e-11	1.20025e-11	5.93095e-11	
0.35433	731570	1252.11	935.836	538.299	538299	540.883	27391.9	25573.7	306906	2.45454e+06	1.49703e-10	4.33482e-11	1.20466e-11	5.9475e-11	
0.45433	731254	1255.59	926.951	538.299	538299	540.855	27385.8	25571.9	306906	2.45454e+06	1.49739e-10	4.31868e-11	1.20907e-11	5.96404e-11	
0.55433	730870	1259.07	918.529	538.299	538299	540.82	27378.6	25569.4	306905	2.45454e+06	1.49783e-10	4.30427e-11	1.21346e-11	5.98058e-11	
0.748586	729950	1265.82	903.394	538.299	538299	540.735	27362	25562.3	306902	2.45454e+06	1.4989e-10	4.28095e-11	1.22196e-11	6.01266e-11	
0.942842	728821	1272.56	889.741	538.299	538299	540.632	27342.5	25552.4	306896	2.45454e+06	1.50021e-10	4.26327e-11	1.23041e-11	6.04467e-11	
1.1371	727508	1279.28	877.418	538.299	538299	540.51	27320.7	25539.6	306886	2.45454e+06	1.50175e-10	4.25069e-11	1.23881e-11	6.07658e-11	
1.33135	726034	1285.97	866.292	538.299	538299	540.373	27297	25524.3	306872	2.45454e+06	1.50349e-10	4.24274e-11	1.24714e-11	6.10836e-11	
1.52561	724419	1292.63	856.24	538.299	538299	540.221	27271.8	25506.8	306852	2.45454e+06	1.50541e-10	4.23895e-11	1.25542e-11	6.13999e-11	
1.71987	722680	1299.25	847.153	538.299	538299	540.057	27245.4	25487.3	306826	2.45454e+06	1.50749e-10	4.23892e-11	1.26363e-11	6.17146e-11	
1.91412	720833	1305.84	838.933	538.299	538299	539.883	27217.9	25466.1	306795	2.45454e+06	1.50973e-10	4.24228e-11	1.27178e-11	6.20275e-11	
2.10838	718894	1312.39	831.492	538.299	538299	539.698	27189.6	25443.5	306756	2.45454e+06	1.5121e-10	4.24869e-11	1.27987e-11	6.23384e-11	
2.29175	716988	1318.53	825.111	538.299	538299	539.516	27162.3	25421	306714	2.45454e+06	1.51446e-10	4.25727e-11	1.28744e-11	6.263e-11	
2.47512	715021	1324.62	819.293	538.299	538299	539.328	27134.4	25397.6	306665	2.45454e+06	1.51692e-10	4.26807e-11	1.29494e-11	6.29197e-11	
2.65849	713000	1330.68	813.984	538.299	538299	539.133	27106.2	25373.4	306610	2.45454e+06	1.51947e-10	4.28087e-11	1.30239e-11	6.32073e-11	
2.84186	710934	1336.69	809.136	538.299	538299	538.934	27077.7	25348.6	306548	2.45454e+06	1.5221e-10	4.29547e-11	1.30977e-11	6.34929e-11	
3.02524	708829	1342.66	804.703	538.299	538299	538.73	27048.9	25323.2	306479	2.45454e+06	1.52482e-10	4.3117e-11	1.31709e-11	6.37763e-11	
3.4286	704093	1355.62	796.225	538.299	538299	538.269	26985.1	25266	306307	2.45454e+06	1.53105e-10	4.35235e-11	1.33298e-11	6.43921e-11	
3.83196	699256	1368.36	789.209	538.299	538299	537.796	26920.9	25207.4	306103	2.45454e+06	1.53758e-10	4.3986e-11	1.34856e-11	6.49971e-11	
4.23533	694362	1380.86	783.363	538.299	538299	537.314	26856.6	25148.1	305870	2.45454e+06	1.54436e-10	4.44922e-11	1.36384e-11	6.55911e-11	
4.63869	689447	1393.14	778.455	538.299	538299	536.828	26792.8	25088.6	305608	2.45454e+06	1.55135e-10	4.50321e-11	1.37883e-11	6.61741e-11	
5.04205	684538	1405.18	774.3	538.299	538299	536.341	26729.4	25029.1	305320	2.45454e+06	1.55854e-10	4.55976e-11	1.39353e-11	6.67461e-11	
5.44542	679655	1417	770.749	538.299	538299	535.855	26666.8	24970.1	305007	2.45454e+06	1.56587e-10	4.6182e-11	1.40796e-11	6.73074e-11	
5.6482	677216	1422.85	769.154	538.299	538299	535.611	26635.6	24940.6	304841	2.45454e+06	1.56962e-10	4.64813e-11	1.4151e-11	6.75856e-11	
5.85098	674790	1428.66	767.669	538.299	538299	535.369	26604.7	24911.2	304669	2.45454e+06	1.57339e-10	4.67835e-11	1.42219e-11	6.78611e-11	
6.05377	672377	1434.4	766.282	538.299	538299	535.127	26574	24882	304492	2.45454e+06	1.57719e-10	4.7088e-11	1.4292e-11	6.81341e-11	
6.25655	669980	1440.1	764.983	538.299	538299	534.887	26543.5	24853.1	304310	2.45454e+06	1.58103e-10	4.73945e-11	1.43615e-11	6.84045e-11	
6.45934	667600	1445.74	763.764	538.299	538299	534.648	26513.3	24824.3	304123	2.45454e+06	1.58488e-10	4.77024e-11	1.44304e-11	6.86724e-11	
6.70852	664698	1452.59	762.363	538.299	538299	534.356	26476.6	24789.3	303887	2.45454e+06	1.58965e-10	4.80823e-11	1.45142e-11	6.89982e-11	
6.9577	661825	1459.38	761.057	538.299	538299	534.067	26440.2	24754.5	303644	2.45454e+06	1.59446e-10	4.84634e-11	1.45971e-11	6.93204e-11	
7.20688	658980	1466.08	759.833	538.299	538299	533.78	26404.3	24720.2	303394	2.45454e+06	1.59929e-10	4.8845e-11	1.46791e-11	6.96389e-11	
7.45606	656165	1472.72	758.682	538.299	538299	533.496	26368.7	24686.2	303139	2.45454e+06	1.60415e-10	4.92269e-11	1.47602e-11	6.9954e-11	
7.71236	653303	1479.46	757.566	538.299	538299	533.206	26332.5	24651.6	302871	2.45454e+06	1.60918e-10	4.96194e-11	1.48427e-11	7.02745e-11	
7.96866	650473	1486.14	756.509	538.299	538299	532.919	26296.8	24617.4	302597	2.45454e+06	1.61423e-10	5.00114e-11	1.49244e-11	7.05915e-11	
8.22495	647677	1492.74	755.505	538.299	538299	532.635	26261.5	24583.6	302318	2.45454e+06	1.6193e-10	5.04026e-11	1.50053e-11	7.09051e-11	
8.48125	644915	1499.27	754.548	538.299	538299	532.355	26226.7	24550.2	302035	2.45454e+06	1.6244e-10	5.07927e-11	1.50853e-11	7.12153e-11	
9.01531	639269	1512.66	752.679	538.299	538299	531.779	26155.3	24481.9	301430	2.45454e+06	1.63506e-10	5.16011e-11	1.52495e-11	7.18513e-11	
9.54937	633773	1525.77	750.949	538.299	538299	531.216	26085.8	24415.2	300810	2.45454e+06	1.6458e-10	5.24025e-11	1.54104e-11	7.2474e-11	
10.0834	628424	1538.61	749.33	538.299	538299	530.666	26017.9	24350.2	300177	2.45454e+06	1.65658e-10	5.3196e-11	1.55682e-11	7.30841e-11	
10.6175	623222	1551.21	747.797	538.299	538299	530.128	25951.7	24286.7	299533	2.45454e+06	1.66741e-10	5.39811e-11	1.57232e-11	7.36822e-11	
11.1515	618163	1563.56	746.336	538.299	538299	529.602	25887	24224.8	298881	2.45454e+06	1.67827e-10	5.47574e-11	1.58754e-11	7.42692e-11	
11.9213	611117	1580.98	744.329	538.299	538299	528.863	25796.4	24138.2	297931	2.45454e+06	1.69396e-10	5.58608e-11	1.60903e-11	7.50967e-11	
12.691	604351	1597.98	742.415	538.299	538299	528.147	25708.6	24054.3	296972	2.45454e+06	1.70967e-10	5.69462e-11	1.63003e-11	7.59039e-11	
13.4607	597853	1614.58	740.576	538.299	538299	527.452	25623.6	23973.1	296011	2.45454e+06	1.7254e-10	5.80142e-11	1.65058e-11	7.66925e-11	
14.2304	591611	1630.82	738.798	538.299	538299	526.776	25540.9	23894.2	295049	2.45454e+06	1.74111e-10	5.90655e-11	1.67071e-11	7.74639e-11	
15.0002	585614	1646.72	737.072	538.299	538299	526.117	25460.6	23817.7	294091	2.45454e+06	1.75679e-10	6.0101e-11	1.69046e-11	7.82193e-11	
15.7974	579647	1662.87	735.331	538.299	538299	525.453	25379.6	23740.6	293104	2.45454e+06	1.773e-10	6.11577e-11	1.71053e-11	7.89861e-11	
16.5946	573917	1678.7	733.633	538.299	538299	524.805	25300.7	23665.6	292126	2.45454e+06	1.78915e-10	6.21992e-11	1.73024e-11	7.97382e-11	
17.3918	568410	1694.24	731.973	538.299	538299	524.173	25223.8	23592.5	291158	2.45454e+06	1.80525e-10	6.32266e-11	1.74962e-11	8.04766e-11	
17.5911	567067	1698.09	731.563	538.299	538299	524.017	25204.8	23574.5	290918	2.45454e+06	1.80926e-10	6.34812e-11	1.75441e-11	8.06592e-11	
17.7904	565737	1701.91	731.156	538.299	538299	523.862	25186	23556.6	290678	2.45454e+06	1.81327e-10	6.37351e-11	1.75919e-11	8.08409e-11	
17.9897	564420	1705.72	730.75	538.299	538299	523.708	25167.3	23538.8	290440	2.45454e+06	1.81727e-10	6.39882e-11	1.76394e-11	8.10219e-11	
18.1891	563116	1709.52	730.347	538.299	538299	523.554	25148.6	23521.2	290202	2.45454e+06	1.82127e-10	6.42404e-11	1.76868e-11	8.12021e-11	
18.4254	561586	1714	729.871	538.299	538299	523.374	25126.7	23500.4	289920	2.45454e+06	1.826e-10	6.45385e-11	1.77428e-11	8.14149e-11	
18.6617	560073	1718.45	729.398	538.299	538299	523.194	25104.9	23479.7	289640	2.45454e+06	1.83073e-10	6.48354e-11	1.77984e-11	8.16266e-11	
18.898	558577	1722.89	728.928	538.299	538299	523.016	25083.3	23459.2	289362	2.45454e+06	1.83545e-10	6.51313e-11	1.78539e-11	8.18372e-11	
20.0912	551275	1744.97	726.592	538.299	538299	522.131	24976.1	23357.6	287971	2.45454e+06	1.85917e-10	6.66092e-11	1.81301e-11	8.28859e-11	
21.2844	544367	1766.55	724.316	538.299	538299	521.272	24872.2	23259.2	286613	2.45454e+06	1.88269e-10	6.80618e-11	1.84006e-11	8.39112e-11	
22.4775	537822	1787.68	722.094	538.299	538299	520.437	24771.3	23163.7	285286	2.45454e+06	1.90599e-10	6.94908e-11	1.86657e-11	8.49149e-11	
22.7758	536239	1792.9	721.547	538.299	538299	520.231	24746.5	23140.2	284959	2.45454e+06	1.91178e-10	6.98445e-11	1.87312e-11	8.51626e-11	
23.0741	534676	1798.09	721.003	538.299	538299	520.027	24721.9	23117	284635	2.45454e+06	1.91756e-10	7.01969e-11	1.87964e-11	8.54091e-11	
23.3724	533133	1803.25	720.462	538.299	538299	519.824	24697.5	23093.9	284312	2.45454e+06	1.92332e-10	7.0548e-11	1.88613e-11	8.56544e-11	
23.6707	531610	1808.39	719.923	538.299	538299	519.622	24673.2	23070.9	283992	2.45454e+06	1.92907e-10	7.08977e-11	1.89258e-11	8.58985e-11	
23.8816	530545	1812.01	719.545	538.299	538299	519.48	24656.1	23054.8	283766	2.45454e+06	1.93313e-10	7.11442e-11	1.89713e-11	8.60704e-11	
24.0926	529489	1815.61	719.167	538.299	538299	519.339	24639.1	23038.7	283542	2.45454e+06	1.93718e-10	7.13901e-11	1.90167e-11	8.62417e-11	
24.3035	528442	1819.21	718.791	538.299	538299	519.198	24622.2	23022.7	283318	2.45454e+06	1.94123e-10	7.16353e-11	1.90619e-11	8.64124e-11	
25.0453	524833	1831.76	717.48	538.299	538299	518.708	24563.3	22967.1	282541	2.45454e+06	1.95539e-10	7.24926e-11	1.92198e-11	8.70084e-11	
25.787	521333	1844.16	716.186	538.299	538299	518.226	24505.4	22912.4	281775	2.45454e+06	1.96947e-10	7.33424e-11	1.9376e-11	8.75976e-11	
26.5288	517935	1856.43	714.908	538.299	538299	517.75	24448.3	22858.5	281021	2.45454e+06	1.98346e-10	7.41847e-11	1.95305e-11	8.81804e-11	
27.5318	513495	1872.81	713.205	538.299	538299	517.116	24372.5	22786.9	280021	2.45454e+06	2.00225e-10	7.53125e-11	1.9737e-11	8.89586e-11	
28.5348	509221	1888.97	711.529	538.299	538299	516.494	24298.1	22716.7	279042	2.45454e+06	2.02089e-10	7.64277e-11	1.99408e-11	8.97258e-11	
29.5378	505104	1904.9	709.878	538.299	538299	515.882	24225.1	22647.9	278083	2.45454e+06	2.03938e-10	7.75309e-11	2.0142e-11	9.04828e-11	
30.5408	501132	1920.63	708.253	538.299	538299	515.281	24153.5	22580.3	277143	2.45454e+06	2.05773e-10	7.86224e-11	2.03407e-11	9.12298e-11	
32.1321	495109	1945.18	705.722	538.299	538299	514.347	24042.4	22475.6	275692	2.45454e+06	2.08656e-10	8.03315e-11	2.0651e-11	9.23958e-11	
33.7234	489396	1969.26	703.247	538.299	538299	513.435	23934.3	22373.8	274286	2.45454e+06	2.11506e-10	8.20142e-11	2.09557e-11	9.35398e-11	
35.3146	483963	1992.91	700.825	538.299	538299	512.545	23829	22274.6	272922	2.45454e+06	2.14327e-10	8.36723e-11	2.12552e-11	9.46634e-11	
36.9059	478785	2016.17	698.451	538.299	538299	511.674	23726.2	22177.9	271599	2.45454e+06	2.1712e-10	8.53073e-11	2.15498e-11	9.5768e-11	
38.4971	473839	2039.05	696.123	538.299	538299	510.822	23625.9	22083.4	270313	2.45454e+06	2.19888e-10	8.69208e-11	2.184e-11	9.6855e-11	
40.0884	469101	2061.6	693.838	538.299	538299	509.987	23527.7	21991.1	269062	2.45454e+06	2.22634e-10	8.85144e-11	2.21259e-11	9.7926e-11	
41.6796	464555	2083.83	691.592	538.299	538299	509.167	23431.6	21900.7	267844	2.45454e+06	2.25361e-10	9.00896e-11	2.24081e-11	9.89821e-11	
43.2709	460183	2105.79	689.383	538.299	538299	508.362	23337.5	21812.2	266658	2.45454e+06	2.28071e-10	9.1648e-11	2.26868e-11	1.00025e-10	
45.318	454789	2133.65	686.591	538.299	538299	507.346	23218.9	21700.8	265173	2.45454e+06	2.31537e-10	9.36307e-11	2.30407e-11	1.01348e-10	
47.3652	449630	2161.15	683.85	538.299	538299	506.349	23102.9	21592	263731	2.45454e+06	2.34986e-10	9.55914e-11	2.339e-11	1.02654e-10	
49.4123	444679	2188.33	681.154	538.299	538299	505.371	22989.4	21485.4	262329	2.45454e+06	2.38423e-10	9.75335e-11	2.37354e-11	1.03946e-10	
51.4595	439914	2215.24	678.497	538.299	538299	504.408	22877.9	21380.8	260963	2.45454e+06	2.41854e-10	9.94601e-11	2.40776e-11	1.05224e-10	
53.5066	435315	2241.95	675.876	538.299	538299	503.458	22768.2	21278	259630	2.45454e+06	2.45286e-10	1.01374e-10	2.44171e-11	1.06493e-10	
55.9074	430109	2273.07	672.839	538.299	538299	502.359	22641.6	21159.4	258103	2.45454e+06	2.49318e-10	1.03608e-10	2.48127e-11	1.07971e-10	
58.3082	425080	2304.04	669.835	538.299	538299	501.273	22516.9	21042.6	256611	2.45454e+06	2.53368e-10	1.05835e-10	2.52066e-11	1.09442e-10	
60.709	420207	2334.96	666.856	538.299	538299	500.197	22393.7	20927.3	255149	2.45454e+06	2.57446e-10	1.08059e-10	2.55997e-11	1.1091e-10	
63.1098	415467	2365.89	663.896	538.299	538299	499.128	22271.6	20813.1	253713	2.45454e+06	2.61561e-10	1.10287e-10	2.5993e-11	1.1238e-10	
65.5106	410843	2396.93	660.946	538.299	538299	498.063	22150.3	20699.8	252299	2.45454e+06	2.65725e-10	1.12523e-10	2.63875e-11	1.13854e-10	
67.9114	406317	2428.15	658	538.299	538299	497	22029.6	20587	250902	2.45454e+06	2.69949e-10	1.14774e-10	2.67842e-11	1.15337e-10	
71.4948	399711	2475.27	653.592	538.299	538299	495.409	21849.6	20419	248841	2.45454e+06	2.76388e-10	1.1817e-10	2.73827e-11	1.17575e-10	
75.0782	393241	2523.28	649.152	538.299	538299	493.807	21669	20250.6	246799	2.45454e+06	2.83028e-10	1.2163e-10	2.7992e-11	1.19856e-10	
78.6616	386863	2572.49	644.653	538.299	538299	492.182	21486.7	20080.8	244762	2.45454e+06	2.89913e-10	1.25173e-10	2.8616e-11	1.22193e-10	
82.245	380537	2623.24	640.069	538.299	538299	490.526	21301.7	19908.5	242718	2.45454e+06	2.97096e-10	1.28822e-10	2.92587e-11	1.24604e-10	
85.8284	374223	2675.9	635.374	538.299	538299	488.827	21112.8	19732.8	240656	2.45454e+06	3.04633e-10	1.32602e-10	2.99249e-11	1.27105e-10	
89.4118	367885	2730.9	630.536	538.299	538299	487.075	20918.8	19552.5	238562	2.45454e+06	3.12593e-10	1.3654e-10	3.06194e-11	1.29718e-10	
93.6704	360266	2799.96	624.557	538.299	538299	484.904	20679.7	19330.6	236016	2.45454e+06	3.2271e-10	1.41467e-10	3.14898e-11	1.32998e-10	
97.929	352493	2873.95	618.269	538.299	538299	482.615	20429.1	19098.3	233382	2.45454e+06	3.33689e-10	1.46721e-10	3.24198e-11	1.36513e-10	
102.188	344498	2953.99	611.603	538.299	538299	480.18	20164.3	18852.9	230637	2.45454e+06	3.45718e-10	1.52372e-10	3.34227e-11	1.40314e-10	
106.446	336208	3041.47	604.478	538.299	538299	477.566	19881.8	18591.7	227749	2.45454e+06	3.59031e-10	1.58502e-10	3.45147e-11	1.4447e-10	
110.705	327545	3138.12	596.798	538.299	538299	474.733	19578.1	18311	224685	2.45454e+06	3.73919e-10	1.65213e-10	3.57155e-11	1.49061e-10	
114.02	320487	3221.07	590.367	538.299	538299	472.346	19324.1	18076.4	222153	2.45454e+06	3.86829e-10	1.70916e-10	3.67409e-11	1.53001e-10	
117.335	313106	3312.12	583.473	538.299	538299	469.773	19052.1	17825.5	219470	2.45454e+06	4.01125e-10	1.7711e-10	3.78608e-11	1.57325e-10	
120.65	305353	3412.77	576.05	538.299	538299	466.982	18759.3	17555.6	216611	2.45454e+06	4.17058e-10	1.83874e-10	3.90914e-11	1.62107e-10	
123.966	297177	3524.87	568.022	538.299	538299	463.937	18442.6	17264	213549	2.45454e+06	4.34931e-10	1.91297e-10	4.04522e-11	1.67431e-10	
127.281	288521	3650.63	559.307	538.299	538299	460.598	18098.5	16947.3	210253	2.45454e+06	4.55106e-10	1.9948e-10	4.19659e-11	1.73405e-10	
130.596	279330	3792.77	549.816	538.299	538299	456.918	17723	16602	206688	2.45454e+06	4.78007e-10	2.08536e-10	4.36595e-11	1.80157e-10	
133.911	269545	3954.55	539.459	538.299	538299	452.843	17312.1	16224.2	202816	2.45454e+06	5.04126e-10	2.18585e-10	4.55636e-11	1.87841e-10	
136.414	261733	4092.03	531.014	538.299	538299	449.472	16975.8	15915.2	199663	2.45454e+06	5.26303e-10	2.26903e-10	4.71612e-11	1.94371e-10	
138.916	253533	4244.86	521.994	538.299	538299	445.816	16615.1	15583.6	196292	2.45454e+06	5.50874e-10	2.35908e-10	4.89144e-11	2.01631e-10	
141.419	244929	4415.19	512.374	538.299	538299	441.851	16228.4	15228.2	192684	2.45454e+06	5.78081e-10	2.45642e-10	5.08392e-11	2.09722e-10	
143.456	237622	4568.39	504.096	538.299	538299	438.379	15893.5	14920.3	189559	2.45454e+06	6.02323e-10	2.54124e-10	5.25435e-11	2.16999e-10	
145.492	230045	4736.06	495.418	538.299	538299	434.675	15540.3	14595.3	186255	2.45454e+06	6.28546e-10	2.63112e-10	5.43792e-11	2.24963e-10	
147.529	222203	4919.53	486.357	538.299	538299	430.731	15168.7	14253.1	182767	2.45454e+06	6.56794e-10	2.72598e-10	5.63517e-11	2.33678e-10	
149.566	214112	5120.06	476.943	538.299	538299	426.544	14779.4	13894.2	179087	2.45454e+06	6.87052e-10	2.82556e-10	5.8464e-11	2.43203e-10	
151.603	205794	5338.75	467.221	538.299	538299	422.119	14373.4	13519.4	175216	2.45454e+06	7.19218e-10	2.92938e-10	6.07153e-11	2.53591e-10	
153.64	197281	5576.42	457.255	538.299	538299	417.466	13952.7	13130.4	171156	2.45454e+06	7.53088e-10	3.03675e-10	6.31001e-11	2.6488e-10	
155.677	188617	5833.48	447.125	538.299	538299	412.605	13520	12729.4	166915	2.45454e+06	7.88338e-10	3.14669e-10	6.56072e-11	2.7709e-10	
157.253	181838	6045.76	439.228	538.299	538299	408.72	13179	12412.7	163516	2.45454e+06	8.16295e-10	3.23282e-10	6.76213e-11	2.87173e-10	
158.83	175027	6269.25	431.338	538.299	538299	404.748	12834.9	12092.5	160028	2.45454e+06	8.44555e-10	3.31913e-10	6.96875e-11	2.97789e-10	
160.052	169747	6449.74	425.262	538.299	538299	401.626	12567.6	11843.2	157272	2.45454e+06	8.66476e-10	3.38568e-10	7.1316e-11	3.06363e-10	
161.274	164483	6636.21	419.243	538.299	538299	398.477	12300.8	11593.9	154476	2.45454e+06	8.8826e-10	3.45158e-10	7.29613e-11	3.1522e-10	
161.475	163618	6667.44	418.259	538.299	538299	397.958	12257	11553	154013	2.45454e+06	8.91822e-10	3.46234e-10	7.32333e-11	3.16704e-10	
161.676	162755	6698.83	417.278	538.299	538299	397.437	12213.3	11512.1	153548	2.45454e+06	8.95377e-10	3.47307e-10	7.35055e-11	3.18194e-10	
161.878	161893	6730.35	416.299	538.299	538299	396.917	12169.6	11471.2	153083	2.45454e+06	8.98922e-10	3.48377e-10	7.37779e-11	3.19692e-10	
162.079	161031	6762.02	415.322	538.299	538299	396.396	12126	11430.3	152617	2.45454e+06	9.02458e-10	3.49444e-10	7.40504e-11	3.21196e-10	
162.28	160171	6793.82	414.348	538.299	538299	395.875	12082.4	11389.5	152151	2.45454e+06	9.05983e-10	3.50508e-10	7.43231e-11	3.22706e-10	
162.682	158454	6857.83	412.408	538.299	538299	394.834	11995.6	11308.1	151215	2.45454e+06	9.13e-10	3.52625e-10	7.48687e-11	3.25747e-10	
163.084	156743	6922.35	410.479	538.299	538299	393.792	11909	11227	150278	2.45454e+06	9.19968e-10	3.54727e-10	7.54143e-11	3.28812e-10	
163.487	155037	6987.37	408.562	538.299	538299	392.752	11822.8	11146.1	149338	2.45454e+06	9.26881e-10	3.56812e-10	7.59597e-11	3.319e-10	
163.889	153337	7052.86	406.658	538.299	538299	391.712	11737	11065.5	148397	2.45454e+06	9.33735e-10	3.5888e-10	7.65047e-11	3.35011e-10	
164.665	150078	7180.45	403.023	538.299	538299	389.712	11572.7	10911.1	146577	2.45454e+06	9.46775e-10	3.62816e-10	7.75539e-11	3.41071e-10	
165.442	146849	7309.49	399.441	538.299	538299	387.722	11410.3	10758.3	144755	2.45454e+06	9.59542e-10	3.66675e-10	7.85983e-11	3.47201e-10	
166.218	143653	7439.77	395.917	538.299	538299	385.745	11250.1	10607.4	142932	2.45454e+06	9.72005e-10	3.70448e-10	7.96359e-11	3.53389e-10	
166.994	140494	7571.08	392.455	538.299	538299	383.786	11092.4	10458.6	141112	2.45454e+06	9.84136e-10	3.74128e-10	8.0665e-11	3.59626e-10	
167.963	136609	7736.06	388.224	538.299	538299	381.369	10899.2	10276.1	138849	2.45454e+06	9.98769e-10	3.78581e-10	8.19345e-11	3.67463e-10	
168.932	132795	7901.87	384.097	538.299	538299	378.99	10710.7	10097.7	136599	2.45454e+06	1.0128e-09	3.82868e-10	8.31846e-11	3.75339e-10	
169.901	129056	8068.06	380.077	538.299	538299	376.655	10527	9923.7	134367	2.45454e+06	1.0262e-09	3.86977e-10	8.44121e-11	3.83233e-10	
170.87	125398	8234.2	376.165	538.299	538299	374.369	10348.6	9754.39	132158	2.45454e+06	1.03895e-09	3.909e-10	8.56145e-11	3.91125e-10	
171.838	121825	8399.86	372.362	538.299	538299	372.136	10175.7	9590.04	129978	2.45454e+06	1.05102e-09	3.94628e-10	8.67893e-11	3.98994e-10	
172.993	117687	8596.04	367.972	538.299	538299	369.55	9977.03	9401.05	127423	2.45454e+06	1.06451e-09	3.98809e-10	8.81501e-11	4.08312e-10	
174.147	113681	8790.33	363.732	538.299	538299	367.051	9786.7	9219.68	124921	2.45454e+06	1.07703e-09	4.02697e-10	8.94664e-11	4.17541e-10	
175.301	109813	8982.12	359.638	538.299	538299	364.642	9604.78	9046.11	122479	2.45454e+06	1.08861e-09	4.0629e-10	9.07359e-11	4.26651e-10	
176.455	106085	9170.89	355.682	538.299	538299	362.327	9431.31	8880.41	120101	2.45454e+06	1.09926e-09	4.09583e-10	9.19575e-11	4.35617e-10	
177.609	102499	9356.18	351.858	538.299	538299	360.107	9266.23	8722.58	117793	2.45454e+06	1.10902e-09	4.12577e-10	9.31302e-11	4.44418e-10	
178.929	98575.3	9563.16	347.639	538.299	538299	357.687	9087.69	8551.7	115245	2.45454e+06	1.11916e-09	4.15635e-10	9.44106e-11	4.5425e-10	
180.248	94837.1	9764.6	343.568	538.299	538299	355.391	8919.65	8390.74	112798	2.45454e+06	1.12826e-09	4.18312e-10	9.56276e-11	4.63818e-10	
181.567	91282.5	9960.12	339.633	538.299	538299	353.218	8761.75	8239.4	110454	2.45454e+06	1.13642e-09	4.20617e-10	9.67823e-11	4.73106e-10	
182.886	87907.7	10149.5	335.82	538.299	538299	351.163	8613.53	8097.27	108215	2.45454e+06	1.1437e-09	4.22559e-10	9.78767e-11	4.821e-10	
184.205	84708.1	10332.5	332.119	538.299	538299	349.222	8474.53	7963.93	106082	2.45454e+06	1.1502e-09	4.24154e-10	9.89128e-11	4.90795e-10	
185.524	81678	10509.2	328.518	538.299	538299	347.392	8344.21	7838.91	104054	2.45454e+06	1.15599e-09	4.25415e-10	9.98932e-11	4.99186e-10	
187.621	77194	10776.9	322.971	538.299	538299	344.694	8153.63	7656.05	101042	2.45454e+06	1.1639e-09	4.26771e-10	1.01344e-10	5.11904e-10	
189.719	73094.5	11028.9	317.614	538.299	538299	342.238	7981.57	7491	98281	2.45454e+06	1.17046e-09	4.27391e-10	1.02673e-10	5.23875e-10	
191.435	70004.8	11224	313.35	538.299	538299	340.39	7853.11	7367.83	96199.5	2.45454e+06	1.17499e-09	4.27399e-10	1.03677e-10	5.33139e-10	
193.152	67136.4	11409.4	309.179	538.299	538299	338.676	7734.63	7254.28	94268.9	2.45454e+06	1.17889e-09	4.26998e-10	1.04614e-10	5.41947e-10	
194.868	64472.9	11585.8	305.091	538.299	538299	337.083	7625.13	7149.42	92479.7	2.45454e+06	1.18224e-09	4.26225e-10	1.05489e-10	5.50324e-10	
196.584	61998.6	11753.6	301.077	538.299	538299	335.6	7523.73	7052.38	90822.4	2.45454e+06	1.18514e-09	4.25117e-10	1.06307e-10	5.58296e-10	
198.301	59698.3	11913.5	297.132	538.299	538299	334.217	7429.61	6962.37	89287.1	2.45454e+06	1.18764e-09	4.23708e-10	1.07075e-10	5.65892e-10	
200.017	57557.4	12066.1	293.25	538.299	538299	332.924	7342	6878.68	87864.2	2.45454e+06	1.18981e-09	4.22029e-10	1.07797e-10	5.73139e-10	
201.734	55562.5	12211.8	289.426	538.299	538299	331.712	7260.21	6800.62	86544.5	2.45454e+06	1.19171e-09	4.20109e-10	1.08477e-10	5.80063e-10	
203.45	53700.9	12351.4	285.658	538.299	538299	330.573	7183.67	6727.62	85319	2.45454e+06	1.19336e-09	4.17978e-10	1.09119e-10	5.8669e-10	
203.75	53388.5	12375.2	285.006	538.299	538299	330.381	7170.8	6715.35	85114	2.45454e+06	1.19363e-09	4.17585e-10	1.09227e-10	5.8782e-10	
204.05	53079.7	12398.8	284.355	538.299	538299	330.191	7158.06	6703.21	84911.6	2.45454e+06	1.19389e-09	4.17187e-10	1.09335e-10	5.88941e-10	
204.35	52774.5	12422.2	283.705	538.299	538299	330.002	7145.47	6691.21	84711.6	2.45454e+06	1.19414e-09	4.16784e-10	1.09442e-10	5.90054e-10	
204.65	52472.9	12445.4	283.057	538.299	538299	329.816	7133.01	6679.34	84514.2	2.45454e+06	1.19439e-09	4.16375e-10	1.09547e-10	5.91159e-10	
204.95	52174.7	12468.5	282.411	538.299	538299	329.632	7120.68	6667.6	84319.2	2.45454e+06	1.19463e-09	4.15961e-10	1.09652e-10	5.92256e-10	
205.514	51622.5	12511.6	281.197	538.299	538299	329.29	7097.81	6645.83	83958.5	2.45454e+06	1.19508e-09	4.15167e-10	1.09846e-10	5.94302e-10	
206.079	51081.9	12554.1	279.989	538.299	538299	328.954	7075.39	6624.48	83606.1	2.45454e+06	1.1955e-09	4.14356e-10	1.10037e-10	5.96321e-10	
206.644	50552.8	12596.1	278.787	538.299	538299	328.624	7053.39	6603.56	83261.7	2.45454e+06	1.19591e-09	4.13528e-10	1.10226e-10	5.98314e-10	
207.208	50034.8	12637.5	277.589	538.299	538299	328.3	7031.82	6583.03	82925.1	2.45454e+06	1.19631e-09	4.12684e-10	1.10411e-10	6.00283e-10	
207.773	49527.5	12678.5	276.397	538.299	538299	327.982	7010.64	6562.89	82596.1	2.45454e+06	1.19668e-09	4.11824e-10	1.10593e-10	6.02227e-10	
208.693	48723.5	12744.1	274.467	538.299	538299	327.475	6976.97	6530.89	82075.6	2.45454e+06	1.19726e-09	4.10392e-10	1.10883e-10	6.05343e-10	
209.613	47945.7	12808.4	272.549	538.299	538299	326.982	6944.28	6499.82	81573.5	2.45454e+06	1.19781e-09	4.08924e-10	1.11166e-10	6.084e-10	
210.532	47192.8	12871.6	270.645	538.299	538299	326.502	6912.5	6469.64	81088.8	2.45454e+06	1.19832e-09	4.07421e-10	1.11443e-10	6.11401e-10	
211.452	46463.7	12933.6	268.753	538.299	538299	326.034	6881.59	6440.3	80620.5	2.45454e+06	1.1988e-09	4.05886e-10	1.11713e-10	6.14347e-10	
212.726	45490.3	13017.8	266.151	538.299	538299	325.405	6840.09	6400.93	79997.2	2.45454e+06	1.19942e-09	4.03708e-10	1.12077e-10	6.18347e-10	
214.001	44557.3	13100.1	263.571	538.299	538299	324.797	6800.06	6362.97	79401.6	2.45454e+06	1.19999e-09	4.01478e-10	1.1243e-10	6.22255e-10	
215.276	43662	13180.6	261.014	538.299	538299	324.208	6761.37	6326.32	78831.8	2.45454e+06	1.20052e-09	3.99198e-10	1.12773e-10	6.26077e-10	
216.55	42801.9	13259.4	258.477	538.299	538299	323.638	6723.94	6290.88	78286	2.45454e+06	1.201e-09	3.96873e-10	1.13106e-10	6.29821e-10	
217.825	41974.6	13336.6	255.96	538.299	538299	323.083	6687.68	6256.56	77762.4	2.45454e+06	1.20145e-09	3.94507e-10	1.13431e-10	6.3349e-10	
219.491	40939.2	13435.4	252.698	538.299	538299	322.382	6641.9	6213.27	77108.8	2.45454e+06	1.20199e-09	3.91355e-10	1.13843e-10	6.38182e-10	
221.156	39951.6	13532	249.467	538.299	538299	321.706	6597.81	6171.6	76487.1	2.45454e+06	1.20248e-09	3.88143e-10	1.14242e-10	6.42768e-10	
222.822	39007.7	13626.5	246.263	538.299	538299	321.051	6555.24	6131.4	75894.5	2.45454e+06	1.20292e-09	3.84874e-10	1.1463e-10	6.47258e-10	
224.488	38103.8	13719.2	243.084	538.299	538299	320.416	6514.07	6092.55	75328	2.45454e+06	1.20333e-09	3.81551e-10	1.15007e-10	6.5166e-10	
226.154	37236.5	13810.2	239.928	538.299	538299	319.799	6474.18	6054.92	74785.5	2.45454e+06	1.20371e-09	3.78179e-10	1.15375e-10	6.55983e-10	
228.204	36215	13920.1	236.072	538.299	538299	319.063	6426.66	6010.14	74147.4	2.45454e+06	1.20412e-09	3.73962e-10	1.15815e-10	6.61206e-10	
230.254	35239.1	14028.1	232.241	538.299	538299	318.349	6380.72	5966.87	73538.6	2.45454e+06	1.2045e-09	3.69675e-10	1.16243e-10	6.66336e-10	
232.304	34304.1	14134.4	228.432	538.299	538299	317.655	6336.17	5924.95	72955.8	2.45454e+06	1.20485e-09	3.65317e-10	1.16661e-10	6.71385e-10	
234.354	33405.8	14239.3	224.639	538.299	538299	316.98	6292.88	5884.24	72396.1	2.45454e+06	1.20516e-09	3.60889e-10	1.1707e-10	6.76365e-10	
236.403	32540.6	14342.9	220.857	538.299	538299	316.32	6250.71	5844.6	71857.1	2.45454e+06	1.20545e-09	3.56391e-10	1.1747e-10	6.81288e-10	
238.453	31705.1	14445.5	217.083	538.299	538299	315.674	6209.54	5805.93	71336.5	2.45454e+06	1.20571e-09	3.5182e-10	1.17863e-10	6.86164e-10	
240.953	30722	14569.7	212.483	538.299	538299	314.903	6160.51	5759.91	70723.7	2.45454e+06	1.206e-09	3.46144e-10	1.18333e-10	6.92059e-10	
243.453	29773.7	14693	207.878	538.299	538299	314.147	6112.63	5714.99	70132.1	2.45454e+06	1.20627e-09	3.40352e-10	1.18796e-10	6.97915e-10	
245.952	28855.9	14815.7	203.26	538.299	538299	313.405	6065.72	5671.02	69558.9	2.45454e+06	1.20651e-09	3.34437e-10	1.19252e-10	7.03748e-10	
248.452	27964.7	14938.4	198.623	538.299	538299	312.674	6019.64	5627.85	69001.5	2.45454e+06	1.20673e-09	3.28393e-10	1.19702e-10	7.09572e-10	
250.952	27096.8	15061.1	193.957	538.299	538299	311.952	5974.25	5585.35	68457.8	2.45454e+06	1.20693e-09	3.22213e-10	1.20149e-10	7.15402e-10	
253.451	26249.2	15184.2	189.257	538.299	538299	311.238	5929.45	5543.42	67925.8	2.45454e+06	1.20711e-09	3.15891e-10	1.20592e-10	7.21251e-10	
256.98	25081.9	15359.3	182.552	538.299	538299	310.238	5866.97	5484.98	67191.3	2.45454e+06	1.20735e-09	3.06707e-10	1.21215e-10	7.29566e-10	
260.509	23943.4	15536.4	175.753	538.299	538299	309.245	5805.16	5427.2	66472.4	2.45454e+06	1.20756e-09	2.97208e-10	1.21835e-10	7.37977e-10	
264.038	22828.5	15716.2	168.848	538.299	538299	308.255	5743.79	5369.87	65765.2	2.45454e+06	1.20774e-09	2.87378e-10	1.22456e-10	7.46518e-10	
267.567	21733	15899.3	161.833	538.299	538299	307.265	5682.68	5312.8	65066.7	2.45454e+06	1.20791e-09	2.77211e-10	1.23079e-10	7.55215e-10	
271.096	20653.6	16086.2	154.709	538.299	538299	306.273	5621.68	5255.86	64374.3	2.45454e+06	1.20806e-09	2.66709e-10	1.23705e-10	7.64093e-10	
274.625	19588.5	16277.3	147.485	538.299	538299	305.278	5560.69	5198.94	63685.6	2.45454e+06	1.20819e-09	2.55887e-10	1.24335e-10	7.73173e-10	
278.154	18536.6	16473	140.181	538.299	538299	304.277	5499.65	5141.98	62999.2	2.45454e+06	1.20831e-09	2.44773e-10	1.24969e-10	7.82466e-10	
281.683	17498.2	16673.3	132.827	538.299	538299	303.272	5438.58	5084.98	62313.9	2.45454e+06	1.20841e-09	2.3342e-10	1.25608e-10	7.9198e-10	
285.212	16474.7	16878	125.469	538.299	538299	302.263	5377.52	5027.99	61629.1	2.45454e+06	1.2085e-09	2.21899e-10	1.2625e-10	8.01707e-10	
288.121	15644.3	17050	119.441	538.299	538299	301.429	5327.32	4981.1	61065.1	2.45454e+06	1.20856e-09	2.12346e-10	1.2678e-10	8.09874e-10	
291.029	14828	17224.4	113.487	538.299	538299	300.596	5277.33	4934.4	60502	2.45454e+06	1.20862e-09	2.02813e-10	1.27311e-10	8.18159e-10	
293.938	14028.7	17400.8	107.65	538.299	538299	299.767	5227.69	4888	59940.5	2.45454e+06	1.20867e-09	1.93377e-10	1.27839e-10	8.26538e-10	
296.846	13249.3	17578.5	101.978	538.299	538299	298.943	5178.59	4842.07	59381.7	2.45454e+06	1.20872e-09	1.84124e-10	1.28363e-10	8.3498e-10	
299.026	12680.5	17712.2	97.8642	538.299	538299	298.331	5142.26	4808.06	58965.4	2.45454e+06	1.20875e-09	1.77361e-10	1.28752e-10	8.41327e-10	
301.206	12126.6	17845.7	93.8895	538.299	538299	297.726	5106.44	4774.5	58552.2	2.45454e+06	1.20877e-09	1.70789e-10	1.29136e-10	8.47671e-10	
303.386	11589	17978.7	90.0729	538.299	538299	297.13	5071.21	4741.47	58142.8	2.45454e+06	1.2088e-09	1.64442e-10	1.29514e-10	8.5399e-10	
305.566	11069.5	18110.8	86.4315	538.299	538299	296.544	5036.68	4709.07	57738.2	2.45454e+06	1.20882e-09	1.58356e-10	1.29885e-10	8.60265e-10	
307.746	10569.4	18241.5	82.9798	538.299	538299	295.97	5002.96	4677.4	57339.2	2.45454e+06	1.20884e-09	1.5256e-10	1.30248e-10	8.66473e-10	
309.926	10090.2	18370.3	79.7292	538.299	538299	295.409	4970.12	4646.54	56946.9	2.45454e+06	1.20885e-09	1.47078e-10	1.30602e-10	8.72591e-10	
312.106	9633.05	18496.8	76.688	538.299	538299	294.864	4938.28	4616.57	56562.3	2.45454e+06	1.20886e-09	1.4193e-10	1.30945e-10	8.78597e-10	
314.286	9198.91	18620.4	73.861	538.299	538299	294.336	4907.5	4587.59	56186.4	2.45454e+06	1.20888e-09	1.37128e-10	1.31277e-10	8.8447e-10	
316.466	8788.53	18740.8	71.2493	538.299	538299	293.827	4877.86	4559.65	55820.1	2.45454e+06	1.20889e-09	1.3268e-10	1.31597e-10	8.90188e-10	
318.646	8402.38	18857.6	68.8506	538.299	538299	293.337	4849.43	4532.83	55464.5	2.45454e+06	1.2089e-09	1.28584e-10	1.31904e-10	8.95734e-10	
320.826	8040.67	18970.3	66.66	538.299	538299	292.867	4822.26	4507.16	55120.3	2.45454e+06	1.2089e-09	1.24837e-10	1.32198e-10	9.01091e-10	
323.006	7703.34	19078.9	64.6694	538.299	538299	292.419	4796.37	4482.69	54788.3	2.45454e+06	1.20891e-09	1.21428e-10	1.32478e-10	9.06246e-10	
325.186	7390.07	19182.9	62.869	538.299	538299	291.993	4771.79	4459.44	54469.1	2.45454e+06	1.20891e-09	1.18342e-10	1.32743e-10	9.11186e-10	
327.366	7100.32	19282.2	61.2475	538.299	538299	291.588	4748.54	4437.42	54163.3	2.45454e+06	1.20892e-09	1.15561e-10	1.32995e-10	9.15903e-10	
329.546	6833.34	19376.7	59.7924	538.299	538299	291.206	4726.6	4416.64	53871.3	2.45454e+06	1.20892e-09	1.13065e-10	1.33232e-10	9.20392e-10	
332.018	6556.91	19478	58.3269	538.299	538299	290.799	4703.29	4394.53	53557.1	2.45454e+06	1.20893e-09	1.10553e-10	1.33484e-10	9.25203e-10	
334.491	6307.07	19572.9	57.0397	538.299	538299	290.421	4681.62	4373.97	53261.1	2.45454e+06	1.20893e-09	1.0835e-10	1.33718e-10	9.29715e-10	
336.964	6082.14	19661.7	55.9124	538.299	538299	290.069	4661.54	4354.89	52983.3	2.45454e+06	1.20893e-09	1.06423e-10	1.33936e-10	9.33931e-10	
339.437	5880.33	19744.3	54.927	538.299	538299	289.743	4642.98	4337.26	52723.5	2.45454e+06	1.20894e-09	1.04743e-10	1.34136e-10	9.37855e-10	
341.909	5699.83	19821	54.0672	538.299	538299	289.443	4625.88	4321	52481.4	2.45454e+06	1.20894e-09	1.0328e-10	1.34322e-10	9.41498e-10	
344.382	5538.83	19892	53.3177	538.299	538299	289.166	4610.16	4306.04	52256.4	2.45454e+06	1.20894e-09	1.02009e-10	1.34492e-10	9.44868e-10	
346.855	5395.56	19957.4	52.6649	538.299	538299	288.912	4595.74	4292.31	52048	2.45454e+06	1.20894e-09	1.00905e-10	1.34648e-10	9.47979e-10	
349.328	5268.34	20017.7	52.0964	538.299	538299	288.679	4582.54	4279.74	51855.4	2.45454e+06	1.20894e-09	9.99479e-11	1.34791e-10	9.50842e-10	
351.8	5155.57	20073.1	51.6014	538.299	538299	288.466	4570.48	4268.25	51677.9	2.45454e+06	1.20894e-09	9.91177e-11	1.34922e-10	9.53471e-10	
354.273	5055.74	20123.8	51.1703	538.299	538299	288.272	4559.48	4257.76	51514.7	2.45454e+06	1.20894e-09	9.83978e-11	1.35041e-10	9.55881e-10	
356.746	4967.49	20170.2	50.7947	538.299	538299	288.095	4549.46	4248.21	51364.9	2.45454e+06	1.20894e-09	9.77734e-11	1.35149e-10	9.58085e-10	
359.219	4889.55	20212.6	50.4673	538.299	538299	287.933	4540.34	4239.51	51227.7	2.45454e+06	1.20894e-09	9.72316e-11	1.35248e-10	9.60099e-10	
361.982	4813.24	20255.6	50.1508	538.299	538299	287.77	4531.13	4230.73	51088.3	2.45454e+06	1.20894e-09	9.67105e-11	1.35348e-10	9.62139e-10	
364.745	4746.92	20294.2	49.8788	538.299	538299	287.624	4522.88	4222.85	50962.5	2.45454e+06	1.20895e-09	9.62652e-11	1.35438e-10	9.63976e-10	
367.508	4689.31	20329	49.6449	538.299	538299	287.492	4515.48	4215.79	50849	2.45454e+06	1.20895e-09	9.58846e-11	1.35518e-10	9.65627e-10	
370.271	4639.28	20360.2	49.4436	538.299	538299	287.375	4508.85	4209.47	50747	2.45454e+06	1.20895e-09	9.55588e-11	1.3559e-10	9.67109e-10	
373.034	4595.85	20388.2	49.2701	538.299	538299	287.269	4502.93	4203.81	50655.3	2.45454e+06	1.20895e-09	9.52796e-11	1.35654e-10	9.68437e-10	
375.797	4558.14	20413.2	49.1205	538.299	538299	287.175	4497.64	4198.76	50573	2.45454e+06	1.20895e-09	9.50402e-11	1.35711e-10	9.69627e-10	
379.617	4514.02	20443.5	48.9466	538.299	538299	287.062	4491.25	4192.66	50473.1	2.45454e+06	1.20895e-09	9.47639e-11	1.35781e-10	9.71067e-10	
383.438	4477.71	20469.5	48.8043	538.299	538299	286.965	4485.8	4187.45	50387.5	2.45454e+06	1.20895e-09	9.45397e-11	1.3584e-10	9.72299e-10	
387.259	4447.79	20491.6	48.6876	538.299	538299	286.882	4481.16	4183.01	50314.2	2.45454e+06	1.20895e-09	9.43573e-11	1.3589e-10	9.73351e-10	
391.079	4423.12	20510.5	48.5918	538.299	538299	286.812	4477.2	4179.23	50251.6	2.45454e+06	1.20895e-09	9.42086e-11	1.35933e-10	9.74248e-10	
394.9	4402.76	20526.6	48.5129	538.299	538299	286.752	4473.84	4176.01	50198.2	2.45454e+06	1.20895e-09	9.40872e-11	1.35969e-10	9.75012e-10	
398.721	4385.94	20540.3	48.4479	538.299	538299	286.701	4470.98	4173.28	50152.6	2.45454e+06	1.20895e-09	9.39878e-11	1.36e-10	9.75662e-10	
402.541	4372.02	20551.9	48.3943	538.299	538299	286.658	4468.56	4170.96	50113.9	2.45454e+06	1.20895e-09	9.39063e-11	1.36027e-10	9.76214e-10	
406.362	4360.5	20561.7	48.3499	538.299	538299	286.621	4466.5	4169	50080.9	2.45454e+06	1.20895e-09	9.38393e-11	1.36049e-10	9.76683e-10	
410.182	4350.94	20570.1	48.3131	538.299	538299	286.59	4464.76	4167.33	50052.9	2.45454e+06	1.20895e-09	9.37842e-11	1.36068e-10	9.7708e-10	
414.434	4342.21	20577.9	48.2795	538.299	538299	286.561	4463.13	4165.77	50026.7	2.45454e+06	1.20895e-09	9.37341e-11	1.36086e-10	9.77452e-10	
418.685	4335.1	20584.4	48.2522	538.299	538299	286.537	4461.78	4164.48	50004.9	2.45454e+06	1.20895e-09	9.36937e-11	1.361e-10	9.77761e-10	
422.936	4329.3	20589.8	48.2299	538.299	538299	286.517	4460.65	4163.4	49986.8	2.45454e+06	1.20895e-09	9.36609e-11	1.36113e-10	9.78018e-10	
427.187	4324.58	20594.3	48.2117	538.299	538299	286.5	4459.72	4162.51	49971.7	2.45454e+06	1.20895e-09	9.36342e-11	1.36123e-10	9.78231e-10	
431.438	4320.72	20598.1	48.1969	538.299	538299	286.486	4458.95	4161.77	49959.1	2.45454e+06	1.20895e-09	9.36126e-11	1.36131e-10	9.78408e-10	
435.689	4317.56	20601.1	48.1847	538.299	538299	286.475	4458.3	4161.16	49948.7	2.45454e+06	1.20895e-09	9.3595e-11	1.36138e-10	9.78554e-10	
440.958	4314.43	20604.2	48.1727	538.299	538299	286.463	4457.66	4160.54	49938.3	2.45454e+06	1.20895e-09	9.35776e-11	1.36145e-10	9.78702e-10	
446.227	4311.98	20606.7	48.1633	538.299	538299	286.454	4457.15	4160.05	49929.9	2.45454e+06	1.20895e-09	9.3564e-11	1.36151e-10	9.78819e-10	
451.496	4310.06	20608.7	48.1559	538.299	538299	286.447	4456.74	4159.66	49923.4	2.45454e+06	1.20895e-09	9.35535e-11	1.36155e-10	9.78911e-10	
456.765	4308.57	20610.2	48.1501	538.299	538299	286.441	4456.42	4159.36	49918.1	2.45454e+06	1.20895e-09	9.35453e-11	1.36158e-10	9.78984e-10	
462.034	4307.39	20611.4	48.1456	538.299	538299	286.437	4456.17	4159.11	49914	2.45454e+06	1.20895e-09	9.35388e-11	1.36161e-10	9.79042e-10	
467.304	4306.47	20612.4	48.1421	538.299	538299	286.433	4455.97	4158.92	49910.7	2.45454e+06	1.20895e-09	9.35338e-11	1.36163e-10	9.79088e-10	
474.247	4305.55	20613.4	48.1385	538.299	538299	286.43	4455.77	4158.73	49907.5	2.45454e+06	1.20895e-09	9.35287e-11	1.36165e-10	9.79134e-10	
481.191	4304.88	20614.1	48.1359	538.299	538299	286.427	4455.62	4158.59	49905	2.45454e+06	1.20895e-09	9.35251e-11	1.36167e-10	9.79168e-10	
488.134	4304.39	20614.6	48.1341	538.299	538299	286.425	4455.51	4158.48	49903.3	2.45454e+06	1.20895e-09	9.35224e-11	1.36168e-10	9.79193e-10	
495.077	4304.03	20615	48.1327	538.299	538299	286.424	4455.43	4158.41	49902	2.45454e+06	1.20895e-09	9.35205e-11	1.36169e-10	9.79211e-10	
500	4303.84	20615.2	48.1319	538.299	538299	286.423	4455.39	4158.37	49901.3	2.45454e+06	1.20895e-09	9.35195e-11	1.3617e-10	9.79221e-10	
