# Time	[Z]	[mu2]	[mZ]	[mF]	[F]	[mP]	[PE]	[PG]	[PM]	[STAT]	(R3).Flux	(R4).Flux	(R5).Flux	(R6).Flux	
0	718037	1296.33	964.528	60	60000	140.773	7082.76	6610.58	79326.9	40339.9	1.51316e-10	4.80364e-11	3.28394e-12	6.48167e-11	
1e-09	718037	1296.33	964.528	60	60000	140.773	7082.76	6610.58	79326.9	40339.9	1.51316e-10	4.80364e-11	3.28394e-12	6.48167e-11	
2e-09	718037	1296.33	964.528	60	60000	140.773	7082.76	6610.58	79326.9	40339.9	1.51316e-10	4.80364e-11	3.28394e-12	6.48167e-11	
1.0002e-05	718037	1296.33	964.527	60	60000	140.773	7082.76	6610.58	79326.9	40339.9	1.51316e-10	4.80364e-11	3.28394e-12	6.48167e-11	
2.0002e-05	718037	1296.34	964.526	60	60000	140.773	7082.76	6610.58	79326.9	40339.9	1.51316e-10	4.80363e-11	3.28394e-12	6.48168e-11	
3.0002e-05	718037	1296.34	964.525	60	60000	140.773	7082.76	6610.58	79326.9	40339.9	1.51316e-10	4.80363e-11	3.28395e-12	6.48168e-11	
0.000130002	718037	1296.34	964.514	60	60000	140.773	7082.76	6610.58	79326.9	40339.9	1.51316e-10	4.8036e-11	3.28396e-12	6.4817e-11	
0.000230002	718037	1296.34	964.503	60	60000	140.773	7082.76	6610.58	79326.9	40339.9	1.51316e-10	4.80357e-11	3.28397e-12	6.48171e-11	
0.000330002	718037	1296.35	964.492	60	60000	140.773	7082.76	6610.58	79326.9	40339.9	1.51316e-10	4.80355e-11	3.28398e-12	6.48173e-11	
0.000430002	718037	1296.35	964.481	60	60000	140.773	7082.76	6610.58	79326.9	40339.9	1.51316e-10	4.80352e-11	3.28399e-12	6.48175e-11	
0.00143	718037	1296.38	964.371	60	60000	140.773	7082.76	6610.58	79326.9	40339.9	1.51316e-10	4.80324e-11	3.28411e-12	6.48192e-11	
0.00243	718037	1296.42	964.261	60	60000	140.773	7082.76	6610.58	79326.9	40339.9	1.51316e-10	4.80296e-11	3.28423e-12	6.4821e-11	
0.00343	718037	1296.46	964.15	60	60000	140.773	7082.76	6610.58	79326.9	40339.9	1.51316e-10	4.80269e-11	3.28435e-12	6.48228e-11	
0.00443	718037	1296.49	964.04	60	60000	140.773	7082.76	6610.58	79326.9	40339.9	1.51316e-10	4.80241e-11	3.28447e-12	6.48245e-11	
0.01443	718036	1296.84	962.943	60	60000	140.773	7082.76	6610.58	79326.9	40339.9	1.51316e-10	4.79966e-11	3.28566e-12	6.48421e-11	
0.02443	718035	1297.19	961.851	60	60000	140.773	7082.75	6610.58	79326.9	40339.9	1.51316e-10	4.79693e-11	3.28685e-12	6.48597e-11	
0.03443	718032	1297.55	960.766	60	60000	140.773	7082.73	6610.58	79326.9	40339.9	1.51317e-10	4.79423e-11	3.28804e-12	6.48773e-11	
0.04443	718029	1297.9	959.686	60	60000	140.772	7082.71	6610.58	79326.9	40339.9	1.51317e-10	4.79155e-11	3.28923e-12	6.48949e-11	
0.05443	718024	1298.25	958.612	60	60000	140.772	7082.69	6610.58	79326.9	40339.9	1.51318e-10	4.7889e-11	3.29042e-12	6.49125e-11	
0.15443	717936	1301.78	948.185	60	60000	140.77	7082.2	6610.53	79326.9	40339.9	1.51329e-10	4.76368e-11	3.30231e-12	6.50889e-11	
0.25443	717768	1305.31	938.306	60	60000	140.766	7081.3	6610.39	79326.9	40339.9	1.51349e-10	4.74076e-11	3.31418e-12	6.52655e-11	
0.35443	717526	1308.85	928.944	60	60000	140.76	7080.03	6610.1	79326.8	40339.9	1.51379e-10	4.72002e-11	3.32605e-12	6.54424e-11	
0.45443	717213	1312.39	920.073	60	60000	140.753	7078.45	6609.63	79326.7	40339.9	1.51418e-10	4.70135e-11	3.3379e-12	6.56196e-11	
0.55443	716834	1315.94	911.664	60	60000	140.744	7076.57	6608.98	79326.5	40339.9	1.51465e-10	4.68465e-11	3.34973e-12	6.57969e-11	
0.74914	715923	1322.85	896.528	60	60000	140.721	7072.23	6607.13	79325.7	40339.9	1.51579e-10	4.65739e-11	3.37271e-12	6.61424e-11	
0.943851	714806	1329.76	882.885	60	60000	140.694	7067.11	6604.51	79324.1	40339.9	1.51719e-10	4.63652e-11	3.39559e-12	6.64878e-11	
1.13856	713506	1336.66	870.58	60	60000	140.661	7061.37	6601.16	79321.5	40339.9	1.51883e-10	4.62142e-11	3.41838e-12	6.68329e-11	
1.33327	712047	1343.55	859.478	60	60000	140.625	7055.13	6597.14	79317.7	40339.9	1.52068e-10	4.61152e-11	3.44104e-12	6.71773e-11	
1.52798	710448	1350.42	849.455	60	60000	140.584	7048.48	6592.53	79312.6	40339.9	1.52273e-10	4.60632e-11	3.46359e-12	6.75208e-11	
1.69627	708967	1356.33	841.575	60	60000	140.547	7042.45	6588.11	79306.9	40339.9	1.52464e-10	4.60526e-11	3.48296e-12	6.78167e-11	
1.86457	707405	1362.23	834.353	60	60000	140.507	7036.21	6583.36	79299.9	40339.9	1.52668e-10	4.60708e-11	3.50223e-12	6.81117e-11	
2.03286	705771	1368.11	827.731	60	60000	140.465	7029.79	6578.3	79291.7	40339.9	1.52882e-10	4.61154e-11	3.52139e-12	6.84054e-11	
2.20115	704074	1373.96	821.655	60	60000	140.421	7023.22	6572.98	79282.2	40339.9	1.53107e-10	4.61842e-11	3.54044e-12	6.8698e-11	
2.36944	702322	1379.78	816.076	60	60000	140.376	7016.52	6567.42	79271.2	40339.9	1.53342e-10	4.62749e-11	3.55937e-12	6.89891e-11	
2.5568	700315	1386.23	810.395	60	60000	140.324	7008.94	6561.01	79257.3	40339.9	1.53613e-10	4.63993e-11	3.5803e-12	6.93116e-11	
2.74416	698256	1392.64	805.22	60	60000	140.27	7001.25	6554.4	79241.7	40339.9	1.53895e-10	4.65461e-11	3.60109e-12	6.96321e-11	
2.93151	696154	1399.01	800.501	60	60000	140.215	6993.47	6547.6	79224.2	40339.9	1.54185e-10	4.6713e-11	3.62172e-12	6.99507e-11	
3.11887	694015	1405.35	796.192	60	60000	140.159	6985.62	6540.67	79205	40339.9	1.54485e-10	4.68981e-11	3.6422e-12	7.02673e-11	
3.30623	691845	1411.63	792.252	60	60000	140.101	6977.72	6533.61	79183.9	40339.9	1.54792e-10	4.70994e-11	3.66252e-12	7.05817e-11	
3.71855	686990	1425.32	784.711	60	60000	139.972	6960.22	6517.78	79131.4	40339.9	1.55492e-10	4.75914e-11	3.70668e-12	7.12659e-11	
4.13088	682064	1438.79	778.459	60	60000	139.84	6942.66	6501.65	79070.5	40339.9	1.56223e-10	4.81388e-11	3.75009e-12	7.19393e-11	
4.54321	677105	1452.03	773.232	60	60000	139.706	6925.12	6485.4	79001.5	40339.9	1.56979e-10	4.87289e-11	3.79274e-12	7.26016e-11	
4.95554	672144	1465.06	768.823	60	60000	139.572	6907.69	6469.11	78925	40339.9	1.57757e-10	4.93516e-11	3.83465e-12	7.32528e-11	
5.36786	667203	1477.86	765.065	60	60000	139.437	6890.42	6452.87	78841.4	40339.9	1.58553e-10	4.99988e-11	3.87584e-12	7.3893e-11	
5.78019	662302	1490.44	761.827	60	60000	139.303	6873.34	6436.75	78751.2	40339.9	1.59365e-10	5.06638e-11	3.91633e-12	7.45222e-11	
6.0633	658967	1498.96	759.85	60	60000	139.211	6861.74	6425.76	78685.6	40339.9	1.59931e-10	5.11281e-11	3.94373e-12	7.49481e-11	
6.34641	655659	1507.38	758.04	60	60000	139.12	6850.26	6414.87	78617.3	40339.9	1.60504e-10	5.15969e-11	3.97081e-12	7.53691e-11	
6.62951	652383	1515.7	756.375	60	60000	139.029	6838.9	6404.07	78546.5	40339.9	1.61081e-10	5.20691e-11	3.9976e-12	7.57852e-11	
6.91262	649140	1523.93	754.834	60	60000	138.939	6827.66	6393.37	78473.2	40339.9	1.61664e-10	5.25437e-11	4.02408e-12	7.61966e-11	
7.19573	645932	1532.07	753.401	60	60000	138.85	6816.55	6382.78	78397.7	40339.9	1.62251e-10	5.30198e-11	4.05028e-12	7.66034e-11	
7.44024	643191	1539.02	752.237	60	60000	138.774	6807.05	6373.72	78330.7	40339.9	1.62761e-10	5.34317e-11	4.07268e-12	7.69511e-11	
7.68476	640478	1545.91	751.134	60	60000	138.698	6797.65	6364.75	78262.3	40339.9	1.63275e-10	5.38437e-11	4.09488e-12	7.72956e-11	
7.92928	637794	1552.74	750.085	60	60000	138.623	6788.34	6355.87	78192.4	40339.9	1.63791e-10	5.42557e-11	4.11688e-12	7.76368e-11	
8.1738	635138	1559.5	749.083	60	60000	138.548	6779.14	6347.08	78121.3	40339.9	1.6431e-10	5.46672e-11	4.13869e-12	7.79749e-11	
8.4103	632598	1565.98	748.154	60	60000	138.477	6770.32	6338.65	78051.4	40339.9	1.64814e-10	5.50646e-11	4.15961e-12	7.8299e-11	
8.64681	630085	1572.41	747.26	60	60000	138.406	6761.59	6330.31	77980.3	40339.9	1.6532e-10	5.54611e-11	4.18035e-12	7.86204e-11	
8.88332	627600	1578.78	746.397	60	60000	138.336	6752.95	6322.06	77908.3	40339.9	1.65828e-10	5.58567e-11	4.20093e-12	7.8939e-11	
9.11982	625143	1585.1	745.562	60	60000	138.266	6744.4	6313.88	77835.3	40339.9	1.66337e-10	5.62512e-11	4.22134e-12	7.9255e-11	
9.69544	619278	1600.27	743.629	60	60000	138.1	6723.94	6294.32	77654.3	40339.9	1.67585e-10	5.72061e-11	4.27038e-12	8.00133e-11	
10.2711	613576	1615.15	741.812	60	60000	137.936	6703.96	6275.23	77469.1	40339.9	1.68841e-10	5.81526e-11	4.31855e-12	8.07574e-11	
10.8467	608035	1629.76	740.085	60	60000	137.777	6684.45	6256.59	77280.5	40339.9	1.70104e-10	5.90902e-11	4.3659e-12	8.14879e-11	
11.4223	602651	1644.12	738.43	60	60000	137.621	6665.38	6238.39	77089.2	40339.9	1.71373e-10	6.00185e-11	4.41249e-12	8.22059e-11	
11.9979	597419	1658.24	736.834	60	60000	137.468	6646.74	6220.6	76895.9	40339.9	1.72647e-10	6.09375e-11	4.45837e-12	8.2912e-11	
12.7584	590735	1676.56	734.799	60	60000	137.27	6622.71	6197.69	76638.3	40339.9	1.74336e-10	6.21375e-11	4.51796e-12	8.38281e-11	
13.5188	584299	1694.53	732.832	60	60000	137.078	6599.33	6175.42	76379.3	40339.9	1.76031e-10	6.33222e-11	4.57649e-12	8.47264e-11	
14.2793	578101	1712.17	730.921	60	60000	136.89	6576.54	6153.74	76119.8	40339.9	1.7773e-10	6.44922e-11	4.63403e-12	8.56084e-11	
15.0397	572129	1729.51	729.058	60	60000	136.706	6554.31	6132.61	75860.5	40339.9	1.79432e-10	6.56484e-11	4.69068e-12	8.64755e-11	
15.8001	566372	1746.57	727.235	60	60000	136.526	6532.58	6111.98	75602.3	40339.9	1.81135e-10	6.67917e-11	4.74649e-12	8.73287e-11	
16.2847	562812	1757.31	726.093	60	60000	136.414	6518.99	6099.08	75438.4	40339.9	1.82221e-10	6.75138e-11	4.78165e-12	8.78656e-11	
16.7692	559332	1767.95	724.965	60	60000	136.303	6505.59	6086.36	75275.3	40339.9	1.83306e-10	6.82313e-11	4.81651e-12	8.83976e-11	
17.2538	555930	1778.5	723.849	60	60000	136.193	6492.35	6073.82	75113	40339.9	1.84392e-10	6.89442e-11	4.85109e-12	8.8925e-11	
17.7383	552603	1788.96	722.746	60	60000	136.085	6479.29	6061.44	74951.6	40339.9	1.85477e-10	6.96529e-11	4.8854e-12	8.94478e-11	
18.0077	550786	1794.73	722.137	60	60000	136.025	6472.1	6054.62	74862.2	40339.9	1.8608e-10	7.0045e-11	4.90436e-12	8.97366e-11	
18.2771	548990	1800.48	721.532	60	60000	135.966	6464.95	6047.86	74773.2	40339.9	1.86683e-10	7.04359e-11	4.92325e-12	9.00241e-11	
18.5464	547216	1806.21	720.931	60	60000	135.907	6457.85	6041.14	74684.6	40339.9	1.87285e-10	7.08257e-11	4.94206e-12	9.03103e-11	
19.4748	541264	1825.75	718.881	60	60000	135.706	6433.74	6018.32	74381.5	40339.9	1.89361e-10	7.21599e-11	5.00632e-12	9.12877e-11	
20.4033	535548	1845.03	716.866	60	60000	135.509	6410.13	5996	74082.6	40339.9	1.91433e-10	7.34812e-11	5.06978e-12	9.22517e-11	
21.3317	530055	1864.07	714.883	60	60000	135.316	6386.99	5974.14	73788.1	40339.9	1.93501e-10	7.47905e-11	5.13249e-12	9.32034e-11	
21.5638	528714	1868.79	714.392	60	60000	135.269	6381.27	5968.74	73715.2	40339.9	1.94017e-10	7.51161e-11	5.14805e-12	9.34394e-11	
21.7959	527387	1873.5	713.903	60	60000	135.221	6375.58	5963.37	73642.5	40339.9	1.94533e-10	7.54409e-11	5.16358e-12	9.36748e-11	
22.028	526072	1878.19	713.415	60	60000	135.174	6369.92	5958.02	73570.2	40339.9	1.95049e-10	7.57651e-11	5.17906e-12	9.39096e-11	
22.2601	524770	1882.87	712.929	60	60000	135.127	6364.28	5952.7	73498.1	40339.9	1.95564e-10	7.60887e-11	5.1945e-12	9.41436e-11	
22.4356	523793	1886.4	712.563	60	60000	135.091	6360.04	5948.7	73443.8	40339.9	1.95954e-10	7.63328e-11	5.20615e-12	9.43201e-11	
22.611	522824	1889.92	712.198	60	60000	135.056	6355.81	5944.7	73389.7	40339.9	1.96343e-10	7.65766e-11	5.21777e-12	9.44962e-11	
22.7865	521861	1893.44	711.834	60	60000	135.02	6351.59	5940.73	73335.8	40339.9	1.96732e-10	7.682e-11	5.22937e-12	9.46719e-11	
23.551	517743	1908.67	710.259	60	60000	134.868	6333.38	5923.55	73102.6	40339.9	1.98427e-10	7.78767e-11	5.27967e-12	9.54335e-11	
24.3156	513745	1923.77	708.7	60	60000	134.717	6315.42	5906.61	72872.4	40339.9	2.00118e-10	7.8927e-11	5.32957e-12	9.61887e-11	
25.0802	509862	1938.75	707.157	60	60000	134.568	6297.7	5889.91	72645.4	40339.9	2.01806e-10	7.99713e-11	5.3791e-12	9.69377e-11	
25.8448	506088	1953.62	705.629	60	60000	134.421	6280.2	5873.42	72421.4	40339.9	2.03491e-10	8.101e-11	5.42828e-12	9.76811e-11	
26.1003	504850	1958.57	705.122	60	60000	134.372	6274.4	5867.96	72347.2	40339.9	2.04054e-10	8.13559e-11	5.44464e-12	9.79283e-11	
26.3558	503623	1963.5	704.616	60	60000	134.323	6268.63	5862.52	72273.3	40339.9	2.04616e-10	8.17013e-11	5.46096e-12	9.81749e-11	
26.6113	502407	1968.42	704.112	60	60000	134.275	6262.87	5857.1	72199.7	40339.9	2.05178e-10	8.2046e-11	5.47725e-12	9.84209e-11	
26.9922	500615	1975.73	703.364	60	60000	134.203	6254.34	5849.07	72090.7	40339.9	2.06016e-10	8.25589e-11	5.50146e-12	9.87866e-11	
27.3731	498847	1983.02	702.618	60	60000	134.131	6245.86	5841.08	71982.4	40339.9	2.06852e-10	8.30706e-11	5.5256e-12	9.9151e-11	
27.754	497101	1990.29	701.876	60	60000	134.06	6237.43	5833.14	71874.8	40339.9	2.07689e-10	8.35811e-11	5.54967e-12	9.95143e-11	
29.1468	490905	2016.66	699.189	60	60000	133.802	6206.98	5804.49	71487.2	40339.9	2.10742e-10	8.54383e-11	5.63708e-12	1.00833e-10	
30.5397	484980	2042.76	696.541	60	60000	133.548	6177.12	5776.4	71108.6	40339.9	2.1379e-10	8.7282e-11	5.72363e-12	1.02138e-10	
30.8879	483539	2049.24	695.884	60	60000	133.486	6169.74	5769.46	71015.3	40339.9	2.14552e-10	8.77409e-11	5.74515e-12	1.02462e-10	
31.2361	482113	2055.72	695.23	60	60000	133.423	6162.39	5762.56	70922.5	40339.9	2.15313e-10	8.81992e-11	5.76662e-12	1.02786e-10	
31.5843	480701	2062.17	694.578	60	60000	133.361	6155.07	5755.68	70830.2	40339.9	2.16074e-10	8.86567e-11	5.78805e-12	1.03109e-10	
31.9325	479304	2068.61	693.928	60	60000	133.299	6147.78	5748.83	70738.4	40339.9	2.16836e-10	8.91136e-11	5.80943e-12	1.03431e-10	
32.2424	478072	2074.34	693.351	60	60000	133.244	6141.33	5742.76	70657.2	40339.9	2.17513e-10	8.95197e-11	5.82842e-12	1.03717e-10	
32.5523	476851	2080.05	692.776	60	60000	133.189	6134.89	5736.72	70576.3	40339.9	2.18191e-10	8.99252e-11	5.84739e-12	1.04002e-10	
32.8622	475641	2085.75	692.202	60	60000	133.134	6128.48	5730.69	70495.8	40339.9	2.18868e-10	9.03303e-11	5.86632e-12	1.04288e-10	
33.3664	473694	2095.01	691.272	60	60000	133.046	6118.1	5720.94	70365.6	40339.9	2.1997e-10	9.09884e-11	5.89706e-12	1.0475e-10	
33.8706	471775	2104.24	690.346	60	60000	132.957	6107.77	5711.24	70236.5	40339.9	2.21073e-10	9.16453e-11	5.92772e-12	1.05212e-10	
34.3748	469881	2113.45	689.423	60	60000	132.87	6097.5	5701.6	70108.2	40339.9	2.22176e-10	9.23012e-11	5.95832e-12	1.05672e-10	
35.9358	464174	2141.83	686.589	60	60000	132.6	6066.05	5672.07	69717.1	40339.9	2.25594e-10	9.43256e-11	6.05262e-12	1.07092e-10	
37.4968	458683	2170.05	683.786	60	60000	132.334	6035.07	5643.01	69334.3	40339.9	2.29021e-10	9.63425e-11	6.14641e-12	1.08502e-10	
37.8871	457341	2177.08	683.089	60	60000	132.268	6027.4	5635.81	69239.8	40339.9	2.2988e-10	9.68458e-11	6.16979e-12	1.08854e-10	
38.2773	456012	2184.1	682.394	60	60000	132.202	6019.74	5628.63	69145.8	40339.9	2.30739e-10	9.73489e-11	6.19314e-12	1.09205e-10	
38.6676	454694	2191.12	681.701	60	60000	132.136	6012.12	5621.47	69052.2	40339.9	2.316e-10	9.78517e-11	6.21648e-12	1.09556e-10	
39.0578	453387	2198.13	681.009	60	60000	132.071	6004.51	5614.35	68959.1	40339.9	2.32461e-10	9.83543e-11	6.23979e-12	1.09907e-10	
39.3067	452559	2202.6	680.569	60	60000	132.029	5999.68	5609.81	68899.9	40339.9	2.33011e-10	9.86746e-11	6.25465e-12	1.1013e-10	
39.5555	451736	2207.07	680.129	60	60000	131.987	5994.85	5605.29	68841	40339.9	2.33562e-10	9.8995e-11	6.2695e-12	1.10353e-10	
39.8044	450918	2211.53	679.69	60	60000	131.946	5990.03	5600.77	68782.2	40339.9	2.34112e-10	9.93152e-11	6.28435e-12	1.10577e-10	
40.0592	450084	2216.1	679.241	60	60000	131.903	5985.11	5596.16	68722.1	40339.9	2.34677e-10	9.96432e-11	6.29955e-12	1.10805e-10	
40.3141	449254	2220.67	678.792	60	60000	131.861	5980.2	5591.55	68662.3	40339.9	2.35242e-10	9.99711e-11	6.31474e-12	1.11034e-10	
40.5689	448429	2225.24	678.344	60	60000	131.818	5975.29	5586.95	68602.6	40339.9	2.35808e-10	1.00299e-10	6.32993e-12	1.11262e-10	
41.9777	443941	2250.46	675.876	60	60000	131.585	5948.32	5561.68	68275.7	40339.9	2.38946e-10	1.02111e-10	6.41383e-12	1.12523e-10	
43.3864	439572	2275.67	673.421	60	60000	131.353	5921.58	5536.64	67953.5	40339.9	2.42105e-10	1.03925e-10	6.49769e-12	1.13784e-10	
43.7386	438497	2281.98	672.809	60	60000	131.295	5914.93	5530.41	67873.7	40339.9	2.42899e-10	1.04379e-10	6.51866e-12	1.14099e-10	
44.0908	437429	2288.28	672.198	60	60000	131.237	5908.29	5524.2	67794.1	40339.9	2.43694e-10	1.04833e-10	6.53963e-12	1.14414e-10	
44.443	436366	2294.59	671.588	60	60000	131.179	5901.66	5518	67714.8	40339.9	2.44491e-10	1.05287e-10	6.56061e-12	1.1473e-10	
44.7952	435311	2300.9	670.978	60	60000	131.122	5895.05	5511.8	67635.7	40339.9	2.45289e-10	1.05741e-10	6.5816e-12	1.15045e-10	
45.1266	434322	2306.84	670.404	60	60000	131.067	5888.83	5505.98	67561.6	40339.9	2.46042e-10	1.06169e-10	6.60136e-12	1.15342e-10	
45.4581	433339	2312.79	669.831	60	60000	131.013	5882.62	5500.17	67487.6	40339.9	2.46797e-10	1.06598e-10	6.62113e-12	1.15639e-10	
45.7896	432362	2318.74	669.258	60	60000	130.959	5876.42	5494.37	67413.8	40339.9	2.47553e-10	1.07027e-10	6.64092e-12	1.15937e-10	
46.2796	430925	2327.54	668.411	60	60000	130.879	5867.26	5485.81	67305.2	40339.9	2.48675e-10	1.07661e-10	6.67019e-12	1.16377e-10	
46.7697	429500	2336.35	667.566	60	60000	130.8	5858.13	5477.26	67196.9	40339.9	2.498e-10	1.08296e-10	6.69949e-12	1.16817e-10	
47.2598	428084	2345.17	666.721	60	60000	130.72	5849	5468.73	67089.1	40339.9	2.5093e-10	1.08932e-10	6.72882e-12	1.17258e-10	
49.2741	422368	2381.56	663.251	60	60000	130.392	5811.63	5433.8	66649.8	40339.9	2.55619e-10	1.11558e-10	6.84984e-12	1.19078e-10	
49.7777	420962	2390.7	662.383	60	60000	130.311	5802.32	5425.1	66540.9	40339.9	2.56804e-10	1.12218e-10	6.88023e-12	1.19535e-10	
50.2813	419565	2399.86	661.516	60	60000	130.229	5793.01	5416.4	66432.3	40339.9	2.57994e-10	1.12879e-10	6.91068e-12	1.19993e-10	
50.7849	418176	2409.04	660.649	60	60000	130.147	5783.7	5407.71	66324	40339.9	2.59191e-10	1.13542e-10	6.94121e-12	1.20452e-10	
51.2885	416796	2418.25	659.781	60	60000	130.065	5774.4	5399.02	66216	40339.9	2.60393e-10	1.14207e-10	6.9718e-12	1.20912e-10	
51.5179	416169	2422.45	659.385	60	60000	130.028	5770.17	5395.07	66166.9	40339.9	2.60942e-10	1.1451e-10	6.98576e-12	1.21123e-10	
51.7473	415544	2426.66	658.989	60	60000	129.99	5765.93	5391.11	66117.8	40339.9	2.61493e-10	1.14814e-10	6.99974e-12	1.21333e-10	
51.9768	414921	2430.87	658.593	60	60000	129.953	5761.7	5387.16	66068.8	40339.9	2.62045e-10	1.15118e-10	7.01374e-12	1.21543e-10	
52.215	414276	2435.25	658.182	60	60000	129.914	5757.3	5383.05	66018	40339.9	2.6262e-10	1.15434e-10	7.02829e-12	1.21762e-10	
52.4532	413632	2439.63	657.771	60	60000	129.876	5752.9	5378.95	65967.3	40339.9	2.63196e-10	1.15751e-10	7.04286e-12	1.21982e-10	
52.6914	412990	2444.02	657.36	60	60000	129.837	5748.51	5374.85	65916.6	40339.9	2.63774e-10	1.16068e-10	7.05745e-12	1.22201e-10	
54.2655	408782	2473.21	654.635	60	60000	129.58	5719.44	5347.72	65582.7	40339.9	2.6763e-10	1.18175e-10	7.1544e-12	1.2366e-10	
55.8396	404634	2502.72	651.899	60	60000	129.322	5690.32	5320.56	65250.5	40339.9	2.71558e-10	1.20306e-10	7.2524e-12	1.25136e-10	
56.2332	403605	2510.16	651.213	60	60000	129.257	5683.02	5313.76	65167.7	40339.9	2.72552e-10	1.20843e-10	7.27708e-12	1.25508e-10	
56.6267	402579	2517.62	650.525	60	60000	129.192	5675.72	5306.96	65084.9	40339.9	2.73552e-10	1.21381e-10	7.30184e-12	1.25881e-10	
57.0202	401556	2525.1	649.837	60	60000	129.127	5668.42	5300.14	65002.2	40339.9	2.74556e-10	1.21921e-10	7.32668e-12	1.26255e-10	
57.4138	400536	2532.62	649.147	60	60000	129.062	5661.1	5293.33	64919.6	40339.9	2.75566e-10	1.22463e-10	7.3516e-12	1.26631e-10	
57.6397	399951	2536.94	648.751	60	60000	129.025	5656.9	5289.41	64872.2	40339.9	2.76148e-10	1.22775e-10	7.36595e-12	1.26847e-10	
57.8656	399367	2541.27	648.354	60	60000	128.988	5652.69	5285.49	64824.8	40339.9	2.76732e-10	1.23087e-10	7.38032e-12	1.27064e-10	
58.0915	398785	2545.61	647.956	60	60000	128.95	5648.48	5281.57	64777.4	40339.9	2.77318e-10	1.23401e-10	7.39472e-12	1.27281e-10	
58.3384	398148	2550.37	647.521	60	60000	128.909	5643.87	5277.27	64725.6	40339.9	2.77961e-10	1.23744e-10	7.4105e-12	1.27519e-10	
58.5854	397513	2555.14	647.086	60	60000	128.868	5639.26	5272.98	64673.8	40339.9	2.78606e-10	1.24088e-10	7.42632e-12	1.27757e-10	
58.8324	396879	2559.92	646.65	60	60000	128.827	5634.65	5268.68	64622	40339.9	2.79253e-10	1.24433e-10	7.44217e-12	1.27996e-10	
59.9051	394133	2580.83	644.749	60	60000	128.647	5614.55	5249.96	64397.1	40339.9	2.82092e-10	1.25939e-10	7.51148e-12	1.29041e-10	
60.9777	391402	2601.98	642.836	60	60000	128.467	5594.35	5231.16	64172.2	40339.9	2.84977e-10	1.27463e-10	7.58155e-12	1.30099e-10	
62.0504	388683	2623.39	640.91	60	60000	128.285	5574.04	5212.26	63947.1	40339.9	2.87913e-10	1.29004e-10	7.65245e-12	1.31169e-10	
63.7765	384328	2658.44	637.777	60	60000	127.989	5541.08	5181.6	63584	40339.9	2.92748e-10	1.31525e-10	7.76844e-12	1.32922e-10	
65.5026	379989	2694.3	634.6	60	60000	127.689	5507.72	5150.59	63219.4	40339.9	2.97735e-10	1.34101e-10	7.88702e-12	1.34715e-10	
67.2287	375659	2731.08	631.372	60	60000	127.383	5473.9	5119.16	62852.4	40339.9	3.02886e-10	1.36737e-10	8.00846e-12	1.36554e-10	
68.9548	371328	2768.86	628.087	60	60000	127.072	5439.54	5087.26	62482.5	40339.9	3.0822e-10	1.3944e-10	8.13309e-12	1.38443e-10	
70.9645	366274	2814.28	624.18	60	60000	126.701	5398.77	5049.42	62047.1	40339.9	3.14681e-10	1.4268e-10	8.28266e-12	1.40714e-10	
72.9743	361195	2861.4	620.174	60	60000	126.32	5357.05	5010.74	61605.4	40339.9	3.21444e-10	1.46032e-10	8.43758e-12	1.4307e-10	
74.9841	356078	2910.44	616.058	60	60000	125.927	5314.26	4971.08	61156.4	40339.9	3.2854e-10	1.49507e-10	8.59848e-12	1.45522e-10	
76.9939	350911	2961.62	611.818	60	60000	125.522	5270.26	4930.34	60698.6	40339.9	3.36009e-10	1.53119e-10	8.76606e-12	1.48081e-10	
79.0037	345679	3015.21	607.44	60	60000	125.103	5224.91	4888.37	60230.7	40339.9	3.43892e-10	1.56884e-10	8.94109e-12	1.5076e-10	
81.2794	339661	3079.15	602.298	60	60000	124.609	5171.71	4839.17	59686.9	40339.9	3.53378e-10	1.61351e-10	9.14933e-12	1.53957e-10	
83.5551	333523	3147.01	596.936	60	60000	124.091	5116.32	4787.99	59126.1	40339.9	3.63536e-10	1.66059e-10	9.36959e-12	1.5735e-10	
85.8308	327245	3219.33	591.33	60	60000	123.548	5058.47	4734.57	58545.8	40339.9	3.74453e-10	1.71037e-10	9.60342e-12	1.60967e-10	
88.1065	320805	3296.73	585.452	60	60000	122.975	4997.85	4678.65	57943.4	40339.9	3.86232e-10	1.76317e-10	9.85256e-12	1.64837e-10	
90.3822	314182	3379.92	579.272	60	60000	122.369	4934.15	4619.91	57316.1	40339.9	3.9899e-10	1.81935e-10	1.0119e-11	1.68996e-10	
92.6579	307352	3469.71	572.758	60	60000	121.726	4867.02	4558.06	56660.8	40339.9	4.12858e-10	1.87928e-10	1.0405e-11	1.73486e-10	
94.5502	301498	3550.08	567.064	60	60000	121.16	4808.3	4503.99	56092.1	40339.9	4.25344e-10	1.93227e-10	1.06594e-11	1.77504e-10	
96.4426	295472	3636.29	561.095	60	60000	120.563	4746.71	4447.31	55499.6	40339.9	4.388e-10	1.98841e-10	1.09307e-11	1.81814e-10	
98.335	289260	3729.02	554.832	60	60000	119.931	4682.01	4387.79	54881	40339.9	4.53331e-10	2.04797e-10	1.12206e-11	1.86451e-10	
100.227	282849	3829.07	548.254	60	60000	119.261	4613.94	4325.2	54234.1	40339.9	4.69055e-10	2.11123e-10	1.1531e-11	1.91453e-10	
102.12	276225	3937.3	541.34	60	60000	118.55	4542.24	4259.29	53556.4	40339.9	4.86097e-10	2.17847e-10	1.1864e-11	1.96865e-10	
104.012	269378	4054.68	534.071	60	60000	117.794	4466.66	4189.82	52845.3	40339.9	5.04588e-10	2.24998e-10	1.22217e-11	2.02734e-10	
105.904	262296	4182.3	526.433	60	60000	116.99	4386.96	4116.57	52098	40339.9	5.24666e-10	2.32603e-10	1.26064e-11	2.09115e-10	
107.797	254971	4321.32	518.411	60	60000	116.133	4302.89	4039.32	51312.1	40339.9	5.46468e-10	2.40684e-10	1.30204e-11	2.16066e-10	
109.689	247399	4473.01	509.999	60	60000	115.221	4214.28	3957.87	50484.8	40339.9	5.7012e-10	2.49259e-10	1.3466e-11	2.2365e-10	
111.582	239578	4638.72	501.199	60	60000	114.25	4121.01	3872.1	49613.7	40339.9	5.95734e-10	2.58338e-10	1.39453e-11	2.31936e-10	
113.045	233361	4777.34	494.133	60	60000	113.457	4045.64	3802.76	48908.7	40339.9	6.16937e-10	2.65704e-10	1.43401e-11	2.38867e-10	
114.508	227002	4925.81	486.85	60	60000	112.627	3967.48	3730.8	48175.5	40339.9	6.39375e-10	2.73363e-10	1.47568e-11	2.46291e-10	
115.972	220508	5084.73	479.367	60	60000	111.759	3886.59	3656.26	47413.4	40339.9	6.63044e-10	2.81302e-10	1.51955e-11	2.54237e-10	
117.435	213888	5254.67	471.702	60	60000	110.853	3803.11	3579.25	46622.2	40339.9	6.87904e-10	2.89501e-10	1.56564e-11	2.62734e-10	
118.614	208472	5399.93	465.414	60	60000	110.096	3734.09	3515.52	45963.6	40339.9	7.08753e-10	2.96275e-10	1.60435e-11	2.69996e-10	
119.793	202991	5552.85	459.042	60	60000	109.317	3663.65	3450.4	45286.3	40339.9	7.30273e-10	3.0318e-10	1.64442e-11	2.77642e-10	
120.972	197455	5713.57	452.606	60	60000	108.516	3591.95	3384.03	44590.9	40339.9	7.52389e-10	3.10192e-10	1.68579e-11	2.85678e-10	
122.151	191875	5882.15	446.129	60	60000	107.695	3519.2	3316.59	43878.1	40339.9	7.75006e-10	3.17285e-10	1.72836e-11	2.94108e-10	
123.33	186264	6058.57	439.633	60	60000	106.855	3445.63	3248.28	43148.7	40339.9	7.98011e-10	3.24429e-10	1.77202e-11	3.02928e-10	
124.508	180636	6242.68	433.143	60	60000	106.001	3371.49	3179.33	42403.9	40339.9	8.21271e-10	3.3159e-10	1.81662e-11	3.12134e-10	
125.687	175006	6434.26	426.685	60	60000	105.134	3297.08	3110	41645.4	40339.9	8.4464e-10	3.38732e-10	1.86199e-11	3.21713e-10	
126.866	169390	6632.95	420.286	60	60000	104.257	3222.7	3040.56	40874.7	40339.9	8.67958e-10	3.45818e-10	1.90795e-11	3.31647e-10	
128.045	163804	6838.25	413.972	60	60000	103.375	3148.68	2971.31	40094.1	40339.9	8.91059e-10	3.52811e-10	1.95428e-11	3.41913e-10	
129.224	158265	7049.58	407.765	60	60000	102.491	3075.34	2902.55	39305.8	40339.9	9.13772e-10	3.5967e-10	2.00076e-11	3.52479e-10	
130.403	152790	7266.23	401.689	60	60000	101.61	3003.01	2834.6	38512.2	40339.9	9.35935e-10	3.66359e-10	2.04718e-11	3.63311e-10	
131.582	147396	7487.38	395.762	60	60000	100.734	2932	2767.74	37716.2	40339.9	9.5739e-10	3.72842e-10	2.0933e-11	3.74369e-10	
132.761	142098	7712.14	390.001	60	60000	99.8692	2862.61	2702.26	36920.4	40339.9	9.78e-10	3.79086e-10	2.13889e-11	3.85607e-10	
133.94	136911	7939.58	384.418	60	60000	99.0183	2795.11	2638.42	36127.9	40339.9	9.97644e-10	3.85061e-10	2.18376e-11	3.96979e-10	
135.119	131849	8168.7	379.02	60	60000	98.1851	2729.72	2576.46	35341.5	40339.9	1.01623e-09	3.90741e-10	2.22771e-11	4.08435e-10	
136.298	126924	8398.51	373.812	60	60000	97.3729	2666.66	2516.58	34564.1	40339.9	1.03368e-09	3.96103e-10	2.27057e-11	4.19925e-10	
137.477	122145	8628.04	368.796	60	60000	96.5844	2606.07	2458.94	33798.5	40339.9	1.04995e-09	4.01129e-10	2.31218e-11	4.31402e-10	
138.656	117523	8856.35	363.967	60	60000	95.8219	2548.06	2403.67	33047.2	40339.9	1.06503e-09	4.05806e-10	2.35245e-11	4.42817e-10	
139.835	113063	9082.56	359.321	60	60000	95.0873	2492.72	2350.84	32312.7	40339.9	1.07892e-09	4.10122e-10	2.39127e-11	4.54128e-10	
141.014	108770	9305.88	354.849	60	60000	94.3819	2440.07	2300.52	31596.9	40339.9	1.09164e-09	4.14072e-10	2.42858e-11	4.65294e-10	
142.193	104648	9525.59	350.541	60	60000	93.7065	2390.12	2252.71	30901.8	40339.9	1.10323e-09	4.17653e-10	2.46434e-11	4.7628e-10	
143.371	100698	9741.09	346.387	60	60000	93.0617	2342.83	2207.41	30228.9	40339.9	1.11375e-09	4.20864e-10	2.49853e-11	4.87054e-10	
144.55	96920.6	9951.84	342.373	60	60000	92.4473	2298.14	2164.56	29579.4	40339.9	1.12325e-09	4.2371e-10	2.53116e-11	4.97592e-10	
145.729	93314	10157.5	338.487	60	60000	91.8632	2255.98	2124.1	28954.2	40339.9	1.13181e-09	4.26195e-10	2.56224e-11	5.07873e-10	
146.908	89876	10357.6	334.717	60	60000	91.3087	2216.26	2085.95	28354	40339.9	1.13951e-09	4.28326e-10	2.59182e-11	5.1788e-10	
148.087	86602.9	10552.1	331.051	60	60000	90.7829	2178.85	2050.02	27779.2	40339.9	1.1464e-09	4.30113e-10	2.61993e-11	5.27603e-10	
149.266	83490.5	10740.7	327.477	60	60000	90.2849	2143.66	2016.2	27229.7	40339.9	1.15257e-09	4.31567e-10	2.64664e-11	5.37034e-10	
150.445	80533.6	10923.4	323.985	60	60000	89.8134	2110.55	1984.39	26705.6	40339.9	1.15808e-09	4.32699e-10	2.67199e-11	5.4617e-10	
151.624	77726.6	11100.2	320.563	60	60000	89.3673	2079.41	1954.46	26206.4	40339.9	1.163e-09	4.33522e-10	2.69606e-11	5.55012e-10	
152.939	74765.6	11290.6	316.822	60	60000	88.898	2046.84	1923.17	25678.6	40339.9	1.16786e-09	4.34092e-10	2.72148e-11	5.64528e-10	
154.254	71974.9	11473.8	313.147	60	60000	88.4566	2016.4	1893.92	25180.3	40339.9	1.17214e-09	4.34314e-10	2.74548e-11	5.73689e-10	
155.568	69345.5	11650.1	309.53	60	60000	88.0413	1987.91	1866.56	24710.5	40339.9	1.17592e-09	4.34208e-10	2.76815e-11	5.82504e-10	
156.883	66868.4	11819.7	305.962	60	60000	87.6503	1961.23	1840.95	24268	40339.9	1.17924e-09	4.33794e-10	2.78959e-11	5.90986e-10	
158.198	64534.6	11983	302.437	60	60000	87.2818	1936.2	1816.94	23851.5	40339.9	1.18217e-09	4.33091e-10	2.80989e-11	5.99149e-10	
159.513	62335.1	12140.2	298.95	60	60000	86.934	1912.7	1794.41	23459.7	40339.9	1.18476e-09	4.3212e-10	2.82914e-11	6.0701e-10	
161.44	59337.1	12360.3	293.898	60	60000	86.4586	1880.74	1763.8	22927.1	40339.9	1.18802e-09	4.30251e-10	2.8556e-11	6.18013e-10	
163.366	56583.3	12569	288.906	60	60000	86.0196	1851.4	1735.73	22440.1	40339.9	1.19075e-09	4.27903e-10	2.8802e-11	6.28451e-10	
165.293	54049.7	12767.5	283.967	60	60000	85.6128	1824.36	1709.89	21994.3	40339.9	1.19306e-09	4.25129e-10	2.90315e-11	6.38375e-10	
167.22	51713.8	12956.7	279.074	60	60000	85.2344	1799.34	1686.01	21585.8	40339.9	1.19501e-09	4.21979e-10	2.92464e-11	6.47835e-10	
169.146	49555.2	13137.5	274.224	60	60000	84.881	1776.08	1663.84	21210.7	40339.9	1.19666e-09	4.18496e-10	2.94485e-11	6.56876e-10	
171.073	47555.3	13310.9	269.414	60	60000	84.5495	1754.37	1643.18	20865.3	40339.9	1.19808e-09	4.14719e-10	2.96392e-11	6.65544e-10	
173	45697.3	13477.6	264.641	60	60000	84.2375	1734.02	1623.82	20546.5	40339.9	1.19929e-09	4.10683e-10	2.98199e-11	6.73878e-10	
174.926	43966.1	13638.3	259.903	60	60000	83.9426	1714.86	1605.63	20251.3	40339.9	1.20034e-09	4.06416e-10	2.99917e-11	6.81915e-10	
176.853	42348.2	13793.8	255.196	60	60000	83.6627	1696.75	1588.45	19977.1	40339.9	1.20125e-09	4.01944e-10	3.01556e-11	6.8969e-10	
179.184	40524.6	13975.8	249.54	60	60000	83.3418	1676.06	1568.85	19669.8	40339.9	1.2022e-09	3.96288e-10	3.03448e-11	6.98792e-10	
181.516	38830.4	14152.1	243.922	60	60000	83.0376	1656.54	1550.38	19385.9	40339.9	1.20301e-09	3.9039e-10	3.05252e-11	7.07604e-10	
183.847	37249	14323.4	238.334	60	60000	82.7479	1638.02	1532.88	19122.3	40339.9	1.2037e-09	3.84274e-10	3.0698e-11	7.16171e-10	
186.178	35766.2	14490.6	232.772	60	60000	82.4707	1620.37	1516.22	18876.1	40339.9	1.2043e-09	3.77957e-10	3.08643e-11	7.24532e-10	
188.509	34369.6	14654.4	227.227	60	60000	82.2043	1603.47	1500.29	18645	40339.9	1.20482e-09	3.7145e-10	3.1025e-11	7.32722e-10	
190.841	33048.4	14815.5	221.692	60	60000	81.9472	1587.23	1484.99	18426.8	40339.9	1.20528e-09	3.6476e-10	3.11808e-11	7.40774e-10	
192.622	32083.9	14937	217.466	60	60000	81.7563	1575.2	1473.67	18267.8	40339.9	1.20559e-09	3.59529e-10	3.1297e-11	7.4685e-10	
194.064	31328.7	15034.6	214.043	60	60000	81.6047	1565.67	1464.71	18143.4	40339.9	1.20582e-09	3.55218e-10	3.13895e-11	7.51731e-10	
195.506	30594.5	15131.7	210.617	60	60000	81.4557	1556.33	1455.93	18022.5	40339.9	1.20604e-09	3.5084e-10	3.14808e-11	7.56584e-10	
195.759	30468.1	15148.6	210.017	60	60000	81.4298	1554.71	1454.4	18001.6	40339.9	1.20607e-09	3.50067e-10	3.14966e-11	7.57431e-10	
196.011	30342.2	15165.6	209.417	60	60000	81.4041	1553.09	1452.89	17980.9	40339.9	1.20611e-09	3.49291e-10	3.15124e-11	7.58278e-10	
196.263	30216.9	15182.5	208.817	60	60000	81.3783	1551.49	1451.38	17960.3	40339.9	1.20614e-09	3.48514e-10	3.15282e-11	7.59123e-10	
196.516	30092.2	15199.4	208.216	60	60000	81.3527	1549.88	1449.87	17939.7	40339.9	1.20618e-09	3.47735e-10	3.1544e-11	7.59968e-10	
196.768	29968	15216.3	207.616	60	60000	81.3271	1548.28	1448.37	17919.3	40339.9	1.20621e-09	3.46953e-10	3.15597e-11	7.60813e-10	
197.273	29721.3	15250	206.414	60	60000	81.2761	1545.1	1445.37	17878.7	40339.9	1.20628e-09	3.45384e-10	3.1591e-11	7.625e-10	
197.778	29476.8	15283.7	205.211	60	60000	81.2254	1541.93	1442.4	17838.4	40339.9	1.20635e-09	3.43806e-10	3.16222e-11	7.64185e-10	
198.283	29234.3	15317.4	204.007	60	60000	81.1749	1538.78	1439.44	17798.4	40339.9	1.20641e-09	3.4222e-10	3.16533e-11	7.65869e-10	
198.788	28993.9	15351	202.803	60	60000	81.1246	1535.64	1436.5	17758.8	40339.9	1.20647e-09	3.40626e-10	3.16843e-11	7.67551e-10	
199.997	28426	15431.5	199.913	60	60000	81.0051	1528.2	1429.51	17665.2	40339.9	1.20661e-09	3.36772e-10	3.17581e-11	7.71575e-10	
201.206	27868.7	15511.9	197.017	60	60000	80.8867	1520.84	1422.6	17573.4	40339.9	1.20675e-09	3.3287e-10	3.18313e-11	7.75595e-10	
202.416	27321.4	15592.2	194.113	60	60000	80.7694	1513.56	1415.77	17483	40339.9	1.20688e-09	3.28919e-10	3.19039e-11	7.79612e-10	
203.625	26783.3	15672.6	191.201	60	60000	80.6531	1506.35	1409.02	17394.2	40339.9	1.207e-09	3.24919e-10	3.19761e-11	7.8363e-10	
205.569	25936.4	15801.9	186.501	60	60000	80.4679	1494.9	1398.29	17254.2	40339.9	1.20718e-09	3.18384e-10	3.20914e-11	7.90097e-10	
207.513	25109.8	15931.6	181.776	60	60000	80.2847	1483.61	1387.71	17117.2	40339.9	1.20734e-09	3.11721e-10	3.22057e-11	7.96582e-10	
209.457	24301.6	16061.9	177.024	60	60000	80.1031	1472.45	1377.26	16983	40339.9	1.20749e-09	3.04928e-10	3.23192e-11	8.03093e-10	
211.401	23510	16192.8	172.245	60	60000	79.923	1461.41	1366.92	16851.2	40339.9	1.20763e-09	2.98007e-10	3.24322e-11	8.0964e-10	
213.346	22733.7	16324.6	167.439	60	60000	79.7441	1450.47	1356.68	16721.5	40339.9	1.20776e-09	2.90959e-10	3.25447e-11	8.16228e-10	
215.518	21882.5	16473	162.037	60	60000	79.5453	1438.35	1345.35	16578.8	40339.9	1.20789e-09	2.82937e-10	3.26699e-11	8.23651e-10	
217.691	21047.3	16622.8	156.606	60	60000	79.3475	1426.33	1334.1	16438.1	40339.9	1.208e-09	2.74768e-10	3.27948e-11	8.31142e-10	
219.864	20227	16774.2	151.153	60	60000	79.1505	1414.4	1322.95	16299.2	40339.9	1.20811e-09	2.66465e-10	3.29194e-11	8.3871e-10	
222.037	19420.9	16927.1	145.686	60	60000	78.9543	1402.56	1311.87	16161.8	40339.9	1.20821e-09	2.58041e-10	3.30438e-11	8.46357e-10	
224.21	18628.4	17081.7	140.215	60	60000	78.7588	1390.79	1300.87	16025.8	40339.9	1.2083e-09	2.49517e-10	3.31679e-11	8.54086e-10	
227.015	17625.3	17283.7	133.169	60	60000	78.5075	1375.71	1286.78	15852	40339.9	1.2084e-09	2.38404e-10	3.33277e-11	8.64185e-10	
229.82	16645.2	17488.3	126.177	60	60000	78.2575	1360.78	1272.82	15680.1	40339.9	1.20848e-09	2.2723e-10	3.34869e-11	8.74414e-10	
232.043	15885.6	17652	120.703	60	60000	78.0606	1349.06	1261.85	15545.2	40339.9	1.20855e-09	2.18385e-10	3.36123e-11	8.82602e-10	
234.266	15142.1	17817	115.316	60	60000	77.865	1337.46	1251	15411.4	40339.9	1.2086e-09	2.09598e-10	3.3737e-11	8.90849e-10	
236.489	14416.2	17982.8	110.042	60	60000	77.671	1326	1240.26	15278.8	40339.9	1.20865e-09	2.00921e-10	3.38606e-11	8.9914e-10	
238.713	13709.2	18149.1	104.909	60	60000	77.4791	1314.69	1229.67	15147.6	40339.9	1.20869e-09	1.92406e-10	3.39828e-11	9.07456e-10	
239.087	13592	18177.2	104.06	60	60000	77.447	1312.81	1227.9	15125.6	40339.9	1.2087e-09	1.90992e-10	3.40033e-11	9.08858e-10	
239.462	13475.5	18205.2	103.217	60	60000	77.415	1310.92	1226.14	15103.6	40339.9	1.20871e-09	1.89584e-10	3.40237e-11	9.10259e-10	
239.836	13359.5	18233.2	102.378	60	60000	77.3831	1309.05	1224.38	15081.8	40339.9	1.20871e-09	1.88183e-10	3.4044e-11	9.11661e-10	
240.211	13244.2	18261.2	101.545	60	60000	77.3512	1307.18	1222.63	15059.9	40339.9	1.20872e-09	1.86788e-10	3.40643e-11	9.13062e-10	
240.586	13129.5	18289.3	100.717	60	60000	77.3194	1305.31	1220.88	15038.1	40339.9	1.20872e-09	1.85402e-10	3.40845e-11	9.14463e-10	
241.335	12902	18345.3	99.0772	60	60000	77.2561	1301.6	1217.4	14994.6	40339.9	1.20874e-09	1.82651e-10	3.41248e-11	9.17263e-10	
242.084	12677	18401.2	97.4609	60	60000	77.1931	1297.91	1213.94	14951.4	40339.9	1.20875e-09	1.79932e-10	3.41649e-11	9.20059e-10	
242.833	12454.7	18457	95.8688	60	60000	77.1305	1294.25	1210.5	14908.3	40339.9	1.20876e-09	1.77248e-10	3.42047e-11	9.22851e-10	
243.582	12235.2	18512.7	94.3018	60	60000	77.0683	1290.62	1207.09	14865.5	40339.9	1.20877e-09	1.746e-10	3.42442e-11	9.25637e-10	
245.035	11817.6	18620.3	91.3397	60	60000	76.949	1283.65	1200.56	14783.1	40339.9	1.20879e-09	1.69578e-10	3.432e-11	9.31016e-10	
246.487	11411.2	18727.2	88.4817	60	60000	76.8314	1276.81	1194.13	14701.5	40339.9	1.2088e-09	1.64714e-10	3.43946e-11	9.36361e-10	
247.939	11016.2	18833.2	85.7337	60	60000	76.7157	1270.09	1187.81	14621	40339.9	1.20882e-09	1.60019e-10	3.4468e-11	9.41662e-10	
249.391	10633.2	18938.2	83.1002	60	60000	76.602	1263.5	1181.61	14541.6	40339.9	1.20883e-09	1.55504e-10	3.454e-11	9.46911e-10	
250.843	10262.6	19041.9	80.5853	60	60000	76.4906	1257.05	1175.54	14463.3	40339.9	1.20885e-09	1.51178e-10	3.46105e-11	9.52097e-10	
252.484	9859.29	19157.4	77.8893	60	60000	76.3675	1249.94	1168.85	14376.3	40339.9	1.20886e-09	1.46526e-10	3.46882e-11	9.57872e-10	
254.125	9472.73	19270.8	75.3508	60	60000	76.2476	1243.04	1162.34	14291	40339.9	1.20887e-09	1.42132e-10	3.47639e-11	9.63542e-10	
255.766	9103.33	19381.9	72.9704	60	60000	76.1311	1236.34	1156.02	14207.5	40339.9	1.20888e-09	1.38001e-10	3.48372e-11	9.69097e-10	
257.407	8751.34	19490.5	70.7474	60	60000	76.0181	1229.86	1149.91	14126	40339.9	1.20889e-09	1.34134e-10	3.49083e-11	9.74524e-10	
259.048	8416.9	19596.3	68.6793	60	60000	75.9089	1223.61	1144	14046.5	40339.9	1.2089e-09	1.30529e-10	3.49768e-11	9.79813e-10	
260.689	8100.04	19699.1	66.7623	60	60000	75.8035	1217.59	1138.31	13969.2	40339.9	1.2089e-09	1.27182e-10	3.50429e-11	9.84954e-10	
262.33	7800.66	19798.8	64.9916	60	60000	75.702	1211.8	1132.83	13894.1	40339.9	1.20891e-09	1.24086e-10	3.51064e-11	9.89939e-10	
263.971	7518.56	19895.2	63.3612	60	60000	75.6045	1206.25	1127.57	13821.4	40339.9	1.20891e-09	1.21233e-10	3.51674e-11	9.94761e-10	
265.612	7253.44	19988.3	61.8643	60	60000	75.511	1200.94	1122.54	13751.1	40339.9	1.20892e-09	1.18611e-10	3.52257e-11	9.99414e-10	
267.253	7004.91	20077.9	60.4935	60	60000	75.4216	1195.87	1117.73	13683.3	40339.9	1.20892e-09	1.1621e-10	3.52814e-11	1.00389e-09	
268.894	6772.48	20164	59.2413	60	60000	75.3362	1191.03	1113.14	13618	40339.9	1.20892e-09	1.14017e-10	3.53346e-11	1.0082e-09	
270.535	6555.61	20246.5	58.0997	60	60000	75.2548	1186.43	1108.78	13555.2	40339.9	1.20893e-09	1.12018e-10	3.53852e-11	1.01232e-09	
272.176	6353.7	20325.4	57.0609	60	60000	75.1773	1182.06	1104.62	13495	40339.9	1.20893e-09	1.10199e-10	3.54332e-11	1.01627e-09	
273.817	6166.09	20400.8	56.117	60	60000	75.1038	1177.91	1100.68	13437.3	40339.9	1.20893e-09	1.08549e-10	3.54788e-11	1.02004e-09	
275.458	5992.09	20472.7	55.2606	60	60000	75.034	1173.98	1096.95	13382.2	40339.9	1.20893e-09	1.07054e-10	3.5522e-11	1.02363e-09	
277.099	5831.01	20541.1	54.4842	60	60000	74.9679	1170.27	1093.41	13329.6	40339.9	1.20894e-09	1.057e-10	3.55629e-11	1.02705e-09	
278.74	5682.12	20606	53.7811	60	60000	74.9055	1166.76	1090.07	13279.4	40339.9	1.20894e-09	1.04476e-10	3.56015e-11	1.0303e-09	
280.381	5544.71	20667.6	53.1447	60	60000	74.8464	1163.45	1086.92	13231.8	40339.9	1.20894e-09	1.0337e-10	3.5638e-11	1.03338e-09	
282.022	5418.06	20726	52.569	60	60000	74.7908	1160.33	1083.95	13186.5	40339.9	1.20894e-09	1.02373e-10	3.56723e-11	1.0363e-09	
283.663	5301.49	20781.2	52.0484	60	60000	74.7383	1157.39	1081.15	13143.6	40339.9	1.20894e-09	1.01473e-10	3.57047e-11	1.03906e-09	
285.556	5178.58	20841.1	51.5093	60	60000	74.6816	1154.22	1078.13	13096.8	40339.9	1.20894e-09	1.00543e-10	3.57396e-11	1.04206e-09	
287.45	5067.16	20897.2	51.0294	60	60000	74.6288	1151.27	1075.31	13053	40339.9	1.20894e-09	9.97186e-11	3.57721e-11	1.04486e-09	
289.344	4966.28	20949.5	50.6021	60	60000	74.5797	1148.53	1072.7	13012	40339.9	1.20894e-09	9.8987e-11	3.58023e-11	1.04747e-09	
291.238	4875.04	20998.3	50.2216	60	60000	74.534	1145.98	1070.27	12973.6	40339.9	1.20894e-09	9.83381e-11	3.58304e-11	1.04991e-09	
293.132	4792.59	21043.7	49.8827	60	60000	74.4916	1143.62	1068.01	12937.8	40339.9	1.20894e-09	9.77623e-11	3.58565e-11	1.05219e-09	
295.025	4718.14	21086	49.5807	60	60000	74.4523	1141.43	1065.92	12904.5	40339.9	1.20895e-09	9.72514e-11	3.58806e-11	1.0543e-09	
298.343	4604.81	21152.9	49.1283	60	60000	74.3903	1137.98	1062.63	12851.5	40339.9	1.20895e-09	9.64906e-11	3.59187e-11	1.05765e-09	
301.66	4510.26	21211.6	48.7576	60	60000	74.3361	1134.97	1059.76	12804.8	40339.9	1.20895e-09	9.58721e-11	3.59519e-11	1.06058e-09	
304.384	4444.51	21254.3	48.5034	60	60000	74.2969	1132.79	1057.67	12770.8	40339.9	1.20895e-09	9.54513e-11	3.59759e-11	1.06271e-09	
307.108	4387.91	21292.4	48.2869	60	60000	74.2619	1130.85	1055.82	12740.4	40339.9	1.20895e-09	9.50954e-11	3.59973e-11	1.06462e-09	
309.831	4339.2	21326.5	48.1024	60	60000	74.2308	1129.13	1054.17	12713.1	40339.9	1.20895e-09	9.47941e-11	3.60164e-11	1.06633e-09	
312.555	4297.28	21356.9	47.9448	60	60000	74.203	1127.59	1052.7	12688.7	40339.9	1.20895e-09	9.45387e-11	3.60334e-11	1.06785e-09	
315.279	4261.18	21384	47.8099	60	60000	74.1784	1126.22	1051.39	12667	40339.9	1.20895e-09	9.43217e-11	3.60485e-11	1.0692e-09	
318.003	4230.1	21408.1	47.6945	60	60000	74.1564	1125.01	1050.23	12647.6	40339.9	1.20895e-09	9.41374e-11	3.60619e-11	1.07041e-09	
320.709	4203.49	21429.4	47.5962	60	60000	74.1371	1123.94	1049.21	12630.4	40339.9	1.20895e-09	9.39815e-11	3.60737e-11	1.07147e-09	
323.415	4180.53	21448.4	47.5117	60	60000	74.1199	1122.99	1048.3	12615.1	40339.9	1.20895e-09	9.38484e-11	3.60842e-11	1.07242e-09	
325.581	4164.44	21462	47.4525	60	60000	74.1076	1122.3	1047.64	12604.1	40339.9	1.20895e-09	9.37558e-11	3.60918e-11	1.0731e-09	
327.746	4150.13	21474.4	47.4001	60	60000	74.0964	1121.68	1047.05	12594	40339.9	1.20895e-09	9.36743e-11	3.60986e-11	1.07372e-09	
329.535	4139.51	21483.8	47.3613	60	60000	74.0879	1121.21	1046.6	12586.4	40339.9	1.20895e-09	9.36143e-11	3.61038e-11	1.07419e-09	
331.324	4129.86	21492.4	47.3261	60	60000	74.08	1120.78	1046.19	12579.4	40339.9	1.20895e-09	9.356e-11	3.61086e-11	1.07462e-09	
333.112	4121.09	21500.5	47.2941	60	60000	74.0728	1120.38	1045.8	12572.9	40339.9	1.20895e-09	9.3511e-11	3.6113e-11	1.07502e-09	
334.901	4113.13	21507.9	47.2651	60	60000	74.0661	1120.01	1045.45	12566.9	40339.9	1.20895e-09	9.34666e-11	3.61171e-11	1.07539e-09	
336.69	4105.89	21514.7	47.2387	60	60000	74.06	1119.67	1045.12	12561.4	40339.9	1.20895e-09	9.34266e-11	3.61209e-11	1.07573e-09	
338.738	4098.39	21521.9	47.2115	60	60000	74.0535	1119.31	1044.78	12555.5	40339.9	1.20895e-09	9.33853e-11	3.61248e-11	1.07609e-09	
340.786	4091.67	21528.4	47.187	60	60000	74.0476	1118.99	1044.47	12550.2	40339.9	1.20895e-09	9.33485e-11	3.61284e-11	1.07642e-09	
342.834	4085.64	21534.4	47.1651	60	60000	74.0422	1118.69	1044.19	12545.3	40339.9	1.20895e-09	9.33156e-11	3.61317e-11	1.07672e-09	
344.882	4080.22	21539.8	47.1454	60	60000	74.0373	1118.42	1043.93	12540.9	40339.9	1.20895e-09	9.32863e-11	3.61347e-11	1.07699e-09	
346.93	4075.35	21544.8	47.1277	60	60000	74.0328	1118.17	1043.69	12536.9	40339.9	1.20895e-09	9.326e-11	3.61374e-11	1.07724e-09	
348.978	4070.97	21549.3	47.1118	60	60000	74.0288	1117.95	1043.47	12533.2	40339.9	1.20895e-09	9.32365e-11	3.61399e-11	1.07747e-09	
352.866	4063.84	21556.8	47.0859	60	60000	74.022	1117.58	1043.12	12527	40339.9	1.20895e-09	9.31984e-11	3.61441e-11	1.07784e-09	
356.754	4058	21563.1	47.0647	60	60000	74.0163	1117.26	1042.82	12521.9	40339.9	1.20895e-09	9.31675e-11	3.61475e-11	1.07816e-09	
360.642	4053.21	21568.4	47.0474	60	60000	74.0116	1117	1042.57	12517.6	40339.9	1.20895e-09	9.31423e-11	3.61504e-11	1.07842e-09	
364.53	4049.28	21572.8	47.0331	60	60000	74.0076	1116.78	1042.36	12514	40339.9	1.20895e-09	9.31218e-11	3.61528e-11	1.07864e-09	
368.418	4046.05	21576.5	47.0214	60	60000	74.0043	1116.6	1042.18	12510.9	40339.9	1.20895e-09	9.3105e-11	3.61548e-11	1.07882e-09	
372.306	4043.39	21579.6	47.0117	60	60000	74.0015	1116.45	1042.04	12508.4	40339.9	1.20895e-09	9.30912e-11	3.61565e-11	1.07898e-09	
377.603	4040.51	21583	47.0012	60	60000	73.9985	1116.28	1041.88	12505.6	40339.9	1.20895e-09	9.30764e-11	3.61584e-11	1.07915e-09	
382.9	4038.29	21585.6	46.9932	60	60000	73.9961	1116.15	1041.75	12503.4	40339.9	1.20895e-09	9.30651e-11	3.61598e-11	1.07928e-09	
388.197	4036.58	21587.7	46.9869	60	60000	73.9942	1116.04	1041.65	12501.7	40339.9	1.20895e-09	9.30564e-11	3.6161e-11	1.07938e-09	
393.493	4035.26	21589.3	46.9821	60	60000	73.9928	1115.96	1041.57	12500.4	40339.9	1.20895e-09	9.30497e-11	3.61619e-11	1.07947e-09	
398.79	4034.24	21590.6	46.9784	60	60000	73.9916	1115.9	1041.51	12499.3	40339.9	1.20895e-09	9.30446e-11	3.61626e-11	1.07953e-09	
404.087	4033.45	21591.6	46.9755	60	60000	73.9907	1115.85	1041.46	12498.5	40339.9	1.20895e-09	9.30406e-11	3.61631e-11	1.07958e-09	
410.915	4032.69	21592.6	46.9728	60	60000	73.9899	1115.8	1041.42	12497.7	40339.9	1.20895e-09	9.30368e-11	3.61636e-11	1.07963e-09	
417.744	4032.15	21593.3	46.9708	60	60000	73.9892	1115.77	1041.39	12497.1	40339.9	1.20895e-09	9.30341e-11	3.6164e-11	1.07966e-09	
424.573	4031.75	21593.8	46.9693	60	60000	73.9888	1115.74	1041.36	12496.7	40339.9	1.20895e-09	9.30321e-11	3.61643e-11	1.07969e-09	
431.401	4031.47	21594.2	46.9683	60	60000	73.9884	1115.72	1041.34	12496.4	40339.9	1.20895e-09	9.30307e-11	3.61645e-11	1.07971e-09	
438.23	4031.26	21594.4	46.9675	60	60000	73.9882	1115.71	1041.33	12496.2	40339.9	1.20895e-09	9.30297e-11	3.61647e-11	1.07972e-09	
445.058	4031.11	21594.6	46.967	60	60000	73.988	1115.7	1041.32	12496	40339.9	1.20895e-09	9.30289e-11	3.61648e-11	1.07973e-09	
451.887	4031	21594.8	46.9666	60	60000	73.9879	1115.69	1041.31	12495.9	40339.9	1.20895e-09	9.30284e-11	3.61648e-11	1.07974e-09	
458.715	4030.92	21594.9	46.9663	60	60000	73.9878	1115.69	1041.31	12495.8	40339.9	1.20895e-09	9.3028e-11	3.61649e-11	1.07974e-09	
465.544	4030.86	21594.9	46.9661	60	60000	73.9877	1115.68	1041.31	12495.7	40339.9	1.20895e-09	9.30278e-11	3.61649e-11	1.07975e-09	
474.136	4030.82	21595	46.9659	60	60000	73.9877	1115.68	1041.3	12495.7	40339.9	1.20895e-09	9.30275e-11	3.6165e-11	1.07975e-09	
482.728	4030.78	21595.1	46.9658	60	60000	73.9876	1115.68	1041.3	12495.6	40339.9	1.20895e-09	9.30273e-11	3.6165e-11	1.07975e-09	
491.321	4030.76	21595.1	46.9657	60	60000	73.9876	1115.68	1041.3	12495.6	40339.9	1.20895e-09	9.30272e-11	3.6165e-11	1.07975e-09	
499.913	4030.74	21595.1	46.9656	60	60000	73.9876	1115.68	1041.3	12495.6	40339.9	1.20895e-09	9.30272e-11	3.6165e-11	1.07976e-09	
500	4030.74	21595.1	46.9656	60	60000	73.9876	1115.68	1041.3	12495.6	40339.9	1.20895e-09	9.30272e-11	3.6165e-11	1.07976e-09	
