# Time	[Z]	[mu2]	[mZ]	(R3).Flux	(R4).Flux	(R6).Flux	
0	709824	1329.83	960.41	1.52353e-10	5.04419e-11	6.64913e-11	
1e-09	709824	1329.83	960.41	1.52353e-10	5.04419e-11	6.64913e-11	
2e-09	709824	1329.83	960.41	1.52353e-10	5.04419e-11	6.64913e-11	
1.0002e-05	709824	1329.83	960.409	1.52353e-10	5.04419e-11	6.64913e-11	
2.0002e-05	709824	1329.83	960.408	1.52353e-10	5.04419e-11	6.64913e-11	
3.0002e-05	709824	1329.83	960.407	1.52353e-10	5.04419e-11	6.64913e-11	
0.000130002	709824	1329.83	960.396	1.52353e-10	5.04416e-11	6.64915e-11	
0.000230002	709824	1329.83	960.385	1.52353e-10	5.04413e-11	6.64917e-11	
0.000330002	709824	1329.84	960.374	1.52353e-10	5.0441e-11	6.64919e-11	
0.000430002	709824	1329.84	960.363	1.52353e-10	5.04407e-11	6.6492e-11	
0.00143	709824	1329.88	960.253	1.52353e-10	5.04377e-11	6.64938e-11	
0.00243	709824	1329.91	960.142	1.52353e-10	5.04347e-11	6.64956e-11	
0.00343	709824	1329.95	960.032	1.52353e-10	5.04317e-11	6.64973e-11	
0.00443	709824	1329.98	959.922	1.52353e-10	5.04287e-11	6.64991e-11	
0.01443	709823	1330.34	958.825	1.52353e-10	5.0399e-11	6.65168e-11	
0.02443	709822	1330.69	957.733	1.52354e-10	5.03695e-11	6.65346e-11	
0.03443	709819	1331.05	956.648	1.52354e-10	5.03403e-11	6.65523e-11	
0.04443	709816	1331.4	955.568	1.52354e-10	5.03114e-11	6.657e-11	
0.05443	709811	1331.76	954.494	1.52355e-10	5.02827e-11	6.65878e-11	
0.15443	709724	1335.31	944.07	1.52366e-10	5.00101e-11	6.67654e-11	
0.25443	709557	1338.87	934.195	1.52388e-10	4.97622e-11	6.69436e-11	
0.35443	709316	1342.44	924.839	1.52419e-10	4.95376e-11	6.71222e-11	
0.45443	709006	1346.02	915.975	1.52459e-10	4.93352e-11	6.73012e-11	
0.55443	708630	1349.61	907.575	1.52508e-10	4.91538e-11	6.74805e-11	
0.65443	708193	1353.2	899.614	1.52565e-10	4.89923e-11	6.76599e-11	
1.0889	705672	1368.82	869.568	1.52895e-10	4.84985e-11	6.84409e-11	
1.52338	702333	1384.42	845.704	1.5334e-10	4.82897e-11	6.92209e-11	
1.95785	698385	1399.93	826.69	1.53877e-10	4.8307e-11	6.99967e-11	
2.39233	693993	1415.32	811.48	1.54488e-10	4.85032e-11	7.07658e-11	
2.8268	689285	1430.53	799.253	1.55159e-10	4.88402e-11	7.15263e-11	
3.26128	684359	1445.54	789.367	1.5588e-10	4.92878e-11	7.2277e-11	
3.69575	679292	1460.34	781.317	1.56643e-10	4.98213e-11	7.3017e-11	
4.12983	674148	1474.9	774.714	1.5744e-10	5.04207e-11	7.37449e-11	
4.5639	668967	1489.23	769.24	1.58266e-10	5.10708e-11	7.44613e-11	
4.99798	663783	1503.32	764.655	1.59118e-10	5.17591e-11	7.51658e-11	
5.43205	658623	1517.17	760.769	1.5999e-10	5.24759e-11	7.58587e-11	
5.86613	653506	1530.8	757.433	1.60882e-10	5.32131e-11	7.654e-11	
6.3002	648449	1544.2	754.532	1.61789e-10	5.39647e-11	7.721e-11	
6.73428	643461	1557.38	751.975	1.62711e-10	5.47259e-11	7.7869e-11	
7.30051	637071	1574.26	749.041	1.63932e-10	5.57269e-11	7.87128e-11	
7.86675	630825	1590.79	746.453	1.6517e-10	5.67315e-11	7.95393e-11	
8.43298	624729	1606.99	744.124	1.66424e-10	5.77353e-11	8.03494e-11	
8.99922	618787	1622.88	741.991	1.67691e-10	5.87352e-11	8.11442e-11	
9.56545	612999	1638.49	740.007	1.6897e-10	5.97292e-11	8.19245e-11	
10.1317	607365	1653.83	738.138	1.70259e-10	6.07161e-11	8.26913e-11	
10.7747	601151	1670.93	736.125	1.71734e-10	6.1827e-11	8.35465e-11	
11.4176	595127	1687.73	734.203	1.73218e-10	6.29271e-11	8.43866e-11	
12.0606	589289	1704.25	732.352	1.74711e-10	6.40165e-11	8.52125e-11	
12.7036	583631	1720.51	730.558	1.76211e-10	6.50951e-11	8.60253e-11	
13.3466	578146	1736.52	728.813	1.77717e-10	6.61635e-11	8.68261e-11	
14.1055	571885	1755.14	726.804	1.79503e-10	6.74119e-11	8.77568e-11	
14.8645	565846	1773.47	724.843	1.81294e-10	6.86474e-11	8.86733e-11	
15.6234	560017	1791.53	722.922	1.8309e-10	6.98711e-11	8.95766e-11	
16.3824	554390	1809.36	721.037	1.84891e-10	7.10836e-11	9.0468e-11	
17.2577	548136	1829.65	718.902	1.86972e-10	7.24696e-11	9.14824e-11	
18.1331	542120	1849.67	716.805	1.89057e-10	7.38432e-11	9.24835e-11	
19.0084	536330	1869.45	714.741	1.91144e-10	7.52056e-11	9.34725e-11	
19.8838	530751	1889.01	712.707	1.93234e-10	7.65577e-11	9.44504e-11	
21.0311	523739	1914.34	710.083	1.95976e-10	7.83161e-11	9.57171e-11	
22.1784	517041	1939.37	707.502	1.9872e-10	8.00605e-11	9.69685e-11	
23.3257	510635	1964.12	704.96	2.01466e-10	8.17925e-11	9.82062e-11	
24.473	504496	1988.64	702.452	2.04216e-10	8.35138e-11	9.94319e-11	
26.5056	494213	2031.56	698.084	2.09095e-10	8.6541e-11	1.01578e-10	
28.5383	484603	2073.95	693.8	2.13989e-10	8.95456e-11	1.03698e-10	
30.5709	475575	2115.94	689.588	2.18905e-10	9.25342e-11	1.05797e-10	
32.6036	467051	2157.63	685.435	2.23853e-10	9.55129e-11	1.07882e-10	
34.6362	458964	2199.15	681.33	2.28842e-10	9.84877e-11	1.09957e-10	
35.4441	455858	2215.62	679.71	2.30839e-10	9.96704e-11	1.10781e-10	
36.252	452809	2232.09	678.095	2.32845e-10	1.00854e-10	1.11605e-10	
37.0599	449813	2248.56	676.485	2.34861e-10	1.02039e-10	1.12428e-10	
37.8678	446868	2265.05	674.879	2.36888e-10	1.03225e-10	1.13252e-10	
38.7131	443837	2282.31	673.203	2.3902e-10	1.04468e-10	1.14115e-10	
39.5584	440855	2299.6	671.53	2.41167e-10	1.05715e-10	1.1498e-10	
40.4037	437919	2316.92	669.86	2.43328e-10	1.06964e-10	1.15846e-10	
41.249	435027	2334.29	668.191	2.45505e-10	1.08217e-10	1.16714e-10	
43.0185	429101	2370.82	664.702	2.50117e-10	1.10855e-10	1.18541e-10	
44.7879	423331	2407.65	661.211	2.54814e-10	1.13515e-10	1.20382e-10	
46.5574	417696	2444.87	657.712	2.59607e-10	1.16205e-10	1.22243e-10	
48.3268	412179	2482.56	654.199	2.64507e-10	1.18929e-10	1.24128e-10	
50.6691	405025	2533.33	649.514	2.71182e-10	1.22596e-10	1.26667e-10	
51.2547	403260	2546.2	648.335	2.72888e-10	1.23526e-10	1.2731e-10	
51.8403	401502	2559.16	647.152	2.74609e-10	1.24461e-10	1.27958e-10	
52.4258	399752	2572.19	645.966	2.76347e-10	1.25401e-10	1.2861e-10	
53.0114	398009	2585.32	644.775	2.78102e-10	1.26348e-10	1.29266e-10	
53.7105	395937	2601.1	643.348	2.8022e-10	1.27486e-10	1.30055e-10	
54.4095	393873	2617.03	641.913	2.82364e-10	1.28633e-10	1.30851e-10	
55.1086	391817	2633.1	640.472	2.84535e-10	1.29791e-10	1.31655e-10	
57.2012	385698	2682.12	636.108	2.91209e-10	1.33317e-10	1.34106e-10	
59.2937	379619	2732.71	631.66	2.98168e-10	1.36947e-10	1.36636e-10	
61.3863	373558	2785.1	627.114	3.05451e-10	1.40695e-10	1.39255e-10	
63.4789	367495	2839.52	622.456	3.13095e-10	1.44577e-10	1.41976e-10	
64.9907	363104	2880.28	619.011	3.18869e-10	1.47473e-10	1.44014e-10	
66.5025	358694	2922.36	615.492	3.24875e-10	1.50454e-10	1.46118e-10	
68.0144	354259	2965.9	611.892	3.31133e-10	1.53528e-10	1.48295e-10	
69.5262	349792	3011.03	608.203	3.37666e-10	1.56701e-10	1.50552e-10	
70.237	347678	3032.85	606.436	3.4084e-10	1.5823e-10	1.51642e-10	
70.9479	345555	3055.07	604.647	3.44082e-10	1.59784e-10	1.52753e-10	
71.6587	343422	3077.71	602.835	3.47397e-10	1.61363e-10	1.53885e-10	
73.0594	339185	3123.61	599.195	3.54149e-10	1.64554e-10	1.5618e-10	
74.46	334899	3171.36	595.455	3.61215e-10	1.67857e-10	1.58568e-10	
75.8607	330559	3221.12	591.611	3.68623e-10	1.71281e-10	1.61056e-10	
77.2614	326157	3273.07	587.652	3.76401e-10	1.74832e-10	1.63654e-10	
78.6334	321782	3326.26	583.656	3.84408e-10	1.78445e-10	1.66313e-10	
80.0054	317336	3381.94	579.536	3.92832e-10	1.822e-10	1.69097e-10	
81.3774	312814	3440.31	575.284	4.01707e-10	1.86107e-10	1.72016e-10	
82.7494	308211	3501.62	570.891	4.11072e-10	1.90176e-10	1.75081e-10	
83.4099	305965	3532.25	568.724	4.15766e-10	1.92195e-10	1.76613e-10	
84.0703	303697	3563.66	566.522	4.20588e-10	1.94256e-10	1.78183e-10	
84.7308	301408	3595.86	564.283	4.25542e-10	1.9636e-10	1.79793e-10	
85.3912	299096	3628.91	562.006	4.30633e-10	1.98507e-10	1.81445e-10	
85.9121	297257	3655.58	560.184	4.34749e-10	2.00233e-10	1.82779e-10	
86.433	295404	3682.82	558.337	4.38957e-10	2.01987e-10	1.84141e-10	
86.9539	293535	3710.63	556.466	4.43259e-10	2.03771e-10	1.85531e-10	
88.2358	288871	3781.65	551.751	4.54265e-10	2.08289e-10	1.89082e-10	
89.5178	284111	3856.59	546.876	4.65901e-10	2.13001e-10	1.9283e-10	
90.7997	279249	3935.78	541.834	4.78214e-10	2.17914e-10	1.96789e-10	
92.0817	274284	4019.55	536.62	4.91249e-10	2.23039e-10	2.00978e-10	
92.6819	271922	4060.45	534.117	4.97613e-10	2.25514e-10	2.03023e-10	
93.2821	269535	4102.48	531.575	5.04152e-10	2.28038e-10	2.05124e-10	
93.8822	267125	4145.68	528.993	5.10869e-10	2.30612e-10	2.07284e-10	
94.4824	264690	4190.09	526.37	5.17769e-10	2.33237e-10	2.09505e-10	
95.1065	262131	4237.6	523.6	5.25145e-10	2.36021e-10	2.1188e-10	
95.7306	259545	4286.52	520.785	5.32729e-10	2.38862e-10	2.14326e-10	
96.3548	256932	4336.91	517.925	5.40528e-10	2.41761e-10	2.16845e-10	
96.9789	254291	4388.8	515.02	5.48546e-10	2.44717e-10	2.1944e-10	
97.603	251622	4442.26	512.07	5.56788e-10	2.47732e-10	2.22113e-10	
98.2271	248926	4497.34	509.076	5.65258e-10	2.50805e-10	2.24867e-10	
98.8512	246203	4554.1	506.037	5.73961e-10	2.53937e-10	2.27705e-10	
99.3366	244065	4599.44	503.643	5.80892e-10	2.56414e-10	2.29972e-10	
99.822	241911	4645.86	501.222	5.87967e-10	2.58926e-10	2.32293e-10	
100.307	239741	4693.37	498.776	5.95187e-10	2.61474e-10	2.34669e-10	
100.793	237554	4742.02	496.303	6.02554e-10	2.64056e-10	2.37101e-10	
101.356	234998	4799.9	493.403	6.11285e-10	2.67096e-10	2.39995e-10	
101.919	232419	4859.37	490.469	6.20213e-10	2.70183e-10	2.42969e-10	
102.482	229820	4920.49	487.503	6.29341e-10	2.73315e-10	2.46024e-10	
103.045	227200	4983.28	484.505	6.38666e-10	2.76491e-10	2.49164e-10	
103.74	223941	5063.11	480.765	6.50442e-10	2.8047e-10	2.53156e-10	
104.435	220652	5145.62	476.981	6.62512e-10	2.84512e-10	2.57281e-10	
105.13	217335	5230.88	473.157	6.74871e-10	2.88616e-10	2.61544e-10	
105.824	213992	5318.94	469.295	6.87509e-10	2.92776e-10	2.65947e-10	
106.755	209474	5441.41	464.068	7.04861e-10	2.98433e-10	2.7207e-10	
107.686	204918	5569.12	458.79	7.22663e-10	3.04174e-10	2.78456e-10	
108.617	200327	5702.14	453.471	7.40873e-10	3.09986e-10	2.85107e-10	
109.548	195707	5840.54	448.124	7.59441e-10	3.15856e-10	2.92027e-10	
110.957	188674	6060.3	440.002	7.88102e-10	3.24817e-10	3.03015e-10	
111.31	186911	6117.16	437.971	7.95347e-10	3.27064e-10	3.05858e-10	
111.662	185147	6174.77	435.941	8.02616e-10	3.29313e-10	3.08738e-10	
112.015	183382	6233.13	433.913	8.09904e-10	3.31562e-10	3.11656e-10	
112.367	181617	6292.23	431.889	8.17207e-10	3.3381e-10	3.14612e-10	
112.719	179852	6352.07	429.867	8.24521e-10	3.36056e-10	3.17604e-10	
113.25	177197	6443.52	426.834	8.35541e-10	3.3943e-10	3.22176e-10	
113.78	174545	6536.58	423.813	8.46557e-10	3.42793e-10	3.26829e-10	
114.311	171897	6631.21	420.807	8.57554e-10	3.46141e-10	3.3156e-10	
114.841	169256	6727.36	417.819	8.68514e-10	3.49471e-10	3.36368e-10	
115.371	166623	6824.98	414.852	8.79419e-10	3.52777e-10	3.41249e-10	
115.902	163999	6924.01	411.907	8.90254e-10	3.56058e-10	3.46201e-10	
116.432	161387	7024.39	408.988	9.01e-10	3.59307e-10	3.5122e-10	
116.992	158642	7131.8	405.934	9.12235e-10	3.62703e-10	3.5659e-10	
117.553	155913	7240.54	402.914	9.23333e-10	3.66055e-10	3.62027e-10	
118.113	153203	7350.53	399.929	9.34275e-10	3.69361e-10	3.67527e-10	
118.673	150513	7461.67	396.981	9.45042e-10	3.72616e-10	3.73084e-10	
119.055	148695	7537.93	394.997	9.52263e-10	3.74801e-10	3.76896e-10	
119.436	146887	7614.64	393.032	9.5939e-10	3.76959e-10	3.80732e-10	
119.817	145091	7691.76	391.086	9.66418e-10	3.79089e-10	3.84588e-10	
120.761	140697	7884.25	386.355	9.83363e-10	3.84236e-10	3.94212e-10	
121.705	136383	8078.5	381.75	9.99611e-10	3.89189e-10	4.03925e-10	
122.65	132158	8273.96	377.276	1.01511e-09	3.93934e-10	4.13698e-10	
123.594	128028	8470.07	372.935	1.02982e-09	3.98458e-10	4.23503e-10	
124.069	125985	8568.92	370.798	1.03693e-09	4.00651e-10	4.28446e-10	
124.545	123969	8667.72	368.695	1.04382e-09	4.02784e-10	4.33386e-10	
125.02	121979	8766.4	366.625	1.05051e-09	4.04855e-10	4.3832e-10	
125.496	120017	8864.9	364.588	1.05698e-09	4.06866e-10	4.43245e-10	
125.948	118178	8958.3	362.682	1.06294e-09	4.08719e-10	4.47915e-10	
126.4	116364	9051.41	360.804	1.0687e-09	4.10515e-10	4.52571e-10	
126.852	114576	9144.19	358.956	1.07428e-09	4.12253e-10	4.5721e-10	
127.304	112814	9236.58	357.135	1.07967e-09	4.13934e-10	4.61829e-10	
128.369	108771	9452.35	352.955	1.09164e-09	4.1766e-10	4.72617e-10	
129.433	104877	9665.11	348.917	1.1026e-09	4.21061e-10	4.83256e-10	
130.498	101133	9874.36	345.012	1.11262e-09	4.24135e-10	4.93718e-10	
131.562	97539.6	10079.7	341.231	1.12173e-09	4.26885e-10	5.03983e-10	
132.37	94913.6	10232.5	338.437	1.12808e-09	4.28757e-10	5.11626e-10	
133.178	92373	10382.8	335.704	1.13397e-09	4.30446e-10	5.19138e-10	
133.985	89916.7	10530.3	333.026	1.13942e-09	4.31956e-10	5.26515e-10	
134.793	87543.4	10675	330.399	1.14446e-09	4.33288e-10	5.3375e-10	
135.162	86486.3	10740.2	329.214	1.14664e-09	4.33839e-10	5.37008e-10	
135.531	85446.1	10804.7	328.039	1.14874e-09	4.34354e-10	5.40236e-10	
135.9	84422.6	10868.7	326.872	1.15076e-09	4.34834e-10	5.43434e-10	
136.391	83086.1	10952.8	325.333	1.15334e-09	4.35417e-10	5.47642e-10	
136.882	81778.4	11035.9	323.808	1.1558e-09	4.3594e-10	5.51795e-10	
137.373	80499.2	11117.9	322.296	1.15814e-09	4.36401e-10	5.55894e-10	
138.133	78574.3	11242.6	319.981	1.16155e-09	4.37e-10	5.62132e-10	
138.893	76714.7	11364.8	317.693	1.1647e-09	4.37459e-10	5.68239e-10	
139.653	74918.5	11484.3	315.43	1.16762e-09	4.37783e-10	5.74217e-10	
140.413	73184.1	11601.4	313.188	1.17033e-09	4.37976e-10	5.80068e-10	
140.826	72267.4	11663.8	311.98	1.17171e-09	4.38028e-10	5.83192e-10	
141.238	71368.1	11725.6	310.777	1.17304e-09	4.38043e-10	5.86279e-10	
141.651	70485.8	11786.6	309.579	1.17431e-09	4.38022e-10	5.89329e-10	
142.952	67812.7	11974.2	305.835	1.178e-09	4.37725e-10	5.98711e-10	
143.277	67169.2	12020	304.905	1.17885e-09	4.37598e-10	6.01002e-10	
143.602	66535.3	12065.4	303.978	1.17967e-09	4.37451e-10	6.03272e-10	
143.928	65910.9	12110.4	303.053	1.18046e-09	4.37284e-10	6.05521e-10	
144.253	65295.8	12155	302.131	1.18123e-09	4.37097e-10	6.07749e-10	
144.689	64484.6	12214.2	300.896	1.18223e-09	4.36816e-10	6.10708e-10	
145.126	63689.6	12272.6	299.664	1.18318e-09	4.365e-10	6.1363e-10	
145.562	62910.3	12330.3	298.436	1.1841e-09	4.3615e-10	6.16516e-10	
146.706	60941.3	12478.3	295.232	1.18631e-09	4.35081e-10	6.23913e-10	
147.85	59072.1	12621.6	292.046	1.18829e-09	4.338e-10	6.31082e-10	
148.136	58619.8	12656.8	291.252	1.18875e-09	4.33448e-10	6.32839e-10	
148.422	58173.2	12691.7	290.459	1.1892e-09	4.33084e-10	6.34584e-10	
148.708	57732.4	12726.3	289.667	1.18964e-09	4.32708e-10	6.36315e-10	
148.994	57297.1	12760.7	288.876	1.19007e-09	4.32321e-10	6.38033e-10	
149.43	56643.7	12812.6	287.671	1.1907e-09	4.31707e-10	6.40629e-10	
149.866	56002.8	12863.9	286.467	1.1913e-09	4.31066e-10	6.43196e-10	
150.302	55374.1	12914.7	285.265	1.19188e-09	4.304e-10	6.45735e-10	
151.291	53993.5	13027.7	282.549	1.19311e-09	4.28799e-10	6.51385e-10	
152.279	52670.8	13138	279.84	1.19423e-09	4.27076e-10	6.56899e-10	
152.526	52348.7	13165.1	279.164	1.19449e-09	4.26628e-10	6.58257e-10	
152.774	52030.1	13192.2	278.489	1.19475e-09	4.26172e-10	6.59608e-10	
153.021	51714.8	13219	277.814	1.195e-09	4.25709e-10	6.6095e-10	
153.268	51402.8	13245.7	277.139	1.19525e-09	4.25239e-10	6.62285e-10	
153.683	50886	13290.2	276.007	1.19566e-09	4.24436e-10	6.6451e-10	
154.098	50378	13334.3	274.876	1.19605e-09	4.23613e-10	6.66714e-10	
154.513	49878.8	13378	273.746	1.19642e-09	4.22773e-10	6.68898e-10	
155.319	48932.6	13461.7	271.553	1.19711e-09	4.21089e-10	6.73086e-10	
156.126	48016.8	13544	269.364	1.19776e-09	4.19342e-10	6.77202e-10	
156.933	47130.1	13625	267.179	1.19836e-09	4.17534e-10	6.81251e-10	
157.739	46271.1	13704.7	264.997	1.19893e-09	4.15669e-10	6.85236e-10	
158.133	45861.3	13743.2	263.933	1.19919e-09	4.14738e-10	6.87159e-10	
158.527	45457.6	13781.4	262.87	1.19944e-09	4.13794e-10	6.89068e-10	
158.921	45059.9	13819.3	261.807	1.19969e-09	4.12837e-10	6.90964e-10	
159.523	44463.8	13876.6	260.186	1.20005e-09	4.11353e-10	6.93832e-10	
160.124	43881	13933.4	258.566	1.20039e-09	4.09841e-10	6.96671e-10	
160.726	43310.8	13989.6	256.948	1.20072e-09	4.08303e-10	6.9948e-10	
161.327	42752.9	14045.2	255.332	1.20103e-09	4.06738e-10	7.02262e-10	
161.709	42405.4	14080.2	254.308	1.20122e-09	4.05733e-10	7.04011e-10	
162.09	42062.6	14115	253.285	1.2014e-09	4.04719e-10	7.05749e-10	
162.471	41724.3	14149.6	252.262	1.20158e-09	4.03695e-10	7.07478e-10	
163.046	41222.3	14201.3	250.721	1.20184e-09	4.02131e-10	7.10067e-10	
163.621	40730.1	14252.7	249.18	1.20209e-09	4.00547e-10	7.12634e-10	
164.197	40247.3	14303.6	247.641	1.20233e-09	3.98943e-10	7.15181e-10	
164.772	39773.6	14354.2	246.103	1.20256e-09	3.97319e-10	7.17708e-10	
165.15	39466.8	14387.2	245.092	1.20271e-09	3.96239e-10	7.1936e-10	
165.528	39163.7	14420.1	244.081	1.20285e-09	3.95152e-10	7.21003e-10	
165.907	38864.2	14452.8	243.07	1.20299e-09	3.94056e-10	7.22639e-10	
166.473	38422.6	14501.5	241.559	1.20319e-09	3.92401e-10	7.25074e-10	
167.039	37988.7	14549.9	240.048	1.20338e-09	3.90729e-10	7.27493e-10	
167.605	37562.1	14597.9	238.538	1.20357e-09	3.8904e-10	7.29896e-10	
168.171	37142.8	14645.7	237.028	1.20374e-09	3.87333e-10	7.32285e-10	
168.545	36869.6	14677.1	236.031	1.20386e-09	3.86197e-10	7.33855e-10	
168.919	36599.3	14708.4	235.034	1.20397e-09	3.85053e-10	7.3542e-10	
169.293	36332	14739.6	234.037	1.20408e-09	3.83903e-10	7.36978e-10	
169.862	35930.6	14786.8	232.521	1.20424e-09	3.82139e-10	7.39339e-10	
170.431	35535.7	14833.7	231.005	1.20439e-09	3.80359e-10	7.41687e-10	
171	35146.8	14880.5	229.489	1.20454e-09	3.78564e-10	7.44024e-10	
171.477	34825.6	14919.5	228.22	1.20466e-09	3.77048e-10	7.45973e-10	
171.954	34508.4	14958.3	226.95	1.20477e-09	3.75521e-10	7.47915e-10	
172.43	34195.1	14997	225.68	1.20489e-09	3.73984e-10	7.4985e-10	
172.944	33861.9	15038.5	224.312	1.205e-09	3.72316e-10	7.51927e-10	
173.457	33532.9	15079.9	222.943	1.20512e-09	3.70636e-10	7.53997e-10	
173.971	33208.1	15121.2	221.574	1.20523e-09	3.68944e-10	7.56061e-10	
174.47	32896.2	15161.2	220.243	1.20533e-09	3.67287e-10	7.5806e-10	
174.969	32588	15201.1	218.911	1.20543e-09	3.6562e-10	7.60054e-10	
175.469	32283.3	15240.8	217.579	1.20553e-09	3.63941e-10	7.62042e-10	
175.998	31964.1	15282.9	216.165	1.20563e-09	3.62148e-10	7.64146e-10	
176.528	31648.6	15324.9	214.751	1.20573e-09	3.60343e-10	7.66244e-10	
177.057	31336.9	15366.7	213.336	1.20582e-09	3.58526e-10	7.68337e-10	
177.54	31056	15404.8	212.046	1.2059e-09	3.5686e-10	7.70239e-10	
178.022	30778.1	15442.8	210.756	1.20598e-09	3.55184e-10	7.72138e-10	
178.504	30503	15480.7	209.465	1.20606e-09	3.53498e-10	7.74033e-10	
178.996	30225.2	15519.3	208.147	1.20614e-09	3.51769e-10	7.75963e-10	
179.488	29950.3	15557.8	206.828	1.20622e-09	3.50029e-10	7.77889e-10	
179.98	29678	15596.3	205.509	1.20629e-09	3.48279e-10	7.79813e-10	
180.461	29414.1	15633.9	204.216	1.20636e-09	3.46557e-10	7.81694e-10	
180.942	29152.6	15671.4	202.923	1.20643e-09	3.44824e-10	7.83572e-10	
181.423	28893.6	15709	201.628	1.2065e-09	3.43082e-10	7.85449e-10	
181.903	28637.4	15746.4	200.336	1.20656e-09	3.41334e-10	7.8732e-10	
182.383	28383.4	15783.8	199.042	1.20662e-09	3.39577e-10	7.8919e-10	
182.863	28131.6	15821.2	197.747	1.20669e-09	3.37809e-10	7.91058e-10	
183.324	27892.1	15857	196.503	1.20674e-09	3.36105e-10	7.92849e-10	
183.784	27654.5	15892.8	195.258	1.2068e-09	3.34392e-10	7.9464e-10	
184.245	27418.8	15928.6	194.012	1.20685e-09	3.3267e-10	7.9643e-10	
184.698	27188.3	15963.9	192.784	1.20691e-09	3.30965e-10	7.98193e-10	
185.152	26959.6	15999.1	191.554	1.20696e-09	3.29251e-10	7.99956e-10	
185.605	26732.5	16034.4	190.323	1.20701e-09	3.27529e-10	8.0172e-10	
186.039	26517.1	16068.1	189.146	1.20705e-09	3.25877e-10	8.03404e-10	
186.472	26303.2	16101.8	187.967	1.2071e-09	3.24216e-10	8.05089e-10	
186.905	26090.7	16135.5	186.788	1.20714e-09	3.22548e-10	8.06774e-10	
187.327	25885.3	16168.3	185.639	1.20719e-09	3.20917e-10	8.08415e-10	
187.748	25681.1	16201.1	184.489	1.20723e-09	3.19279e-10	8.10056e-10	
188.17	25478.2	16234	183.337	1.20727e-09	3.17633e-10	8.11698e-10	
188.569	25286.9	16265.1	182.244	1.20731e-09	3.16066e-10	8.13256e-10	
188.969	25096.7	16296.3	181.15	1.20734e-09	3.14493e-10	8.14815e-10	
189.369	24907.6	16327.5	180.055	1.20738e-09	3.12913e-10	8.16375e-10	
189.752	24727.1	16357.5	179.003	1.20741e-09	3.11391e-10	8.17873e-10	
190.136	24547.5	16387.4	177.951	1.20745e-09	3.09863e-10	8.19372e-10	
190.519	24368.8	16417.4	176.897	1.20748e-09	3.08329e-10	8.20872e-10	
190.881	24201.3	16445.8	175.903	1.20751e-09	3.06879e-10	8.22288e-10	
191.242	24034.5	16474.1	174.908	1.20754e-09	3.05423e-10	8.23704e-10	
191.603	23868.5	16502.4	173.913	1.20757e-09	3.03962e-10	8.25122e-10	
191.945	23712.2	16529.3	172.97	1.2076e-09	3.02574e-10	8.26465e-10	
192.287	23556.5	16556.2	172.026	1.20762e-09	3.01183e-10	8.27809e-10	
192.629	23401.5	16583.1	171.082	1.20765e-09	2.99787e-10	8.29154e-10	
192.95	23256.9	16608.3	170.197	1.20767e-09	2.98475e-10	8.30415e-10	
193.27	23112.8	16633.5	169.311	1.2077e-09	2.9716e-10	8.31677e-10	
193.59	22969.4	16658.8	168.425	1.20772e-09	2.95841e-10	8.32941e-10	
193.89	22835.6	16682.5	167.595	1.20774e-09	2.94603e-10	8.34124e-10	
194.19	22702.3	16706.2	166.765	1.20776e-09	2.93362e-10	8.35309e-10	
194.489	22569.5	16729.9	165.934	1.20778e-09	2.92117e-10	8.36494e-10	
194.768	22446.4	16752	165.161	1.2078e-09	2.90957e-10	8.37599e-10	
195.047	22323.6	16774.1	164.387	1.20782e-09	2.89793e-10	8.38704e-10	
195.326	22201.2	16796.2	163.613	1.20784e-09	2.88627e-10	8.39811e-10	
195.585	22087.9	16816.8	162.894	1.20786e-09	2.87542e-10	8.40839e-10	
195.844	21975	16837.4	162.174	1.20787e-09	2.86455e-10	8.41868e-10	
196.103	21862.4	16858	161.455	1.20789e-09	2.85365e-10	8.42899e-10	
196.342	21758.5	16877.1	160.789	1.2079e-09	2.84355e-10	8.43853e-10	
196.582	21654.9	16896.2	160.122	1.20792e-09	2.83343e-10	8.44808e-10	
196.821	21551.5	16915.3	159.456	1.20793e-09	2.82329e-10	8.45764e-10	
197.049	21453.6	16933.4	158.823	1.20795e-09	2.81364e-10	8.46672e-10	
197.277	21355.9	16951.6	158.189	1.20796e-09	2.80397e-10	8.47582e-10	
197.504	21258.4	16969.9	157.555	1.20798e-09	2.79429e-10	8.48493e-10	
197.737	21158.8	16988.5	156.906	1.20799e-09	2.78435e-10	8.49427e-10	
197.971	21059.4	17007.2	156.256	1.208e-09	2.77439e-10	8.50362e-10	
198.204	20960.3	17026	155.606	1.20802e-09	2.76441e-10	8.51298e-10	
198.452	20855	17045.9	154.914	1.20803e-09	2.75377e-10	8.52295e-10	
198.701	20750	17065.9	154.222	1.20804e-09	2.74312e-10	8.53294e-10	
198.949	20645.2	17085.9	153.529	1.20806e-09	2.73245e-10	8.54293e-10	
199.215	20533.4	17107.3	152.788	1.20807e-09	2.721e-10	8.55364e-10	
199.481	20421.9	17128.7	152.047	1.20809e-09	2.70954e-10	8.56436e-10	
199.747	20310.7	17150.2	151.306	1.2081e-09	2.69806e-10	8.57509e-10	
200.031	20192	17173.2	150.512	1.20812e-09	2.68574e-10	8.5866e-10	
200.316	20073.6	17196.3	149.718	1.20813e-09	2.6734e-10	8.59813e-10	
200.601	19955.5	17219.3	148.924	1.20814e-09	2.66103e-10	8.60966e-10	
200.905	19829.7	17244	148.075	1.20816e-09	2.6478e-10	8.62202e-10	
201.21	19704.2	17268.8	147.226	1.20817e-09	2.63454e-10	8.63438e-10	
201.514	19579.1	17293.5	146.378	1.20819e-09	2.62126e-10	8.64677e-10	
201.839	19446.2	17320	145.473	1.20821e-09	2.60708e-10	8.65999e-10	
202.164	19313.7	17346.5	144.569	1.20822e-09	2.59287e-10	8.67323e-10	
202.489	19181.6	17373	143.665	1.20824e-09	2.57865e-10	8.68649e-10	
202.834	19041.7	17401.2	142.704	1.20825e-09	2.5635e-10	8.70061e-10	
203.179	18902.3	17429.5	141.744	1.20827e-09	2.54834e-10	8.71475e-10	
203.525	18763.3	17457.8	140.785	1.20828e-09	2.53315e-10	8.72891e-10	
203.891	18616.6	17487.9	139.769	1.2083e-09	2.51704e-10	8.74394e-10	
204.257	18470.4	17518	138.754	1.20831e-09	2.50091e-10	8.759e-10	
204.623	18324.8	17548.1	137.739	1.20833e-09	2.48476e-10	8.77407e-10	
205.009	18171.6	17580	136.67	1.20834e-09	2.4677e-10	8.79002e-10	
205.396	18019	17612	135.601	1.20836e-09	2.45062e-10	8.80598e-10	
205.782	17867.1	17644	134.534	1.20837e-09	2.43353e-10	8.82198e-10	
206.189	17707.9	17677.7	133.413	1.20839e-09	2.41554e-10	8.83883e-10	
206.595	17549.3	17711.4	132.294	1.2084e-09	2.39754e-10	8.85571e-10	
207.002	17391.5	17745.2	131.177	1.20842e-09	2.37954e-10	8.87262e-10	
207.428	17226.7	17780.7	130.009	1.20843e-09	2.36067e-10	8.89037e-10	
207.855	17062.8	17816.3	128.843	1.20845e-09	2.3418e-10	8.90814e-10	
208.281	16899.5	17851.9	127.68	1.20846e-09	2.32294e-10	8.92595e-10	
208.726	16729.9	17889.1	126.468	1.20848e-09	2.30325e-10	8.94457e-10	
209.172	16561.1	17926.4	125.261	1.20849e-09	2.28358e-10	8.96321e-10	
209.617	16393.1	17963.8	124.057	1.20851e-09	2.26394e-10	8.98188e-10	
210.08	16219.3	18002.7	122.808	1.20852e-09	2.24351e-10	9.00134e-10	
210.544	16046.3	18041.7	121.564	1.20853e-09	2.22312e-10	9.02083e-10	
211.007	15874.3	18080.7	120.325	1.20855e-09	2.20277e-10	9.04034e-10	
211.488	15696.8	18121.2	119.045	1.20856e-09	2.1817e-10	9.0606e-10	
211.969	15520.4	18161.8	117.771	1.20857e-09	2.16068e-10	9.08089e-10	
212.45	15345	18202.4	116.503	1.20859e-09	2.13972e-10	9.1012e-10	
212.947	15164.6	18244.5	115.198	1.2086e-09	2.1181e-10	9.12223e-10	
213.445	14985.4	18286.6	113.901	1.20861e-09	2.09657e-10	9.14328e-10	
213.943	14807.4	18328.7	112.611	1.20862e-09	2.07511e-10	9.16434e-10	
214.457	14624.8	18372.2	111.288	1.20864e-09	2.05306e-10	9.18611e-10	
214.971	14443.5	18415.8	109.975	1.20865e-09	2.03111e-10	9.20788e-10	
215.484	14263.5	18459.3	108.67	1.20866e-09	2.00928e-10	9.22966e-10	
216.015	14079.2	18504.3	107.336	1.20867e-09	1.98689e-10	9.25213e-10	
216.545	13896.4	18549.2	106.013	1.20868e-09	1.96465e-10	9.27459e-10	
217.075	13715	18594.1	104.701	1.20869e-09	1.94255e-10	9.29705e-10	
217.621	13529.5	18640.4	103.361	1.2087e-09	1.91994e-10	9.32021e-10	
218.168	13345.6	18686.7	102.034	1.20871e-09	1.8975e-10	9.34335e-10	
218.715	13163.4	18732.9	100.721	1.20872e-09	1.87525e-10	9.36647e-10	
219.279	12976.9	18780.7	99.3807	1.20873e-09	1.85249e-10	9.39033e-10	
219.844	12792.3	18828.3	98.0558	1.20874e-09	1.82995e-10	9.41415e-10	
220.409	12609.5	18875.9	96.7473	1.20875e-09	1.80765e-10	9.43793e-10	
220.994	12422	18925.1	95.4089	1.20876e-09	1.7848e-10	9.46254e-10	
221.579	12236.5	18974.2	94.0891	1.20877e-09	1.76222e-10	9.48709e-10	
222.164	12053.2	19023.2	92.7883	1.20878e-09	1.73992e-10	9.51159e-10	
222.775	11863.9	19074.2	91.451	1.20879e-09	1.71696e-10	9.5371e-10	
223.386	11677.1	19125.1	90.1354	1.20879e-09	1.69433e-10	9.56253e-10	
223.997	11492.5	19175.7	88.8423	1.2088e-09	1.67204e-10	9.58787e-10	
224.645	11299.5	19229.3	87.4954	1.20881e-09	1.64879e-10	9.61465e-10	
225.293	11109.2	19282.6	86.1747	1.20882e-09	1.62594e-10	9.64131e-10	
225.941	10921.6	19335.7	84.8806	1.20882e-09	1.60352e-10	9.66785e-10	
226.655	10718.4	19393.8	83.4867	1.20883e-09	1.57934e-10	9.69691e-10	
227.369	10518.7	19451.6	82.1261	1.20884e-09	1.55568e-10	9.7258e-10	
228.082	10322.6	19509	80.7992	1.20884e-09	1.53257e-10	9.7545e-10	
228.936	10092.7	19577.1	79.2573	1.20885e-09	1.50568e-10	9.78854e-10	
229.789	9868.11	19644.5	77.7645	1.20886e-09	1.47959e-10	9.82227e-10	
230.642	9648.76	19711.3	76.321	1.20886e-09	1.45432e-10	9.85567e-10	
231.496	9434.71	19777.4	74.9268	1.20887e-09	1.42987e-10	9.88871e-10	
231.954	9322.04	19812.6	74.1988	1.20887e-09	1.41709e-10	9.9063e-10	
232.412	9210.92	19847.5	73.4851	1.20888e-09	1.40455e-10	9.92377e-10	
232.87	9101.36	19882.2	72.7856	1.20888e-09	1.39225e-10	9.94112e-10	
233.135	9038.55	19902.3	72.3865	1.20888e-09	1.38523e-10	9.95113e-10	
233.401	8976.27	19922.2	71.9922	1.20888e-09	1.37829e-10	9.9611e-10	
233.666	8914.52	19942.1	71.6026	1.20888e-09	1.37143e-10	9.97103e-10	
233.926	8854.69	19961.4	71.2265	1.20889e-09	1.36481e-10	9.98069e-10	
234.185	8795.36	19980.6	70.8549	1.20889e-09	1.35826e-10	9.99031e-10	
234.444	8736.54	19999.8	70.4877	1.20889e-09	1.35179e-10	9.99989e-10	
234.795	8657.85	20025.5	69.9986	1.20889e-09	1.34317e-10	1.00128e-09	
235.145	8580.08	20051.2	69.5176	1.20889e-09	1.33468e-10	1.00256e-09	
235.496	8503.22	20076.6	69.0447	1.20889e-09	1.32634e-10	1.00383e-09	
235.88	8420	20104.4	68.5352	1.20889e-09	1.31734e-10	1.00522e-09	
236.265	8337.87	20131.9	68.0353	1.2089e-09	1.30851e-10	1.0066e-09	
236.649	8256.84	20159.3	67.5448	1.2089e-09	1.29985e-10	1.00796e-09	
237.066	8170.21	20188.7	67.0235	1.2089e-09	1.29063e-10	1.00944e-09	
237.482	8084.87	20218	66.5131	1.2089e-09	1.2816e-10	1.0109e-09	
237.899	8000.81	20247	66.0135	1.2089e-09	1.27277e-10	1.01235e-09	
238.342	7912.83	20277.5	65.494	1.20891e-09	1.26357e-10	1.01388e-09	
238.786	7826.3	20307.8	64.9864	1.20891e-09	1.25459e-10	1.01539e-09	
239.229	7741.2	20337.8	64.4906	1.20891e-09	1.24581e-10	1.01689e-09	
239.693	7653.5	20369	63.9832	1.20891e-09	1.23682e-10	1.01845e-09	
240.158	7567.36	20399.9	63.4884	1.20891e-09	1.22806e-10	1.02e-09	
240.623	7482.78	20430.5	63.006	1.20891e-09	1.21951e-10	1.02152e-09	
241.106	7396.54	20461.9	62.5178	1.20891e-09	1.21085e-10	1.02309e-09	
241.588	7311.95	20493	62.0426	1.20892e-09	1.20243e-10	1.02465e-09	
242.071	7229.01	20523.7	61.5801	1.20892e-09	1.19423e-10	1.02619e-09	
242.57	7145.07	20555.1	61.1155	1.20892e-09	1.18599e-10	1.02775e-09	
243.068	7062.84	20586.1	60.6641	1.20892e-09	1.17799e-10	1.0293e-09	
243.567	6982.32	20616.7	60.2254	1.20892e-09	1.17021e-10	1.03084e-09	
244.08	6901.26	20647.8	59.7873	1.20892e-09	1.16244e-10	1.03239e-09	
244.593	6821.96	20678.6	59.3621	1.20892e-09	1.1549e-10	1.03393e-09	
245.106	6744.41	20708.9	58.9496	1.20892e-09	1.14758e-10	1.03544e-09	
245.632	6666.63	20739.6	58.5393	1.20893e-09	1.14031e-10	1.03698e-09	
246.158	6590.65	20769.8	58.1416	1.20893e-09	1.13326e-10	1.03849e-09	
246.684	6516.43	20799.7	57.7564	1.20893e-09	1.12643e-10	1.03998e-09	
247.224	6442.21	20829.8	57.3743	1.20893e-09	1.11966e-10	1.04149e-09	
247.763	6369.8	20859.5	57.0046	1.20893e-09	1.11311e-10	1.04298e-09	
248.302	6299.16	20888.7	56.6469	1.20893e-09	1.10677e-10	1.04444e-09	
248.854	6228.67	20918.2	56.2928	1.20893e-09	1.1005e-10	1.04591e-09	
249.406	6159.98	20947.2	55.9506	1.20893e-09	1.09445e-10	1.04736e-09	
249.958	6093.06	20975.8	55.6201	1.20893e-09	1.0886e-10	1.04879e-09	
250.522	6026.41	21004.5	55.2935	1.20893e-09	1.08283e-10	1.05022e-09	
251.087	5961.56	21032.7	54.9783	1.20893e-09	1.07725e-10	1.05164e-09	
251.652	5898.46	21060.5	54.6741	1.20893e-09	1.07188e-10	1.05302e-09	
252.229	5835.67	21088.4	54.374	1.20894e-09	1.06658e-10	1.05442e-09	
252.807	5774.66	21115.8	54.0846	1.20894e-09	1.06148e-10	1.05579e-09	
253.385	5715.37	21142.7	53.8057	1.20894e-09	1.05656e-10	1.05713e-09	
253.962	5657.77	21169.1	53.5368	1.20894e-09	1.05182e-10	1.05845e-09	
254.54	5601.83	21195	53.2778	1.20894e-09	1.04726e-10	1.05975e-09	
255.118	5547.51	21220.4	53.0281	1.20894e-09	1.04287e-10	1.06102e-09	
255.695	5494.76	21245.4	52.7875	1.20894e-09	1.03864e-10	1.06227e-09	
256.273	5443.56	21269.9	52.5557	1.20894e-09	1.03457e-10	1.06349e-09	
256.851	5393.87	21293.9	52.3324	1.20894e-09	1.03065e-10	1.0647e-09	
257.428	5345.64	21317.5	52.1173	1.20894e-09	1.02688e-10	1.06587e-09	
258.006	5298.86	21340.6	51.91	1.20894e-09	1.02325e-10	1.06703e-09	
258.584	5253.47	21363.2	51.7103	1.20894e-09	1.01976e-10	1.06816e-09	
259.161	5209.45	21385.4	51.5179	1.20894e-09	1.0164e-10	1.06927e-09	
259.739	5166.75	21407.2	51.3326	1.20894e-09	1.01316e-10	1.07036e-09	
260.317	5125.35	21428.5	51.1541	1.20894e-09	1.01005e-10	1.07142e-09	
260.954	5081.14	21451.5	50.9647	1.20894e-09	1.00675e-10	1.07257e-09	
261.592	5038.42	21474	50.7829	1.20894e-09	1.00359e-10	1.0737e-09	
262.229	4997.14	21496	50.6085	1.20894e-09	1.00056e-10	1.0748e-09	
262.867	4957.27	21517.4	50.4411	1.20894e-09	9.97654e-11	1.07587e-09	
263.245	4934.26	21529.9	50.3451	1.20894e-09	9.95988e-11	1.0765e-09	
263.623	4911.72	21542.3	50.2513	1.20894e-09	9.94364e-11	1.07711e-09	
264.001	4889.64	21554.5	50.1598	1.20894e-09	9.92781e-11	1.07772e-09	
264.592	4856.05	21573.1	50.0212	1.20894e-09	9.90386e-11	1.07866e-09	
265.183	4823.54	21591.4	49.8878	1.20894e-09	9.88084e-11	1.07957e-09	
265.773	4792.07	21609.2	49.7594	1.20894e-09	9.8587e-11	1.08046e-09	
266.57	4751.23	21632.7	49.5938	1.20894e-09	9.8302e-11	1.08164e-09	
267.367	4712.16	21655.5	49.4364	1.20895e-09	9.80316e-11	1.08277e-09	
268.164	4674.79	21677.5	49.2868	1.20895e-09	9.77752e-11	1.08388e-09	
268.96	4639.04	21699	49.1447	1.20895e-09	9.75321e-11	1.08495e-09	
269.315	4623.65	21708.3	49.0838	1.20895e-09	9.74281e-11	1.08541e-09	
269.669	4608.57	21717.5	49.0242	1.20895e-09	9.73265e-11	1.08587e-09	
270.023	4593.78	21726.5	48.966	1.20895e-09	9.72272e-11	1.08633e-09	
270.526	4573.29	21739.2	48.8856	1.20895e-09	9.70902e-11	1.08696e-09	
271.029	4553.36	21751.6	48.8077	1.20895e-09	9.69577e-11	1.08758e-09	
271.532	4534	21763.7	48.7322	1.20895e-09	9.68295e-11	1.08819e-09	
272.859	4485.48	21794.6	48.5443	1.20895e-09	9.65112e-11	1.08973e-09	
274.185	4440.47	21824	48.3714	1.20895e-09	9.62194e-11	1.0912e-09	
274.517	4429.74	21831.1	48.3304	1.20895e-09	9.61503e-11	1.09155e-09	
274.849	4419.21	21838.1	48.2902	1.20895e-09	9.60827e-11	1.0919e-09	
275.181	4408.87	21845	48.2509	1.20895e-09	9.60166e-11	1.09225e-09	
275.512	4398.73	21851.8	48.2124	1.20895e-09	9.59519e-11	1.09259e-09	
275.909	4386.84	21859.8	48.1673	1.20895e-09	9.58762e-11	1.09299e-09	
276.307	4375.21	21867.7	48.1233	1.20895e-09	9.58025e-11	1.09339e-09	
276.704	4363.84	21875.5	48.0804	1.20895e-09	9.57307e-11	1.09378e-09	
277.952	4329.75	21899.2	47.9522	1.20895e-09	9.55167e-11	1.09496e-09	
279.2	4298	21921.7	47.8335	1.20895e-09	9.53194e-11	1.09608e-09	
279.512	4290.41	21927.1	47.8053	1.20895e-09	9.52725e-11	1.09636e-09	
279.825	4282.96	21932.5	47.7775	1.20895e-09	9.52265e-11	1.09662e-09	
280.137	4275.63	21937.8	47.7503	1.20895e-09	9.51815e-11	1.09689e-09	
280.449	4268.44	21943	47.7237	1.20895e-09	9.51373e-11	1.09715e-09	
280.848	4259.41	21949.6	47.6902	1.20895e-09	9.50821e-11	1.09748e-09	
281.248	4250.59	21956.1	47.6576	1.20895e-09	9.50282e-11	1.09781e-09	
281.648	4241.97	21962.5	47.6258	1.20895e-09	9.49758e-11	1.09812e-09	
283.282	4208.68	21987.5	47.5034	1.20895e-09	9.47747e-11	1.09938e-09	
284.916	4178.37	22010.9	47.3926	1.20895e-09	9.45934e-11	1.10054e-09	
285.325	4171.22	22016.5	47.3665	1.20895e-09	9.4551e-11	1.10082e-09	
285.733	4164.24	22022	47.3411	1.20895e-09	9.45097e-11	1.1011e-09	
286.142	4157.42	22027.4	47.3164	1.20895e-09	9.44694e-11	1.10137e-09	
286.55	4150.76	22032.7	47.2922	1.20895e-09	9.44301e-11	1.10163e-09	
286.949	4144.41	22037.8	47.2692	1.20895e-09	9.43928e-11	1.10189e-09	
287.347	4138.2	22042.8	47.2467	1.20895e-09	9.43564e-11	1.10214e-09	
287.745	4132.13	22047.7	47.2247	1.20895e-09	9.4321e-11	1.10239e-09	
289.107	4112.41	22063.9	47.1535	1.20895e-09	9.42062e-11	1.1032e-09	
290.469	4094.15	22079.2	47.0879	1.20895e-09	9.41008e-11	1.10396e-09	
291.831	4077.26	22093.6	47.0273	1.20895e-09	9.40039e-11	1.10468e-09	
292.171	4073.24	22097	47.0129	1.20895e-09	9.39809e-11	1.10485e-09	
292.512	4069.29	22100.5	46.9988	1.20895e-09	9.39585e-11	1.10502e-09	
292.852	4065.42	22103.8	46.9849	1.20895e-09	9.39365e-11	1.10519e-09	
293.192	4061.62	22107.1	46.9714	1.20895e-09	9.3915e-11	1.10536e-09	
293.587	4057.31	22110.9	46.956	1.20895e-09	9.38905e-11	1.10555e-09	
293.982	4053.09	22114.7	46.9409	1.20895e-09	9.38667e-11	1.10573e-09	
294.377	4048.97	22118.3	46.9262	1.20895e-09	9.38435e-11	1.10592e-09	
295.146	4041.2	22125.3	46.8985	1.20895e-09	9.37997e-11	1.10626e-09	
295.915	4033.75	22132	46.8721	1.20895e-09	9.3758e-11	1.1066e-09	
296.684	4026.63	22138.5	46.8467	1.20895e-09	9.37182e-11	1.10692e-09	
298.593	4010.23	22153.7	46.7886	1.20895e-09	9.36272e-11	1.10768e-09	
300.501	3995.49	22167.7	46.7364	1.20895e-09	9.35461e-11	1.10838e-09	
300.978	3992.05	22171	46.7242	1.20895e-09	9.35273e-11	1.10855e-09	
301.455	3988.69	22174.2	46.7124	1.20895e-09	9.3509e-11	1.10871e-09	
301.932	3985.43	22177.4	46.7009	1.20895e-09	9.34912e-11	1.10887e-09	
302.409	3982.25	22180.5	46.6897	1.20895e-09	9.34739e-11	1.10903e-09	
302.804	3979.68	22183	46.6806	1.20895e-09	9.346e-11	1.10915e-09	
303.2	3977.16	22185.5	46.6718	1.20895e-09	9.34463e-11	1.10928e-09	
303.595	3974.7	22188	46.6631	1.20895e-09	9.3433e-11	1.1094e-09	
304.567	3968.88	22193.8	46.6426	1.20895e-09	9.34016e-11	1.10969e-09	
305.539	3963.36	22199.4	46.6231	1.20895e-09	9.33719e-11	1.10997e-09	
306.512	3958.12	22204.7	46.6047	1.20895e-09	9.33439e-11	1.11023e-09	
308.69	3947.38	22215.8	46.567	1.20895e-09	9.32867e-11	1.11079e-09	
309.234	3944.89	22218.5	46.5583	1.20895e-09	9.32735e-11	1.11092e-09	
309.779	3942.48	22221	46.5498	1.20895e-09	9.32607e-11	1.11105e-09	
310.323	3940.13	22223.5	46.5415	1.20895e-09	9.32483e-11	1.11118e-09	
310.868	3937.85	22225.9	46.5335	1.20895e-09	9.32363e-11	1.1113e-09	
311.204	3936.48	22227.4	46.5287	1.20895e-09	9.32291e-11	1.11137e-09	
311.539	3935.14	22228.9	46.524	1.20895e-09	9.32221e-11	1.11144e-09	
311.875	3933.81	22230.3	46.5194	1.20895e-09	9.32151e-11	1.11151e-09	
312.299	3932.18	22232.1	46.5136	1.20895e-09	9.32065e-11	1.1116e-09	
312.724	3930.58	22233.8	46.508	1.20895e-09	9.31982e-11	1.11169e-09	
313.148	3929.02	22235.5	46.5025	1.20895e-09	9.319e-11	1.11178e-09	
315.278	3921.71	22243.6	46.4769	1.20895e-09	9.3152e-11	1.11218e-09	
317.408	3915.19	22251	46.4541	1.20895e-09	9.31183e-11	1.11255e-09	
317.941	3913.68	22252.7	46.4488	1.20895e-09	9.31105e-11	1.11263e-09	
318.473	3912.2	22254.4	46.4436	1.20895e-09	9.31029e-11	1.11272e-09	
319.006	3910.77	22256	46.4386	1.20895e-09	9.30956e-11	1.1128e-09	
319.538	3909.38	22257.6	46.4337	1.20895e-09	9.30885e-11	1.11288e-09	
319.933	3908.37	22258.8	46.4302	1.20895e-09	9.30833e-11	1.11294e-09	
320.328	3907.39	22259.9	46.4268	1.20895e-09	9.30783e-11	1.113e-09	
320.723	3906.43	22261.1	46.4234	1.20895e-09	9.30734e-11	1.11305e-09	
321.33	3904.98	22262.7	46.4183	1.20895e-09	9.3066e-11	1.11314e-09	
321.936	3903.59	22264.4	46.4134	1.20895e-09	9.30589e-11	1.11322e-09	
322.543	3902.24	22266	46.4087	1.20895e-09	9.3052e-11	1.1133e-09	
325.295	3896.63	22272.7	46.3891	1.20895e-09	9.30237e-11	1.11364e-09	
328.047	3891.78	22278.6	46.3722	1.20895e-09	9.29994e-11	1.11393e-09	
328.735	3890.67	22280	46.3683	1.20895e-09	9.29939e-11	1.114e-09	
329.423	3889.61	22281.3	46.3645	1.20895e-09	9.29885e-11	1.11407e-09	
330.111	3888.58	22282.6	46.3609	1.20895e-09	9.29833e-11	1.11413e-09	
330.799	3887.58	22283.8	46.3574	1.20895e-09	9.29784e-11	1.11419e-09	
331.186	3887.04	22284.5	46.3555	1.20895e-09	9.29757e-11	1.11423e-09	
331.572	3886.51	22285.2	46.3537	1.20895e-09	9.29731e-11	1.11426e-09	
331.958	3885.99	22285.9	46.3518	1.20895e-09	9.29705e-11	1.11429e-09	
332.304	3885.53	22286.4	46.3502	1.20895e-09	9.29683e-11	1.11432e-09	
332.649	3885.09	22287	46.3487	1.20895e-09	9.2966e-11	1.11435e-09	
332.994	3884.65	22287.6	46.3471	1.20895e-09	9.29639e-11	1.11438e-09	
333.489	3884.03	22288.3	46.345	1.20895e-09	9.29608e-11	1.11442e-09	
333.985	3883.43	22289.1	46.3429	1.20895e-09	9.29578e-11	1.11446e-09	
334.48	3882.84	22289.9	46.3408	1.20895e-09	9.29549e-11	1.11449e-09	
337.825	3879.25	22294.5	46.3282	1.20895e-09	9.29373e-11	1.11473e-09	
340.806	3876.54	22298.1	46.3187	1.20895e-09	9.29241e-11	1.11491e-09	
343.787	3874.21	22301.2	46.3105	1.20895e-09	9.29128e-11	1.11506e-09	
346.768	3872.21	22303.9	46.3035	1.20895e-09	9.29031e-11	1.1152e-09	
349.748	3870.49	22306.3	46.2975	1.20895e-09	9.28949e-11	1.11532e-09	
353.286	3868.75	22308.7	46.2914	1.20895e-09	9.28866e-11	1.11544e-09	
356.824	3867.3	22310.8	46.2863	1.20895e-09	9.28797e-11	1.11554e-09	
360.362	3866.08	22312.5	46.282	1.20895e-09	9.28739e-11	1.11563e-09	
363.9	3865.06	22314	46.2784	1.20895e-09	9.28691e-11	1.1157e-09	
367.438	3864.21	22315.2	46.2754	1.20895e-09	9.28651e-11	1.11576e-09	
372.026	3863.3	22316.6	46.2722	1.20895e-09	9.28608e-11	1.11583e-09	
376.615	3862.57	22317.6	46.2696	1.20895e-09	9.28575e-11	1.11588e-09	
381.204	3861.99	22318.5	46.2676	1.20895e-09	9.28548e-11	1.11593e-09	
385.793	3861.53	22319.2	46.2659	1.20895e-09	9.28526e-11	1.11596e-09	
390.381	3861.16	22319.8	46.2646	1.20895e-09	9.28509e-11	1.11599e-09	
396.486	3860.78	22320.4	46.2633	1.20895e-09	9.28492e-11	1.11602e-09	
402.59	3860.49	22320.8	46.2623	1.20895e-09	9.28479e-11	1.11604e-09	
408.694	3860.28	22321.1	46.2615	1.20895e-09	9.28469e-11	1.11606e-09	
414.798	3860.12	22321.4	46.261	1.20895e-09	9.28462e-11	1.11607e-09	
420.903	3860	22321.6	46.2606	1.20895e-09	9.28456e-11	1.11608e-09	
429.132	3859.89	22321.7	46.2601	1.20895e-09	9.28451e-11	1.11609e-09	
437.362	3859.81	22321.9	46.2599	1.20895e-09	9.28448e-11	1.11609e-09	
445.591	3859.76	22321.9	46.2597	1.20895e-09	9.28445e-11	1.1161e-09	
453.821	3859.72	22322	46.2596	1.20895e-09	9.28444e-11	1.1161e-09	
462.05	3859.7	22322	46.2595	1.20895e-09	9.28443e-11	1.1161e-09	
473.924	3859.68	22322.1	46.2594	1.20895e-09	9.28442e-11	1.1161e-09	
485.798	3859.67	22322.1	46.2594	1.20895e-09	9.28441e-11	1.1161e-09	
497.671	3859.66	22322.1	46.2593	1.20895e-09	9.28441e-11	1.11611e-09	
500	3859.66	22322.1	46.2593	1.20895e-09	9.28441e-11	1.11611e-09	
