# Time	[Z]	[mu2]	[mZ]	[mF]	[F]	[mP]	[PE]	[PG]	[PM]	
0	709824	1329.83	960.41	60	60000	-2.78765e-26	-1.397e-24	-1.30387e-24	-1.56465e-23	
1e-09	709824	1329.83	960.41	60	60000	-2.78765e-26	-1.397e-24	-1.30387e-24	-1.56465e-23	
2e-09	709824	1329.83	960.41	60	60000	-2.78765e-26	-1.397e-24	-1.30387e-24	-1.56465e-23	
1.0002e-05	709824	1329.83	960.409	60	60000	-2.78763e-26	-1.397e-24	-1.30387e-24	-1.56465e-23	
2.0002e-05	709824	1329.83	960.408	60	60000	-2.78762e-26	-1.397e-24	-1.30387e-24	-1.56465e-23	
0.000120002	709824	1329.83	960.397	60	60000	-2.78746e-26	-1.397e-24	-1.30387e-24	-1.56465e-23	
0.000220002	709824	1329.83	960.386	60	60000	-2.78731e-26	-1.397e-24	-1.30387e-24	-1.56465e-23	
0.000320002	709824	1329.84	960.375	60	60000	-2.78715e-26	-1.397e-24	-1.30387e-24	-1.56465e-23	
0.00132	709824	1329.87	960.265	60	60000	-2.78561e-26	-1.397e-24	-1.30387e-24	-1.56465e-23	
0.00232	709824	1329.91	960.154	60	60000	-2.78406e-26	-1.39699e-24	-1.30387e-24	-1.56465e-23	
0.00332	709824	1329.94	960.044	60	60000	-2.78251e-26	-1.39699e-24	-1.30387e-24	-1.56465e-23	
0.00432	709824	1329.98	959.934	60	60000	-2.78097e-26	-1.39698e-24	-1.30387e-24	-1.56465e-23	
0.01432	709823	1330.33	958.837	60	60000	-2.76557e-26	-1.39686e-24	-1.30387e-24	-1.56465e-23	
0.02432	709822	1330.69	957.745	60	60000	-2.75026e-26	-1.39661e-24	-1.30387e-24	-1.56465e-23	
0.03432	709819	1331.04	956.66	60	60000	-2.73503e-26	-1.39624e-24	-1.30386e-24	-1.56465e-23	
0.04432	709816	1331.4	955.58	60	60000	-2.71988e-26	-1.39575e-24	-1.30384e-24	-1.56465e-23	
0.05432	709811	1331.75	954.506	60	60000	-2.70482e-26	-1.39513e-24	-1.30381e-24	-1.56465e-23	
0.135162	709747	1334.62	946.035	60	60000	-2.58607e-26	-1.38613e-24	-1.30307e-24	-1.56465e-23	
0.216004	709630	1337.5	937.926	60	60000	-2.47251e-26	-1.37083e-24	-1.30088e-24	-1.56462e-23	
0.296847	709464	1340.39	930.165	60	60000	-2.36391e-26	-1.35036e-24	-1.2967e-24	-1.56455e-23	
0.377689	709250	1343.28	922.735	60	60000	-2.26006e-26	-1.3257e-24	-1.29022e-24	-1.5644e-23	
0.458531	708992	1346.17	915.621	60	60000	-2.16075e-26	-1.29766e-24	-1.28127e-24	-1.56415e-23	
0.539373	708691	1349.07	908.811	60	60000	-2.06579e-26	-1.26698e-24	-1.26981e-24	-1.56375e-23	
0.634839	708283	1352.49	901.14	60	60000	-1.95898e-26	-1.22815e-24	-1.25312e-24	-1.56304e-23	
0.730305	707823	1355.92	893.852	60	60000	-1.85767e-26	-1.18732e-24	-1.23317e-24	-1.56203e-23	
0.82577	707313	1359.36	886.928	60	60000	-1.76157e-26	-1.14518e-24	-1.21026e-24	-1.56067e-23	
0.921236	706756	1362.79	880.347	60	60000	-1.67042e-26	-1.10232e-24	-1.18468e-24	-1.55891e-23	
1.0167	706154	1366.22	874.092	60	60000	-1.58397e-26	-1.05919e-24	-1.15681e-24	-1.55673e-23	
1.11217	705512	1369.65	868.147	60	60000	-1.50197e-26	-1.01618e-24	-1.12698e-24	-1.55408e-23	
1.23067	704661	1373.91	861.174	60	60000	-1.40603e-26	-9.63424e-25	-1.08778e-24	-1.55011e-23	
1.34916	703755	1378.17	854.623	60	60000	-1.3162e-26	-9.1178e-25	-1.04674e-24	-1.54537e-23	
1.46766	702799	1382.42	848.469	60	60000	-1.23208e-26	-8.61588e-25	-1.00446e-24	-1.53983e-23	
1.58616	701795	1386.67	842.685	60	60000	-1.15331e-26	-8.1309e-25	-9.61454e-25	-1.53348e-23	
1.70466	700749	1390.91	837.247	60	60000	-1.07956e-26	-7.66452e-25	-9.18185e-25	-1.52633e-23	
1.82316	699663	1395.14	832.134	60	60000	-1.0105e-26	-7.21781e-25	-8.75048e-25	-1.51839e-23	
1.93731	698582	1399.2	827.496	60	60000	-9.48137e-27	-6.80664e-25	-8.3393e-25	-1.51002e-23	
2.05146	697471	1403.26	823.123	60	60000	-8.89604e-27	-6.41448e-25	-7.93492e-25	-1.50096e-23	
2.16561	696331	1407.31	818.997	60	60000	-8.3467e-27	-6.04126e-25	-7.53936e-25	-1.49124e-23	
2.27976	695166	1411.35	815.105	60	60000	-7.83112e-27	-5.68676e-25	-7.15426e-25	-1.48088e-23	
2.39391	693976	1415.37	811.43	60	60000	-7.34724e-27	-5.35057e-25	-6.78088e-25	-1.46994e-23	
2.50806	692765	1419.39	807.961	60	60000	-6.89314e-27	-5.03221e-25	-6.42017e-25	-1.45842e-23	
2.64244	691314	1424.09	804.122	60	60000	-6.39425e-27	-4.67949e-25	-6.01272e-25	-1.4442e-23	
2.77681	689839	1428.79	800.53	60	60000	-5.93131e-27	-4.34962e-25	-5.62448e-25	-1.42931e-23	
2.91119	688343	1433.46	797.167	60	60000	-5.50174e-27	-4.04151e-25	-5.25579e-25	-1.41381e-23	
3.04556	686827	1438.11	794.017	60	60000	-5.10314e-27	-3.75402e-25	-4.9067e-25	-1.39776e-23	
3.17994	685294	1442.75	791.065	60	60000	-4.73331e-27	-3.48601e-25	-4.57701e-25	-1.38122e-23	
3.31432	683747	1447.36	788.295	60	60000	-4.39015e-27	-3.23635e-25	-4.26635e-25	-1.36424e-23	
3.50953	681477	1454.02	784.57	60	60000	-3.9353e-27	-2.90409e-25	-3.84783e-25	-1.33891e-23	
3.70474	679186	1460.64	781.167	60	60000	-3.52737e-27	-2.60498e-25	-3.46635e-25	-1.31292e-23	
3.89995	676880	1467.22	778.052	60	60000	-3.16156e-27	-2.33598e-25	-3.11966e-25	-1.28642e-23	
4.09516	674561	1473.74	775.196	60	60000	-2.83354e-27	-2.09422e-25	-2.80535e-25	-1.25955e-23	
4.29037	672234	1480.22	772.572	60	60000	-2.53941e-27	-1.87708e-25	-2.52097e-25	-1.23241e-23	
4.48558	669902	1486.66	770.156	60	60000	-2.27569e-27	-1.68215e-25	-2.26411e-25	-1.20512e-23	
4.68079	667570	1493.04	767.927	60	60000	-2.03925e-27	-1.50723e-25	-2.03242e-25	-1.17778e-23	
4.87601	665238	1499.38	765.866	60	60000	-1.82729e-27	-1.35032e-25	-1.82369e-25	-1.15046e-23	
5.07122	662910	1505.67	763.955	60	60000	-1.63727e-27	-1.20961e-25	-1.63582e-25	-1.12324e-23	
5.2863	660351	1512.55	762.006	60	60000	-1.45061e-27	-1.07136e-25	-1.45066e-25	-1.09345e-23	
5.50139	657802	1519.37	760.202	60	60000	-1.28516e-27	-9.48809e-26	-1.28606e-25	-1.06394e-23	
5.71648	655264	1526.13	758.529	60	60000	-1.1385e-27	-8.40194e-26	-1.13985e-25	-1.03478e-23	
5.93156	652740	1532.83	756.97	60	60000	-1.00852e-27	-7.43948e-26	-1.01004e-25	-1.00602e-23	
6.14665	650230	1539.49	755.515	60	60000	-8.93328e-28	-6.58673e-26	-8.94844e-26	-9.77699e-24	
6.36173	647737	1546.08	754.15	60	60000	-7.91244e-28	-5.8313e-26	-7.9266e-26	-9.49869e-24	
6.57682	645261	1552.62	752.868	60	60000	-7.00783e-28	-5.16214e-26	-7.02047e-26	-9.22555e-24	
6.79191	642804	1559.11	751.657	60	60000	-6.20629e-28	-4.56947e-26	-6.21715e-26	-8.95784e-24	
7.00699	640366	1565.55	750.512	60	60000	-5.4961e-28	-4.04459e-26	-5.50516e-26	-8.69574e-24	
7.27695	637334	1573.56	749.155	60	60000	-4.71821e-28	-3.46998e-26	-4.72511e-26	-8.37495e-24	
7.54691	634335	1581.49	747.878	60	60000	-4.05005e-28	-2.97673e-26	-4.05504e-26	-8.06345e-24	
7.81687	631369	1589.34	746.669	60	60000	-3.4762e-28	-2.55337e-26	-3.47955e-26	-7.76135e-24	
8.08682	628437	1597.12	745.521	60	60000	-2.9834e-28	-2.19003e-26	-2.9854e-26	-7.4687e-24	
8.35678	625540	1604.83	744.425	60	60000	-2.56023e-28	-1.87824e-26	-2.56116e-26	-7.18548e-24	
8.62674	622678	1612.46	743.375	60	60000	-2.1969e-28	-1.6107e-26	-2.19698e-26	-6.91163e-24	
8.93298	619474	1621.04	742.232	60	60000	-1.84655e-28	-1.3529e-26	-1.84593e-26	-6.61217e-24	
9.23922	616315	1629.53	741.134	60	60000	-1.5519e-28	-1.13624e-26	-1.55078e-26	-6.32442e-24	
9.54546	613201	1637.94	740.075	60	60000	-1.30412e-28	-9.54187e-27	-1.30269e-26	-6.04814e-24	
9.85171	610132	1646.28	739.05	60	60000	-1.09579e-28	-8.0122e-27	-1.09416e-26	-5.78303e-24	
10.1579	607107	1654.53	738.054	60	60000	-9.20641e-29	-6.72708e-27	-9.18919e-27	-5.52879e-24	
10.4642	604127	1662.71	737.085	60	60000	-7.73405e-29	-5.64753e-27	-7.71663e-27	-5.28511e-24	
10.7704	601191	1670.82	736.138	60	60000	-6.49649e-29	-4.74076e-27	-6.47939e-27	-5.05163e-24	
11.0767	598298	1678.86	735.212	60	60000	-5.45638e-29	-3.9792e-27	-5.43997e-27	-4.82803e-24	
11.3829	595448	1686.83	734.305	60	60000	-4.58233e-29	-3.33965e-27	-4.56684e-27	-4.61395e-24	
11.6892	592640	1694.74	733.413	60	60000	-3.8479e-29	-2.80262e-27	-3.83348e-27	-4.40905e-24	
11.824	591416	1698.2	733.025	60	60000	-3.56287e-29	-2.59431e-27	-3.54895e-27	-4.32164e-24	
11.9589	590201	1701.65	732.64	60	60000	-3.29889e-29	-2.40144e-27	-3.28547e-27	-4.23591e-24	
12.0938	588993	1705.09	732.258	60	60000	-3.05441e-29	-2.22286e-27	-3.0415e-27	-4.15184e-24	
12.2286	587794	1708.52	731.878	60	60000	-2.82799e-29	-2.05752e-27	-2.81559e-27	-4.06939e-24	
12.3635	586602	1711.94	731.5	60	60000	-2.61831e-29	-1.90445e-27	-2.60642e-27	-3.98855e-24	
12.4984	585418	1715.34	731.125	60	60000	-2.42413e-29	-1.76274e-27	-2.41273e-27	-3.90927e-24	
12.6927	583726	1720.23	730.588	60	60000	-2.16933e-29	-1.57684e-27	-2.15864e-27	-3.79776e-24	
12.887	582049	1725.1	730.056	60	60000	-1.94123e-29	-1.4105e-27	-1.93124e-27	-3.68937e-24	
13.0813	580388	1729.94	729.528	60	60000	-1.73705e-29	-1.26166e-27	-1.72772e-27	-3.58402e-24	
13.2756	578743	1734.76	729.004	60	60000	-1.55428e-29	-1.12848e-27	-1.54559e-27	-3.48163e-24	
13.4699	577113	1739.57	728.483	60	60000	-1.39069e-29	-1.00933e-27	-1.38261e-27	-3.38212e-24	
13.6642	575497	1744.35	727.966	60	60000	-1.24427e-29	-9.0272e-28	-1.23677e-27	-3.28541e-24	
13.9408	573224	1751.12	727.236	60	60000	-1.06197e-29	-7.70051e-28	-1.05524e-27	-3.15246e-24	
14.2174	570981	1757.86	726.512	60	60000	-9.06304e-30	-6.56831e-28	-9.00291e-28	-3.02482e-24	
14.494	568767	1764.55	725.795	60	60000	-7.73398e-30	-5.60216e-28	-7.68034e-28	-2.9023e-24	
14.7706	566581	1771.21	725.083	60	60000	-6.59931e-30	-4.77777e-28	-6.55158e-28	-2.7847e-24	
15.0472	564424	1777.84	724.377	60	60000	-5.63068e-30	-4.0744e-28	-5.58829e-28	-2.67183e-24	
15.3237	562294	1784.43	723.676	60	60000	-4.80386e-30	-3.47432e-28	-4.76629e-28	-2.5635e-24	
15.6003	560192	1790.99	722.98	60	60000	-4.09813e-30	-2.96241e-28	-4.0649e-28	-2.45954e-24	
15.8769	558116	1797.51	722.289	60	60000	-3.49582e-30	-2.52574e-28	-3.46646e-28	-2.35977e-24	
16.1535	556066	1804.01	721.602	60	60000	-2.98181e-30	-2.15328e-28	-2.95592e-28	-2.26402e-24	
16.4301	554043	1810.47	720.92	60	60000	-2.54318e-30	-1.83561e-28	-2.52038e-28	-2.17215e-24	
16.7067	552044	1816.91	720.242	60	60000	-2.16891e-30	-1.5647e-28	-2.14886e-28	-2.08399e-24	
16.9832	550070	1823.32	719.567	60	60000	-1.84959e-30	-1.33367e-28	-1.83197e-28	-1.9994e-24	
17.2598	548121	1829.7	718.897	60	60000	-1.57716e-30	-1.13667e-28	-1.5617e-28	-1.91823e-24	
17.5364	546195	1836.05	718.23	60	60000	-1.34476e-30	-9.68708e-29	-1.33121e-28	-1.84034e-24	
17.813	544293	1842.38	717.567	60	60000	-1.14652e-30	-8.25504e-29	-1.13466e-28	-1.76561e-24	
18.0896	542414	1848.68	716.908	60	60000	-9.77433e-31	-7.0342e-29	-9.67057e-29	-1.69391e-24	
18.3662	540557	1854.96	716.252	60	60000	-8.33222e-31	-5.99349e-29	-8.24153e-29	-1.62512e-24	
18.6428	538722	1861.22	715.599	60	60000	-7.10236e-31	-5.10639e-29	-7.02317e-29	-1.55911e-24	
18.9193	536909	1867.45	714.949	60	60000	-6.0536e-31	-4.35029e-29	-5.9845e-29	-1.49578e-24	
19.1959	535117	1873.66	714.303	60	60000	-5.15933e-31	-3.70589e-29	-5.09908e-29	-1.43502e-24	
19.4725	533346	1879.85	713.659	60	60000	-4.39685e-31	-3.15672e-29	-4.34436e-29	-1.37673e-24	
19.7491	531596	1886.01	713.018	60	60000	-3.74679e-31	-2.68875e-29	-3.70109e-29	-1.3208e-24	
20.0257	529866	1892.16	712.38	60	60000	-3.19261e-31	-2.28999e-29	-3.15285e-29	-1.26714e-24	
20.3023	528155	1898.29	711.745	60	60000	-2.7202e-31	-1.95024e-29	-2.68563e-29	-1.21566e-24	
20.5789	526463	1904.4	711.112	60	60000	-2.31753e-31	-1.66078e-29	-2.28749e-29	-1.16627e-24	
20.8554	524791	1910.49	710.482	60	60000	-1.97433e-31	-1.41419e-29	-1.94824e-29	-1.11888e-24	
21.132	523137	1916.56	709.855	60	60000	-1.68184e-31	-1.20413e-29	-1.65919e-29	-1.07342e-24	
21.4373	521332	1923.24	709.165	60	60000	-1.40889e-31	-1.0082e-29	-1.38953e-29	-1.02538e-24	
21.7427	519549	1929.9	708.478	60	60000	-1.18014e-31	-8.44083e-30	-1.1636e-29	-9.79481e-25	
22.048	517787	1936.54	707.794	60	60000	-9.88448e-32	-7.06624e-30	-9.74325e-30	-9.35641e-25	
22.3533	516046	1943.16	707.112	60	60000	-8.27822e-32	-5.91501e-30	-8.1577e-30	-8.93761e-25	
22.6586	514325	1949.76	706.434	60	60000	-6.9324e-32	-4.95094e-30	-6.82961e-30	-8.53756e-25	
22.9639	512624	1956.35	705.757	60	60000	-5.80489e-32	-4.14365e-30	-5.71726e-30	-8.15541e-25	
23.2693	510943	1962.91	705.084	60	60000	-4.86035e-32	-3.46772e-30	-4.78569e-30	-7.79036e-25	
23.5208	509572	1968.31	704.531	60	60000	-4.19865e-32	-2.99441e-30	-4.13324e-30	-7.50196e-25	
23.7723	508214	1973.7	703.98	60	60000	-3.62683e-32	-2.58556e-30	-3.56954e-30	-7.22424e-25	
24.0238	506868	1979.07	703.43	60	60000	-3.13271e-32	-2.23241e-30	-3.08255e-30	-6.95679e-25	
24.2753	505535	1984.43	702.882	60	60000	-2.70575e-32	-1.92738e-30	-2.66185e-30	-6.69925e-25	
24.5268	504214	1989.78	702.335	60	60000	-2.33686e-32	-1.66395e-30	-2.29844e-30	-6.45124e-25	
24.7783	502904	1995.13	701.79	60	60000	-2.01814e-32	-1.43644e-30	-1.98453e-30	-6.21241e-25	
25.0298	501606	2000.46	701.246	60	60000	-1.7428e-32	-1.23997e-30	-1.71341e-30	-5.98242e-25	
25.2813	500320	2005.78	700.704	60	60000	-1.50494e-32	-1.07031e-30	-1.47924e-30	-5.76094e-25	
25.5328	499044	2011.09	700.163	60	60000	-1.29947e-32	-9.23819e-31	-1.277e-30	-5.54767e-25	
25.8392	497506	2017.56	699.506	60	60000	-1.08658e-32	-7.72105e-31	-1.06752e-30	-5.29847e-25	
26.1456	495983	2024	698.851	60	60000	-9.08498e-33	-6.45254e-31	-8.92331e-31	-5.06047e-25	
26.452	494475	2030.44	698.198	60	60000	-7.59538e-33	-5.39201e-31	-7.45831e-31	-4.83315e-25	
26.7584	492983	2036.86	697.547	60	60000	-6.3495e-33	-4.50542e-31	-6.23332e-31	-4.61605e-25	
27.0648	491507	2043.27	696.898	60	60000	-5.30755e-33	-3.76431e-31	-5.2091e-31	-4.4087e-25	
27.3712	490044	2049.67	696.251	60	60000	-4.43622e-33	-3.14485e-31	-4.35283e-31	-4.21066e-25	
27.7143	488423	2056.83	695.528	60	60000	-3.62867e-33	-2.57102e-31	-3.55945e-31	-3.99941e-25	
28.0575	486820	2063.97	694.807	60	60000	-2.96781e-33	-2.10169e-31	-2.91038e-31	-3.79875e-25	
28.4007	485234	2071.1	694.088	60	60000	-2.42707e-33	-1.71786e-31	-2.37944e-31	-3.60816e-25	
28.7438	483665	2078.22	693.371	60	60000	-1.98465e-33	-1.40399e-31	-1.94516e-31	-3.42713e-25	
29.087	482112	2085.32	692.657	60	60000	-1.62271e-33	-1.14735e-31	-1.58998e-31	-3.25519e-25	
29.4302	480575	2092.42	691.944	60	60000	-1.32664e-33	-9.37526e-32	-1.29952e-31	-3.09187e-25	
29.8342	478784	2100.76	691.107	60	60000	-1.04636e-33	-7.39004e-32	-1.02464e-31	-2.91003e-25	
30.2383	477015	2109.09	690.273	60	60000	-8.25174e-34	-5.82437e-32	-8.0778e-32	-2.73889e-25	
30.6424	475267	2117.41	689.441	60	60000	-6.50654e-34	-4.58977e-32	-6.36734e-32	-2.57781e-25	
31.0465	473538	2125.72	688.611	60	60000	-5.12972e-34	-3.61638e-32	-5.01844e-32	-2.4262e-25	
31.4506	471828	2134.01	687.784	60	60000	-4.04368e-34	-2.84903e-32	-3.95465e-32	-2.28351e-25	
31.8547	470137	2142.3	686.958	60	60000	-3.18713e-34	-2.24419e-32	-3.11595e-32	-2.14922e-25	
32.2587	468464	2150.58	686.135	60	60000	-2.51167e-34	-1.76752e-32	-2.45489e-32	-2.02282e-25	
32.6628	466809	2158.85	685.314	60	60000	-1.97909e-34	-1.3919e-32	-1.93368e-32	-1.90385e-25	
33.0669	465171	2167.11	684.495	60	60000	-1.55922e-34	-1.09595e-32	-1.52293e-32	-1.79188e-25	
33.2188	464560	2170.21	684.187	60	60000	-1.42549e-34	-1.00174e-32	-1.39218e-32	-1.75152e-25	
33.3707	463951	2173.32	683.88	60	60000	-1.30321e-34	-9.15603e-33	-1.2726e-32	-1.71206e-25	
33.5226	463344	2176.42	683.573	60	60000	-1.1914e-34	-8.3686e-33	-1.16328e-32	-1.6735e-25	
33.6744	462740	2179.52	683.266	60	60000	-1.08916e-34	-7.64874e-33	-1.06334e-32	-1.6358e-25	
33.8263	462137	2182.62	682.96	60	60000	-9.95672e-35	-6.99066e-33	-9.71952e-33	-1.59896e-25	
34.0508	461252	2187.2	682.507	60	60000	-8.71998e-35	-6.12034e-33	-8.5108e-33	-1.54603e-25	
34.2752	460371	2191.78	682.055	60	60000	-7.63657e-35	-5.35817e-33	-7.45212e-33	-1.49485e-25	
34.4996	459495	2196.36	681.604	60	60000	-6.68748e-35	-4.6907e-33	-6.52484e-33	-1.44536e-25	
34.724	458624	2200.94	681.153	60	60000	-5.85609e-35	-4.10621e-33	-5.7127e-33	-1.39752e-25	
35.1432	457008	2209.49	680.312	60	60000	-4.56936e-35	-3.20202e-33	-4.45607e-33	-1.31236e-25	
35.5623	455409	2218.03	679.473	60	60000	-3.56468e-35	-2.49647e-33	-3.4752e-33	-1.23239e-25	
35.9814	453824	2226.58	678.635	60	60000	-2.78076e-35	-1.94629e-33	-2.71009e-33	-1.1573e-25	
36.4006	452254	2235.12	677.798	60	60000	-2.16886e-35	-1.5171e-33	-2.11307e-33	-1.08678e-25	
36.8197	450698	2243.67	676.963	60	60000	-1.69134e-35	-1.18235e-33	-1.64733e-33	-1.02055e-25	
37.4407	448419	2256.33	675.727	60	60000	-1.16957e-35	-8.16883e-34	-1.13857e-33	-9.29784e-26	
38.0617	446168	2269	674.494	60	60000	-8.08678e-36	-5.64354e-34	-7.86713e-34	-8.47089e-26	
38.6827	443945	2281.69	673.263	60	60000	-5.59025e-36	-3.89782e-34	-5.43621e-34	-7.71748e-26	
39.3036	441749	2294.39	672.034	60	60000	-3.86278e-36	-2.69063e-34	-3.75732e-34	-7.03108e-26	
39.9246	439577	2307.1	670.806	60	60000	-2.66842e-36	-1.85724e-34	-2.59334e-34	-6.40573e-26	
40.6063	437222	2321.08	669.46	60	60000	-1.77707e-36	-1.23606e-34	-1.72129e-34	-5.78309e-26	
41.288	434894	2335.09	668.114	60	60000	-1.18329e-36	-8.21784e-35	-1.1489e-34	-5.22098e-26	
41.9697	432593	2349.14	666.77	60	60000	-7.8767e-37	-5.46045e-35	-7.7337e-35	-4.7135e-26	
42.6514	430316	2363.22	665.426	60	60000	-5.24049e-37	-3.63788e-35	-5.06444e-35	-4.25534e-26	
43.3331	428064	2377.34	664.081	60	60000	-3.48552e-37	-2.42145e-35	-3.22038e-35	-3.84173e-26	
43.7508	426695	2386.02	663.258	60	60000	-2.71495e-37	-1.87936e-35	-2.55738e-35	-3.60842e-26	
44.1684	425334	2394.72	662.434	60	60000	-2.11326e-37	-1.46276e-35	-2.03306e-35	-3.38928e-26	
44.5861	423982	2403.43	661.609	60	60000	-1.64489e-37	-1.13989e-35	-1.54539e-35	-3.18345e-26	
45.0038	422636	2412.17	660.785	60	60000	-1.28019e-37	-8.8391e-36	-1.21915e-35	-2.99012e-26	
45.4215	421299	2420.93	659.96	60	60000	-9.96126e-38	-6.8691e-36	-9.8996e-36	-2.80853e-26	
45.6818	420469	2426.4	659.445	60	60000	-8.51895e-38	-5.8813e-36	-8.38085e-36	-2.70097e-26	
45.9422	419641	2431.88	658.93	60	60000	-7.28508e-38	-5.02665e-36	-7.10355e-36	-2.59753e-26	
46.2025	418816	2437.37	658.415	60	60000	-6.22955e-38	-4.29571e-36	-6.07746e-36	-2.49805e-26	
46.4628	417994	2442.87	657.9	60	60000	-5.32663e-38	-3.67229e-36	-5.18715e-36	-2.40238e-26	
46.7582	417064	2449.12	657.314	60	60000	-4.45942e-38	-3.07329e-36	-4.32755e-36	-2.29827e-26	
47.0536	416138	2455.38	656.729	60	60000	-3.7331e-38	-2.57149e-36	-3.61832e-36	-2.19867e-26	
47.3489	415215	2461.66	656.143	60	60000	-3.12483e-38	-2.15161e-36	-3.02715e-36	-2.10339e-26	
47.6443	414294	2467.96	655.556	60	60000	-2.61548e-38	-1.80018e-36	-2.53101e-36	-2.01223e-26	
48.2604	412384	2481.13	654.331	60	60000	-1.80334e-38	-1.23999e-36	-1.7426e-36	-1.83459e-26	
48.8766	410485	2494.38	653.103	60	60000	-1.24261e-38	-8.53438e-37	-1.21774e-36	-1.67262e-26	
49.4928	408598	2507.7	651.873	60	60000	-8.56892e-39	-5.88181e-37	-8.56915e-37	-1.52495e-26	
50.109	406722	2521.09	650.639	60	60000	-5.90533e-39	-4.05231e-37	-5.69858e-37	-1.39032e-26	
50.7252	404856	2534.56	649.401	60	60000	-4.06661e-39	-2.7852e-37	-3.75631e-37	-1.26758e-26	
51.8747	401399	2559.92	647.083	60	60000	-2.03357e-39	-1.39965e-37	-4.25749e-37	-1.06681e-26	
53.0243	397971	2585.61	644.749	60	60000	-1.04214e-39	-8.38019e-38	-7.82434e-37	-8.97844e-27	
53.6092	396237	2598.81	643.555	60	60000	-7.1245e-40	-6.47784e-38	-5.28925e-37	-8.22432e-27	
54.194	394508	2612.1	642.356	60	60000	-5.07301e-40	-3.26629e-38	-1.05403e-38	-7.53355e-27	
54.7789	392786	2625.5	641.153	60	60000	-3.56388e-40	-2.07265e-38	-2.00538e-37	-6.9008e-27	
55.3638	391068	2639	639.944	60	60000	-2.44396e-40	-3.41103e-38	-3.79198e-37	-6.32119e-27	
55.9486	389354	2652.6	638.729	60	60000	-1.74573e-40	-6.7636e-39	4.92673e-37	-5.79026e-27	
56.5335	387645	2666.32	637.509	60	60000	-1.21728e-40	1.7087e-38	2.05373e-37	-5.30393e-27	
56.7847	386912	2672.25	636.983	60	60000	-1.04028e-40	3.85075e-39	-2.32523e-37	-5.1078e-27	
57.0359	386180	2678.2	636.455	60	60000	-8.93473e-41	2.63821e-39	-1.33754e-38	-4.91892e-27	
57.2871	385448	2684.17	635.927	60	60000	-7.65961e-41	1.81851e-39	5.96671e-39	-4.73702e-27	
57.5383	384717	2690.16	635.397	60	60000	-6.56824e-41	-1.15055e-39	-6.61654e-38	-4.56185e-27	
57.7895	383986	2696.18	634.867	60	60000	-5.6328e-41	-1.47175e-39	-1.10515e-38	-4.39316e-27	
58.0986	383087	2703.62	634.212	60	60000	-4.66204e-41	-1.32694e-39	1.01207e-38	-4.19413e-27	
58.4076	382189	2711.09	633.555	60	60000	-3.85819e-41	-1.87495e-39	-3.10041e-38	-4.00412e-27	
58.7167	381292	2718.6	632.896	60	60000	-3.19264e-41	-1.85792e-39	-2.56314e-38	-3.82272e-27	
59.0258	380395	2726.14	632.235	60	60000	-2.64166e-41	-1.52429e-39	-7.08532e-39	-3.64954e-27	
59.3603	379425	2734.35	631.517	60	60000	-2.15177e-41	-1.30271e-39	-5.68797e-39	-3.47094e-27	
59.6948	378456	2742.61	630.797	60	60000	-1.75252e-41	-1.13427e-39	-7.1092e-39	-3.30108e-27	
60.0293	377487	2750.91	630.075	60	60000	-1.42719e-41	-9.33151e-40	-3.53657e-39	-3.13953e-27	
60.3638	376518	2759.26	629.349	60	60000	-1.16212e-41	-7.58739e-40	-1.41877e-39	-2.98589e-27	
60.9798	374734	2774.77	628.006	60	60000	-7.95396e-42	-5.54199e-40	-4.01223e-39	-2.72236e-27	
61.5958	372951	2790.45	626.654	60	60000	-5.44056e-42	-3.95448e-40	-2.13957e-39	-2.48209e-27	
62.2118	371167	2806.31	625.292	60	60000	-3.72514e-42	-2.05075e-40	7.96791e-39	-2.26303e-27	
62.8278	369383	2822.35	623.919	60	60000	-2.54838e-42	-1.31058e-40	4.12093e-39	-2.0633e-27	
63.4437	367597	2838.59	622.536	60	60000	-1.74177e-42	-1.70422e-40	-9.19371e-39	-1.8812e-27	
64.4768	364598	2866.28	620.19	60	60000	-9.2258e-43	2.15483e-40	5.1255e-38	-1.61116e-27	
65.5098	361592	2894.57	617.812	60	60000	-4.94998e-43	1.52006e-39	2.56273e-37	-1.37989e-27	
65.6528	361175	2898.54	617.48	60	60000	-4.5242e-43	1.45625e-39	2.42904e-37	-1.3506e-27	
65.7958	360758	2902.52	617.147	60	60000	-4.13743e-43	1.15248e-39	1.89768e-37	-1.32194e-27	
65.9388	360341	2906.51	616.813	60	60000	-3.78776e-43	8.29646e-40	1.3459e-37	-1.29389e-27	
66.0818	359924	2910.51	616.479	60	60000	-3.46802e-43	6.36206e-40	1.02132e-37	-1.26643e-27	
66.2248	359506	2914.52	616.144	60	60000	-3.17333e-43	5.36891e-40	8.58108e-38	-1.23956e-27	
66.3678	359088	2918.55	615.809	60	60000	-2.90265e-43	4.42484e-40	7.0258e-38	-1.21325e-27	
66.6538	358252	2926.65	615.135	60	60000	-2.42405e-43	1.18283e-40	1.56543e-38	-1.16231e-27	
66.9398	357414	2934.8	614.459	60	60000	-2.02611e-43	-2.49364e-40	-4.53311e-38	-1.1135e-27	
67.2258	356576	2943	613.78	60	60000	-1.69764e-43	-3.37028e-40	-5.73981e-38	-1.06674e-27	
67.5117	355737	2951.26	613.098	60	60000	-1.42328e-43	-1.71058e-40	-2.70298e-38	-1.02195e-27	
67.7977	354897	2959.57	612.413	60	60000	-1.19133e-43	-2.28389e-41	-1.71163e-39	-9.79035e-28	
68.0837	354055	2967.94	611.724	60	60000	-9.95837e-44	-1.77182e-41	-1.76901e-39	-9.37924e-28	
68.6419	352409	2984.43	610.371	60	60000	-6.96457e-44	-5.6784e-40	-9.74419e-38	-8.62588e-28	
69.2001	350759	3001.16	609.006	60	60000	-4.87866e-44	-9.018e-40	-1.50692e-37	-7.93303e-28	
69.7584	349103	3018.12	607.628	60	60000	-3.46034e-44	-4.91505e-40	-7.62707e-38	-7.29583e-28	
70.3166	347441	3035.31	606.237	60	60000	-2.46842e-44	4.58224e-41	1.35306e-38	-6.70982e-28	
70.8748	345774	3052.76	604.832	60	60000	-1.74278e-44	1.199e-40	2.07601e-38	-6.17087e-28	
71.433	344100	3070.47	603.413	60	60000	-1.21544e-44	-7.90876e-41	-1.49892e-38	-5.67522e-28	
72.1523	341934	3093.68	601.563	60	60000	-7.54198e-45	-4.91484e-40	-8.42592e-38	-5.09472e-28	
72.8717	339755	3117.35	599.688	60	60000	-4.79207e-45	-4.48033e-40	-7.1303e-38	-4.57359e-28	
73.5911	337564	3141.51	597.788	60	60000	-3.178e-45	-1.07137e-40	-1.32773e-38	-4.10577e-28	
74.3105	335359	3166.16	595.86	60	60000	-2.11822e-45	1.77363e-40	3.36197e-38	-3.68581e-28	
75.0298	333140	3191.35	593.905	60	60000	-1.34231e-45	1.25869e-40	1.96285e-38	-3.3088e-28	
75.7492	330906	3217.08	591.921	60	60000	-8.05198e-46	-3.08825e-41	-6.3308e-39	-2.97035e-28	
76.4686	328656	3243.38	589.907	60	60000	-4.92568e-46	-1.20352e-40	-2.18982e-38	-2.66652e-28	
77.1879	326390	3270.29	587.862	60	60000	-3.32308e-46	-3.3954e-41	-3.61302e-39	-2.39377e-28	
77.9073	324106	3297.82	585.786	60	60000	-2.34415e-46	4.18599e-41	7.11597e-39	-2.14892e-28	
78.6267	321803	3326	583.676	60	60000	-1.51991e-46	6.38274e-41	1.19728e-38	-1.92911e-28	
79.346	319482	3354.86	581.532	60	60000	-8.5543e-47	-4.17096e-42	-2.73346e-39	-1.73179e-28	
80.0654	317140	3384.43	579.353	60	60000	-4.65533e-47	-2.90312e-41	-4.15575e-39	-1.55465e-28	
80.7848	314777	3414.75	577.138	60	60000	-3.14493e-47	-2.90225e-41	-6.06661e-39	-1.39563e-28	
81.5041	312393	3445.84	574.885	60	60000	-2.5469e-47	1.50814e-41	4.46146e-39	-1.25288e-28	
82.2235	309986	3477.75	572.593	60	60000	-1.77515e-47	4.05878e-41	1.24779e-38	-1.12472e-28	
82.9429	307556	3510.51	570.261	60	60000	-9.15709e-48	1.8971e-41	6.85568e-39	-1.00968e-28	
83.6622	305101	3544.16	567.887	60	60000	-4.32852e-48	-7.82976e-42	-1.81566e-39	-9.06402e-29	
84.3816	302621	3578.73	565.472	60	60000	-3.44933e-48	-6.69209e-42	-2.39283e-39	-8.13688e-29	
85.101	300115	3614.28	563.012	60	60000	-3.29752e-48	6.07313e-42	1.47244e-39	-7.30459e-29	
85.8203	297583	3650.84	560.507	60	60000	-2.10544e-48	6.33773e-42	2.01437e-39	-6.55742e-29	
86.5397	295022	3688.46	557.956	60	60000	-7.03596e-49	-2.11995e-42	-4.55067e-40	-5.88668e-29	
87.2591	292434	3727.19	555.358	60	60000	-1.86118e-49	-4.36599e-42	-1.34605e-39	-5.28455e-29	
87.9784	289815	3767.08	552.711	60	60000	-3.64933e-49	2.7656e-43	-1.65198e-41	-4.74401e-29	
88.6978	287167	3808.18	550.013	60	60000	-4.67387e-49	2.70305e-42	8.13409e-40	-4.25876e-29	
89.4172	284488	3850.56	547.265	60	60000	-2.46167e-49	4.28598e-43	1.77477e-40	-3.82315e-29	
90.1365	281777	3894.26	544.464	60	60000	-2.11812e-51	-1.55128e-42	-4.59745e-40	-3.43209e-29	
90.8559	279034	3939.34	541.61	60	60000	3.24117e-50	-6.03729e-43	-2.02346e-40	-3.08103e-29	
91.5753	276258	3985.88	538.701	60	60000	-5.13569e-50	8.14157e-43	2.40205e-40	-2.76588e-29	
92.2946	273448	4033.93	535.737	60	60000	-7.94169e-50	5.50806e-43	1.73768e-40	-2.48297e-29	
93.014	270604	4083.56	532.716	60	60000	-2.84953e-50	-3.73543e-43	-1.10935e-40	-2.22899e-29	
93.7334	267725	4134.85	529.638	60	60000	1.71827e-50	-4.19111e-43	-1.29215e-40	-2.00099e-29	
94.4528	264811	4187.86	526.501	60	60000	1.31545e-50	1.34524e-43	4.11567e-41	-1.79632e-29	
95.1721	261861	4242.67	523.306	60	60000	-1.0295e-50	2.85621e-43	8.75438e-41	-1.61258e-29	
95.9737	258531	4305.96	519.677	60	60000	-2.21286e-50	-3.41805e-44	-9.37067e-42	-1.4299e-29	
96.7752	255156	4371.69	515.973	60	60000	-1.01606e-50	-2.12285e-43	-6.20356e-41	-1.26791e-29	
97.5768	251735	4439.98	512.195	60	60000	2.68966e-51	-3.48964e-44	-7.72245e-42	-1.12427e-29	
98.3784	248269	4510.93	508.344	60	60000	2.37057e-51	1.18565e-43	3.63369e-41	-9.96905e-30	
99.1799	244757	4584.68	504.419	60	60000	-3.54483e-51	4.39511e-44	1.14845e-41	-8.83969e-30	
99.9815	241200	4661.34	500.422	60	60000	-4.4462e-51	-6.36018e-44	-1.99721e-41	-7.83827e-30	
100.783	237599	4741.02	496.353	60	60000	-6.87161e-52	-3.89491e-44	-1.04576e-41	-6.9503e-30	
101.585	233953	4823.85	492.216	60	60000	1.69366e-51	3.15655e-44	1.04481e-41	-6.16292e-30	
102.386	230265	4909.95	488.011	60	60000	7.24468e-52	3.01219e-44	8.29465e-42	-5.46475e-30	
103.273	226136	5009.14	483.285	60	60000	-1.71537e-51	-2.43911e-44	-8.9159e-42	-4.78411e-30	
104.16	221957	5112.62	478.485	60	60000	-2.23478e-51	-4.93222e-44	-1.53506e-41	-4.18824e-30	
105.047	217733	5220.53	473.616	60	60000	-8.30137e-52	-1.88031e-44	-4.91082e-42	-3.66659e-30	
105.933	213466	5332.99	468.686	60	60000	4.198e-52	1.47525e-44	5.08691e-42	-3.20992e-30	
106.82	209159	5450.12	463.702	60	60000	4.27578e-52	1.47548e-44	4.28831e-42	-2.81012e-30	
107.707	204816	5572.01	458.672	60	60000	-1.71768e-52	-3.77453e-45	-1.60322e-42	-2.46011e-30	
108.697	199932	5713.79	453.014	60	60000	-6.02901e-52	-1.8408e-44	-5.58272e-42	-2.12063e-30	
109.687	195016	5861.64	447.325	60	60000	-3.45404e-52	-9.29174e-45	-2.23467e-42	-1.82799e-30	
110.677	190077	6015.57	441.619	60	60000	1.22465e-52	5.3694e-45	2.07523e-42	-1.57574e-30	
111.667	185124	6175.53	435.914	60	60000	2.84524e-52	9.80275e-45	3.00335e-42	-1.35829e-30	
112.657	180165	6341.41	430.225	60	60000	1.00269e-52	1.15273e-45	5.55238e-46	-1.17085e-30	
113.647	175211	6513.04	424.571	60	60000	-1.08267e-52	-4.79569e-45	-1.55029e-42	-1.00928e-30	
114.77	169611	6714.34	418.22	60	60000	-1.09527e-52	-1.76407e-45	-2.85675e-43	-8.52843e-31	
115.893	164045	6922.25	411.959	60	60000	2.87844e-53	2.79971e-45	9.607e-43	-7.20654e-31	
117.015	158531	7136.2	405.811	60	60000	7.2113e-53	1.30401e-45	2.48523e-43	-6.08954e-31	
118.138	153082	7355.5	399.796	60	60000	4.7218e-54	-1.63529e-45	-5.7528e-43	-5.14567e-31	
119.261	147715	7579.39	393.931	60	60000	-4.37248e-53	-9.87656e-46	-2.0247e-43	-4.3481e-31	
120.384	142445	7807.01	388.232	60	60000	-2.05906e-53	8.95137e-46	3.33645e-43	-3.67415e-31	
121.685	136476	8074.25	381.849	60	60000	5.00064e-53	2.6465e-45	7.19478e-43	-3.02273e-31	
122.986	130675	8343.82	375.713	60	60000	7.33807e-53	1.13686e-45	1.48676e-43	-2.48681e-31	
124.287	125058	8614.22	369.829	60	60000	3.26767e-53	-5.47515e-46	-2.26568e-43	-2.04591e-31	
125.588	119639	8884.02	364.196	60	60000	-1.47108e-53	-1.08972e-45	-3.02119e-43	-1.68318e-31	
126.89	114429	9151.85	358.804	60	60000	-2.29744e-53	1.21994e-46	1.23666e-43	-1.38476e-31	
128.191	109437	9416.45	353.644	60	60000	-1.21133e-54	5.09793e-46	1.2377e-43	-1.13924e-31	
129.637	104150	9705.36	348.162	60	60000	2.38554e-53	1.22294e-45	4.67472e-43	-9.17138e-32	
131.083	99140.9	9987.62	342.921	60	60000	2.01571e-53	-5.97158e-46	-2.90226e-43	-7.38343e-32	
132.529	94408.6	10262.2	337.897	60	60000	1.65505e-55	4.79165e-46	4.1105e-43	-5.94406e-32	
133.974	89949	10528.3	333.062	60	60000	-5.76504e-54	2.33624e-45	1.26395e-42	-4.78524e-32	
135.42	85755.6	10785.5	328.39	60	60000	-9.01859e-55	4.05524e-45	2.08373e-42	-3.85231e-32	
136.866	81819.5	11033.3	323.856	60	60000	1.1158e-53	7.73995e-46	1.89915e-43	-3.10129e-32	
138.312	78129.9	11271.7	319.439	60	60000	6.27064e-54	5.53607e-46	4.28824e-43	-2.4967e-32	
139.758	74675.2	11500.7	315.119	60	60000	-7.07726e-54	2.69979e-45	1.79498e-42	-2.00997e-32	
141.204	71442.6	11720.4	310.877	60	60000	-8.28115e-54	1.84809e-45	1.04716e-42	-1.61811e-32	
142.939	67838	11972.4	305.871	60	60000	5.67185e-55	2.64701e-46	-2.07096e-43	-1.24734e-32	
144.675	64511.7	12212.2	300.937	60	60000	3.88028e-54	3.28535e-46	6.68355e-44	-9.61564e-33	
146.41	61441.3	12440.4	296.06	60	60000	1.06937e-54	8.97551e-46	6.13411e-43	-7.41291e-33	
148.145	58604.9	12657.9	291.226	60	60000	-4.48561e-54	1.25649e-45	1.03789e-42	-5.71479e-33	
149.881	55981.7	12865.6	286.427	60	60000	-3.23494e-54	5.80984e-47	-8.1245e-44	-4.40557e-33	
151.616	53552.1	13064.3	281.657	60	60000	-5.33872e-55	-1.20786e-46	1.85281e-45	-3.39625e-33	
153.351	51298	13254.7	276.911	60	60000	2.75305e-54	-7.40206e-46	-7.8835e-43	-2.61822e-33	
155.087	49202.5	13437.7	272.186	60	60000	5.5407e-55	6.6289e-46	8.4939e-43	-2.01845e-33	
156.822	47250.2	13614	267.479	60	60000	-1.2827e-55	-4.60753e-46	-7.94424e-43	-1.55607e-33	
158.756	45225.9	13803.4	262.253	60	60000	8.48259e-55	-1.26202e-45	-1.67395e-42	-1.16443e-33	
160.69	43344.5	13986.3	257.045	60	60000	1.28336e-54	-3.00235e-46	-2.66149e-43	-8.71378e-34	
162.624	41590.1	14163.3	251.853	60	60000	2.40044e-55	4.69161e-46	6.132e-43	-6.5209e-34	
164.558	39948.8	14335.4	246.675	60	60000	-5.1759e-55	5.44955e-47	-1.32617e-44	-4.87986e-34	
166.492	38408	14503.1	241.508	60	60000	-1.73264e-55	-2.87172e-46	-3.62023e-43	-3.65175e-34	
168.426	36956.8	14667.1	236.35	60	60000	2.85152e-55	-3.90005e-48	5.17102e-44	-2.7327e-34	
171.508	34804.9	14922	228.138	60	60000	5.59908e-55	7.78071e-46	1.02039e-42	-1.72359e-34	
174.59	32821.9	15170.8	219.923	60	60000	-1.23836e-55	3.411e-46	3.60322e-43	-1.08998e-34	
177.672	30979.4	15415.2	211.692	60	60000	-3.63498e-55	-2.54087e-46	-3.38227e-43	-6.90493e-35	
180.18	29568.1	15611.9	204.972	60	60000	2.20083e-55	6.34489e-46	8.81226e-43	-4.74449e-35	
182.687	28224.1	15807.4	198.224	60	60000	2.0691e-55	6.37448e-46	7.49114e-43	-3.24866e-35	
185.195	26938.5	16002.4	191.44	60	60000	-4.98977e-55	-1.16083e-45	-1.66898e-42	-2.22995e-35	
187.702	25703.7	16197.5	184.616	60	60000	-2.95667e-55	-8.94844e-46	-1.00605e-42	-1.53808e-35	
190.209	24513.4	16393.2	177.75	60	60000	6.90805e-55	2.11486e-45	3.05925e-42	-1.05854e-35	
192.717	23362.4	16589.9	170.843	60	60000	3.26985e-55	1.0712e-45	1.0565e-42	-7.229e-36	
195.224	22246.3	16788.1	163.898	60	60000	-9.30465e-55	-3.81157e-45	-5.52026e-42	-4.93801e-36	
195.636	22066	16820.8	162.754	60	60000	-7.78677e-55	-2.99816e-45	-4.16936e-42	-4.64403e-36	
196.048	21886.6	16853.5	161.61	60	60000	-5.2281e-55	-1.55679e-45	-2.04079e-42	-4.36646e-36	
196.46	21708	16886.4	160.464	60	60000	-3.13183e-55	-5.37273e-46	-6.26071e-43	-4.10468e-36	
196.872	21530.2	16919.2	159.318	60	60000	-1.96889e-55	-1.88585e-46	-1.98645e-43	-3.85846e-36	
197.283	21353.2	16952.1	158.172	60	60000	-1.40653e-55	-1.68882e-46	-2.1071e-43	-3.6272e-36	
198.107	21001.6	17018.1	155.877	60	60000	-1.57294e-55	-6.86912e-46	-9.59707e-43	-3.20591e-36	
198.931	20653.1	17084.4	153.582	60	60000	-1.44511e-55	-6.58256e-46	-8.91145e-43	-2.83369e-36	
199.755	20307.6	17150.8	151.285	60	60000	-9.24041e-56	-3.11037e-46	-3.93392e-43	-2.50461e-36	
200.579	19965.1	17217.5	148.988	60	60000	-4.25718e-56	-5.42999e-47	-4.92851e-44	-2.21367e-36	
201.775	19472.6	17314.7	145.653	60	60000	6.04341e-57	1.45004e-46	2.08077e-43	-1.85002e-36	
202.972	18986.2	17412.5	142.323	60	60000	2.62753e-56	8.31301e-47	7.6092e-44	-1.54575e-36	
204.169	18505.7	17510.7	138.999	60	60000	2.31206e-56	1.70721e-47	-7.52003e-45	-1.29142e-36	
205.365	18031.2	17609.4	135.686	60	60000	1.09029e-56	-4.80833e-47	-9.84323e-44	-1.07901e-36	
206.562	17562.5	17708.6	132.387	60	60000	1.37286e-57	-3.20315e-48	7.40956e-45	-9.01647e-37	
208.589	16782.4	17877.6	126.844	60	60000	-2.19706e-57	1.15696e-47	1.73147e-44	-6.65217e-37	
210.616	16019.8	18047.7	121.373	60	60000	1.91639e-57	3.96733e-48	-5.64789e-45	-4.90611e-37	
212.642	15275.3	18218.6	115.999	60	60000	2.7017e-57	-3.93753e-48	-9.58406e-45	-3.61672e-37	
214.669	14549.9	18390.2	110.746	60	60000	4.89435e-58	-2.08175e-48	-2.89149e-47	-2.66571e-37	
216.283	13986.6	18527	106.665	60	60000	1.08601e-58	1.24186e-48	-1.59996e-45	-2.09178e-37	
217.898	13436.7	18663.7	102.691	60	60000	7.382e-58	-2.28233e-49	-5.97993e-45	-1.642e-37	
219.512	12900.9	18800.2	98.8349	60	60000	5.60202e-58	-2.67774e-48	-1.34293e-45	-1.28889e-37	
221.126	12380	18936.2	95.11	60	60000	-3.34485e-58	-5.13759e-49	5.6695e-45	-1.01151e-37	
222.74	11874.7	19071.3	91.5273	60	60000	-4.95767e-58	2.69919e-48	2.03595e-45	-7.93764e-38	
224.354	11385.8	19205.3	88.0969	60	60000	1.6703e-58	8.80417e-49	-5.69709e-45	-6.22943e-38	
225.969	10913.9	19337.9	84.8272	60	60000	4.1666e-58	-2.6762e-48	-2.55171e-45	-4.88931e-38	
227.583	10459.6	19468.8	81.7251	60	60000	-6.83825e-59	-1.15932e-48	5.94564e-45	-3.8375e-38	
229.197	10023.5	19597.8	78.7956	60	60000	-3.48764e-58	2.6991e-48	3.2627e-45	-3.01179e-38	
230.811	9606.09	19724.4	76.0418	60	60000	-4.58002e-60	1.48426e-48	-6.1203e-45	-2.36366e-38	
232.425	9207.72	19848.5	73.4646	60	60000	2.79791e-58	-2.68778e-48	-4.05804e-45	-1.85504e-38	
234.04	8828.64	19969.8	71.0631	60	60000	5.25823e-59	-1.83063e-48	6.2156e-45	-1.45591e-38	
235.654	8468.96	20088	68.8346	60	60000	-2.131e-58	2.63472e-48	4.90659e-45	-1.14267e-38	
237.268	8128.68	20202.9	66.7747	60	60000	-7.75648e-59	2.18515e-48	-6.24967e-45	-8.96802e-39	
238.882	7807.68	20314.4	64.8776	60	60000	1.55384e-58	-2.54465e-48	-5.82289e-45	-7.03832e-39	
240.215	7556.99	20403.6	63.4291	60	60000	1.27813e-58	-2.4639e-48	1.23906e-46	-5.76252e-39	
241.548	7319.08	20490.4	62.0825	60	60000	1.9343e-59	-2.32956e-49	1.57225e-45	-4.71804e-39	
242.88	7093.69	20574.4	60.833	60	60000	-2.66832e-59	6.22207e-49	2.97734e-47	-3.86284e-39	
244.213	6880.53	20655.9	59.6757	60	60000	-9.55933e-60	1.24622e-49	-6.6405e-46	-3.1626e-39	
245.546	6679.26	20734.6	58.6056	60	60000	1.04038e-59	-2.45877e-49	-1.51866e-46	-2.58929e-39	
246.879	6489.54	20810.6	57.6176	60	60000	8.83291e-60	-1.08627e-49	2.30034e-46	-2.11992e-39	
248.211	6310.96	20883.9	56.7064	60	60000	-4.61644e-61	7.25838e-50	1.07769e-46	-1.73564e-39	
249.544	6143.1	20954.4	55.867	60	60000	-3.58261e-60	5.95104e-50	-6.58964e-47	-1.42103e-39	
251.851	5876.67	21070.1	54.5696	60	60000	3.25288e-60	-1.36207e-49	-1.3034e-46	-1.005e-39	
254.157	5638.76	21177.9	53.4485	60	60000	1.97231e-59	-3.47426e-49	1.99393e-46	-7.11198e-40	
255.923	5474.44	21255.1	52.6953	60	60000	-1.25807e-59	5.61732e-49	-4.31073e-46	-5.4593e-40	
257.689	5324.41	21328	52.023	60	60000	-3.72036e-59	9.71387e-49	-7.40063e-46	-4.18889e-40	
259.455	5187.64	21396.5	51.4231	60	60000	4.90986e-60	-5.42581e-49	5.46223e-46	-3.21288e-40	
261.221	5063.14	21461	50.8879	60	60000	4.39848e-59	-1.3243e-48	1.19131e-45	-2.46504e-40	
262.68	4968.87	21511.2	50.4897	60	60000	1.86405e-59	-2.28456e-49	2.06609e-46	-1.98114e-40	
264.139	4881.79	21558.8	50.1273	60	60000	-9.78424e-60	3.87352e-49	-3.32481e-46	-1.5921e-40	
265.597	4801.41	21603.9	49.7974	60	60000	-6.05714e-60	-1.48971e-50	2.26725e-47	-1.2791e-40	
267.056	4727.26	21646.7	49.497	60	60000	7.62858e-60	-2.74368e-49	2.33431e-46	-1.02757e-40	
268.515	4658.89	21687.1	49.2235	60	60000	5.6438e-60	3.06837e-51	-1.51698e-47	-8.25654e-41	
269.973	4595.88	21725.2	48.9743	60	60000	-3.69906e-60	1.70607e-49	-1.4465e-46	-6.6352e-41	
271.739	4526.22	21768.6	48.702	60	60000	-1.66664e-59	3.29346e-49	-2.71997e-46	-5.09272e-41	
273.505	4463.17	21809.1	48.4584	60	60000	-1.08176e-59	-1.28086e-49	1.52051e-46	-3.90811e-41	
275.271	4406.14	21846.8	48.2405	60	60000	1.47143e-61	-5.9835e-50	3.09866e-47	-2.99856e-41	
277.036	4354.56	21881.9	48.0454	60	60000	7.53149e-60	-3.22517e-49	3.16752e-46	-2.30095e-41	
278.802	4307.92	21914.6	47.8705	60	60000	1.56784e-60	3.62068e-49	-4.01478e-46	-1.76592e-41	
280.568	4265.75	21945	47.7137	60	60000	-1.91478e-60	-3.10684e-49	4.00902e-46	-1.3555e-41	
281.989	4234.78	21967.9	47.5993	60	60000	-1.06213e-60	-2.95089e-49	3.25263e-46	-1.09537e-41	
283.41	4206.22	21989.4	47.4944	60	60000	-8.6166e-62	-7.16827e-50	7.21233e-47	-8.85017e-42	
284.831	4179.89	22009.7	47.3981	60	60000	7.72118e-62	1.46072e-49	-1.72052e-46	-7.14984e-42	
286.252	4155.61	22028.8	47.3098	60	60000	-1.19203e-61	9.20345e-50	-9.49575e-47	-5.77631e-42	
287.674	4133.23	22046.8	47.2287	60	60000	-2.0311e-61	-1.87111e-51	6.83221e-48	-4.66678e-42	
289.841	4102.4	22072.2	47.1175	60	60000	-9.64729e-62	-9.45942e-50	1.04609e-46	-3.36965e-42	
292.009	4075.15	22095.4	47.0197	60	60000	8.05946e-62	-2.59694e-50	2.45006e-47	-2.43164e-42	
294.176	4051.06	22116.5	46.9337	60	60000	7.70005e-62	2.43636e-50	-2.73581e-47	-1.75414e-42	
296.344	4029.74	22135.6	46.8578	60	60000	-6.07476e-63	8.68225e-51	-7.54085e-48	-1.26547e-42	
298.512	4010.89	22153.1	46.7909	60	60000	-2.77845e-62	-8.61838e-51	9.75686e-48	-9.1311e-43	
301.183	3990.59	22172.4	46.7191	60	60000	-4.39846e-63	-1.94459e-50	2.07538e-47	-6.10863e-43	
303.854	3973.12	22189.5	46.6575	60	60000	5.83608e-62	1.57108e-50	-2.15407e-47	-4.09968e-43	
306.525	3958.06	22204.8	46.6045	60	60000	7.14189e-62	1.55952e-50	-1.84176e-47	-2.76676e-43	
309.196	3945.07	22218.3	46.5588	60	60000	3.97001e-62	1.73813e-50	-2.36959e-47	-1.86959e-43	
311.867	3933.85	22230.3	46.5195	60	60000	-6.2414e-63	-1.88521e-50	2.45002e-47	-1.25706e-43	
314.538	3924.15	22240.9	46.4855	60	60000	-8.32632e-63	7.74063e-51	-1.42665e-47	-8.39682e-44	
318.204	3912.94	22253.5	46.4462	60	60000	9.28156e-63	7.07895e-51	-9.55259e-48	-4.84202e-44	
321.871	3903.74	22264.2	46.414	60	60000	7.57365e-63	-3.33119e-51	5.64176e-48	-2.8717e-44	
325.538	3896.17	22273.3	46.3875	60	60000	-5.63155e-63	-2.42888e-51	2.54239e-48	-1.7329e-44	
329.204	3889.94	22280.9	46.3657	60	60000	-3.61957e-63	2.14181e-51	-3.2941e-48	-1.01287e-44	
332.871	3884.8	22287.4	46.3477	60	60000	4.34688e-63	5.26913e-52	-1.44755e-49	-5.64403e-45	
336.538	3880.56	22292.8	46.3328	60	60000	2.07252e-63	-1.25436e-51	1.71681e-48	-3.21754e-45	
341.354	3876.08	22298.7	46.3171	60	60000	-4.33774e-63	-1.01197e-51	7.02692e-49	-1.9898e-45	
346.171	3872.58	22303.4	46.3048	60	60000	-1.96724e-63	6.99034e-52	-9.73538e-49	-1.41436e-45	
350.988	3869.84	22307.2	46.2952	60	60000	2.3783e-63	1.90013e-52	-5.68858e-51	-7.34972e-46	
355.805	3867.69	22310.2	46.2876	60	60000	6.10048e-64	-3.83751e-52	4.20916e-49	-1.89343e-46	
360.622	3866	22312.6	46.2817	60	60000	-1.48931e-63	4.58172e-53	-1.50337e-49	-4.78868e-47	
365.439	3864.67	22314.5	46.277	60	60000	-1.25819e-64	1.6433e-52	-1.38441e-49	-1.24369e-46	
371.274	3863.44	22316.4	46.2727	60	60000	3.90699e-63	1.22426e-51	-6.86982e-49	-2.59717e-46	
377.109	3862.51	22317.7	46.2694	60	60000	4.93021e-63	-1.24842e-51	1.71714e-48	-1.96767e-46	
382.944	3861.81	22318.8	46.2669	60	60000	8.78008e-64	2.66464e-51	-2.43173e-48	-2.23828e-47	
388.779	3861.28	22319.6	46.2651	60	60000	-1.93516e-63	-7.02817e-51	6.68496e-48	5.78289e-47	
394.614	3860.88	22320.2	46.2637	60	60000	-2.92653e-63	1.52903e-50	-1.53956e-47	4.70469e-47	
400.45	3860.58	22320.7	46.2626	60	60000	-2.2044e-63	-3.37812e-50	3.43417e-47	-6.90499e-47	
408.495	3860.29	22321.1	46.2616	60	60000	-4.46065e-64	-1.06594e-50	1.03066e-47	-5.92842e-47	
416.54	3860.09	22321.4	46.2608	60	60000	-7.1078e-63	8.14547e-51	-8.00925e-48	2.2544e-47	
424.585	3859.95	22321.6	46.2604	60	60000	2.05419e-63	-1.49437e-51	1.69025e-48	3.73135e-47	
432.63	3859.85	22321.8	46.26	60	60000	3.86971e-63	-2.57746e-51	2.32882e-48	2.35584e-48	
440.675	3859.79	22321.9	46.2598	60	60000	-1.90142e-63	1.79152e-51	-1.7594e-48	-1.85738e-47	
448.72	3859.75	22322	46.2596	60	60000	-1.96597e-63	2.8799e-52	-1.62855e-49	-6.49419e-48	
460.181	3859.71	22322	46.2595	60	60000	1.04525e-63	-1.74734e-51	1.74614e-48	4.08006e-47	
471.642	3859.68	22322.1	46.2594	60	60000	4.28133e-64	-2.20833e-52	1.42351e-49	3.72727e-47	
480	3859.67	22322.1	46.2594	60	60000	-5.3717e-63	1.05029e-51	-2.65982e-49	-1.83213e-48	
