# Time	[Z]	[mu2]	[mZ]	[mF]	[F]	[mP]	[PE]	[PG]	[PM]	[STAT]	(R3).Flux	(R4).Flux	(R5).Flux	(R6).Flux	
0	732088	1239.77	971.432	538.299	538299	540.93	27402.4	25575.5	306907	40339.9	1.49643e-10	4.40746e-11	1.18897e-11	5.88889e-11	
1e-09	732088	1239.77	971.432	538.299	538299	540.93	27402.4	25575.5	306907	40339.9	1.49643e-10	4.40746e-11	1.18897e-11	5.88889e-11	
2e-09	732088	1239.77	971.432	538.299	538299	540.93	27402.4	25575.5	306907	40339.9	1.49643e-10	4.40746e-11	1.18897e-11	5.88889e-11	
1.0002e-05	732088	1239.77	971.431	538.297	538299	540.93	27402.4	25575.5	306907	40339.9	1.49643e-10	4.40746e-11	1.18897e-11	5.88889e-11	
2.0002e-05	732088	1239.77	971.43	538.294	538299	540.93	27402.4	25575.5	306907	40339.9	1.49643e-10	4.40745e-11	1.18897e-11	5.8889e-11	
3.0002e-05	732088	1239.77	971.429	538.292	538299	540.93	27402.4	25575.5	306907	40339.9	1.49643e-10	4.40745e-11	1.18897e-11	5.8889e-11	
0.000130002	732088	1239.77	971.418	538.268	538299	540.93	27402.4	25575.5	306907	40339.9	1.49643e-10	4.40743e-11	1.18897e-11	5.88891e-11	
0.000230002	732088	1239.77	971.407	538.244	538299	540.93	27402.4	25575.5	306907	40339.9	1.49643e-10	4.4074e-11	1.18898e-11	5.88893e-11	
0.000330002	732088	1239.78	971.396	538.22	538299	540.93	27402.4	25575.5	306907	40339.9	1.49643e-10	4.40738e-11	1.18898e-11	5.88895e-11	
0.000430002	732088	1239.78	971.385	538.196	538299	540.93	27402.4	25575.5	306907	40339.9	1.49643e-10	4.40735e-11	1.18898e-11	5.88896e-11	
0.00143	732088	1239.82	971.275	537.957	538299	540.93	27402.4	25575.5	306907	40339.9	1.49643e-10	4.40711e-11	1.18903e-11	5.88913e-11	
0.00243	732088	1239.85	971.164	537.718	538299	540.93	27402.4	25575.5	306907	40339.9	1.49643e-10	4.40687e-11	1.18907e-11	5.88929e-11	
0.00343	732088	1239.89	971.054	537.479	538299	540.93	27402.4	25575.5	306907	40339.9	1.49643e-10	4.40663e-11	1.18912e-11	5.88946e-11	
0.00443	732088	1239.92	970.944	537.241	538299	540.93	27402.4	25575.5	306907	40339.9	1.49643e-10	4.40639e-11	1.18916e-11	5.88962e-11	
0.01443	732087	1240.27	969.847	534.86	538296	540.93	27402.4	25575.5	306907	40339.9	1.49643e-10	4.40399e-11	1.18961e-11	5.89128e-11	
0.02443	732086	1240.62	968.755	532.492	538292	540.93	27402.3	25575.5	306907	40339.9	1.49644e-10	4.40162e-11	1.19005e-11	5.89293e-11	
0.03443	732083	1240.96	967.669	530.136	538285	540.93	27402.3	25575.5	306907	40339.9	1.49644e-10	4.39927e-11	1.1905e-11	5.89458e-11	
0.04443	732080	1241.31	966.589	527.791	538276	540.929	27402.2	25575.5	306907	40339.9	1.49644e-10	4.39693e-11	1.19094e-11	5.89624e-11	
0.05443	732075	1241.66	965.515	525.458	538264	540.929	27402.1	25575.5	306907	40339.9	1.49645e-10	4.39463e-11	1.19139e-11	5.89789e-11	
0.15443	731986	1245.14	955.084	502.757	538022	540.921	27400.2	25575.4	306907	40339.9	1.49655e-10	4.37269e-11	1.19582e-11	5.91443e-11	
0.25443	731816	1248.63	945.198	481.163	537563	540.905	27396.7	25574.8	306907	40339.9	1.49674e-10	4.35278e-11	1.20025e-11	5.93097e-11	
0.35443	731570	1252.11	935.827	460.623	536899	540.882	27391.9	25573.7	306906	40339.9	1.49703e-10	4.3348e-11	1.20466e-11	5.94752e-11	
0.45443	731253	1255.59	926.943	441.084	536041	540.852	27385.8	25571.9	306906	40339.9	1.49739e-10	4.31866e-11	1.20907e-11	5.96406e-11	
0.55443	730870	1259.07	918.52	422.499	535003	540.814	27378.6	25569.4	306905	40339.9	1.49783e-10	4.30426e-11	1.21346e-11	5.9806e-11	
0.745739	729965	1265.72	903.605	389.431	532552	540.724	27362.1	25562.4	306902	40339.9	1.49888e-10	4.28125e-11	1.22181e-11	6.01219e-11	
0.937048	728858	1272.36	890.128	359.379	529550	540.61	27342.8	25552.6	306896	40339.9	1.50017e-10	4.26372e-11	1.23011e-11	6.04372e-11	
1.12836	727571	1278.98	877.946	332.069	526062	540.475	27321	25540	306886	40339.9	1.50167e-10	4.25116e-11	1.23834e-11	6.07514e-11	
1.31967	726127	1285.57	866.93	307.25	522146	540.319	27297.3	25524.9	306872	40339.9	1.50338e-10	4.2431e-11	1.2465e-11	6.10645e-11	
1.51098	724545	1292.13	856.962	284.696	517856	540.143	27271.8	25507.4	306853	40339.9	1.50526e-10	4.2391e-11	1.25459e-11	6.13762e-11	
1.69858	722876	1298.53	848.105	264.577	513332	539.952	27245.4	25488.3	306829	40339.9	1.50726e-10	4.23876e-11	1.26245e-11	6.16802e-11	
1.88618	721105	1304.9	840.065	246.26	508536	539.746	27217.8	25467.5	306799	40339.9	1.5094e-10	4.24161e-11	1.27024e-11	6.19827e-11	
2.07378	719245	1311.23	832.764	229.584	503504	539.523	27189.2	25445.1	306762	40339.9	1.51167e-10	4.24736e-11	1.27794e-11	6.22833e-11	
2.26138	717308	1317.52	826.127	214.4	498269	539.285	27159.6	25421.3	306718	40339.9	1.51406e-10	4.25572e-11	1.28557e-11	6.2582e-11	
2.44898	715305	1323.76	820.09	200.575	492862	539.033	27129.2	25396.3	306668	40339.9	1.51656e-10	4.26644e-11	1.29311e-11	6.28787e-11	
2.73474	712146	1333.19	811.915	181.859	484357	538.624	27081.5	25356.2	306578	40339.9	1.52055e-10	4.28678e-11	1.30444e-11	6.33266e-11	
3.0205	708884	1342.52	804.813	165.635	475600	538.186	27032.3	25314	306471	40339.9	1.52475e-10	4.31133e-11	1.31557e-11	6.37695e-11	
3.30626	705542	1351.73	798.627	151.57	466664	537.72	26981.8	25270	306346	40339.9	1.52913e-10	4.33946e-11	1.32651e-11	6.42072e-11	
3.59202	702142	1360.83	793.224	139.378	457611	537.227	26930.3	25224.6	306204	40339.9	1.53366e-10	4.37061e-11	1.33723e-11	6.46394e-11	
3.87778	698702	1369.82	788.49	128.81	448493	536.71	26877.7	25177.8	306045	40339.9	1.53833e-10	4.40431e-11	1.34775e-11	6.50663e-11	
4.16354	695235	1378.69	784.327	119.648	439354	536.168	26824.2	25130	305869	40339.9	1.54313e-10	4.44014e-11	1.35806e-11	6.54877e-11	
4.52336	690853	1389.7	779.772	109.827	427875	535.451	26755.7	25068.3	305623	40339.9	1.54933e-10	4.48776e-11	1.37075e-11	6.60105e-11	
4.88318	686469	1400.52	775.854	101.623	416484	534.697	26685.9	25005.2	305351	40339.9	1.55569e-10	4.53759e-11	1.3831e-11	6.65248e-11	
5.243	682100	1411.17	772.46	94.7694	405231	533.903	26614.9	24940.9	305052	40339.9	1.56218e-10	4.58914e-11	1.39511e-11	6.70305e-11	
5.60282	677760	1421.64	769.497	89.0444	394154	533.071	26542.8	24875.4	304729	40339.9	1.56878e-10	4.642e-11	1.40678e-11	6.75279e-11	
5.96264	673458	1431.94	766.888	84.2621	383283	532.198	26469.4	24808.7	304381	40339.9	1.57548e-10	4.69583e-11	1.41811e-11	6.80172e-11	
6.32245	669202	1442.07	764.572	80.2673	372642	531.282	26394.7	24740.8	304008	40339.9	1.58228e-10	4.75035e-11	1.4291e-11	6.84985e-11	
6.68227	664999	1452.05	762.498	76.9302	362247	530.321	26318.7	24671.7	303612	40339.9	1.58915e-10	4.80533e-11	1.43973e-11	6.89721e-11	
6.85443	663008	1456.76	761.578	75.5338	357365	529.845	26281.8	24638.2	303415	40339.9	1.59247e-10	4.83174e-11	1.44469e-11	6.91961e-11	
7.02659	661031	1461.44	760.7	74.2526	352544	529.357	26244.5	24604.4	303212	40339.9	1.5958e-10	4.85821e-11	1.44957e-11	6.94184e-11	
7.19875	659068	1466.09	759.86	73.0771	347783	528.858	26206.9	24570.3	303004	40339.9	1.59914e-10	4.8847e-11	1.45437e-11	6.96391e-11	
7.37091	657119	1470.7	759.055	71.9985	343085	528.346	26168.9	24535.9	302790	40339.9	1.6025e-10	4.91121e-11	1.45909e-11	6.98581e-11	
7.54307	655184	1475.28	758.282	71.0089	338450	527.823	26130.4	24501.1	302572	40339.9	1.60587e-10	4.93772e-11	1.46372e-11	7.00756e-11	
7.71523	653264	1479.82	757.539	70.1009	333877	527.286	26091.6	24466	302348	40339.9	1.60925e-10	4.96423e-11	1.46827e-11	7.02915e-11	
7.94564	650718	1485.85	756.585	69.0017	327856	526.548	26038.9	24418.5	302041	40339.9	1.61379e-10	4.99969e-11	1.47422e-11	7.05781e-11	
8.17606	648199	1491.83	755.674	68.0221	321948	525.785	25985.4	24370.2	301725	40339.9	1.61835e-10	5.03509e-11	1.48002e-11	7.0862e-11	
8.40648	645708	1497.75	754.802	67.1491	316154	524.996	25931	24321.3	301400	40339.9	1.62292e-10	5.07043e-11	1.48566e-11	7.11433e-11	
8.6369	643243	1503.62	753.963	66.3712	310473	524.18	25875.7	24271.5	301065	40339.9	1.62752e-10	5.10568e-11	1.49114e-11	7.14221e-11	
8.86732	640807	1509.44	753.155	65.6779	304905	523.337	25819.4	24221	300722	40339.9	1.63212e-10	5.14085e-11	1.49646e-11	7.16985e-11	
9.10562	638316	1515.41	752.348	65.0401	299263	522.434	25760	24167.8	300357	40339.9	1.6369e-10	5.1771e-11	1.50179e-11	7.19818e-11	
9.34393	635854	1521.32	751.568	64.4739	293741	521.498	25699.5	24113.6	299982	40339.9	1.64169e-10	5.21324e-11	1.50694e-11	7.22627e-11	
9.58223	633423	1527.18	750.811	63.9714	288336	520.528	25637.7	24058.4	299598	40339.9	1.64649e-10	5.24925e-11	1.51191e-11	7.25411e-11	
9.82054	631020	1533	750.075	63.5253	283047	519.523	25574.5	24002.1	299203	40339.9	1.65131e-10	5.28513e-11	1.51669e-11	7.28173e-11	
10.0588	628646	1538.76	749.359	63.1293	277873	518.48	25510	23944.7	298798	40339.9	1.65613e-10	5.32087e-11	1.52127e-11	7.30912e-11	
10.4947	624380	1549.19	748.091	62.5165	268701	516.474	25388.1	23836.4	298032	40339.9	1.66497e-10	5.38588e-11	1.52916e-11	7.35866e-11	
10.9305	620209	1559.48	746.872	62.0238	259896	514.329	25260.9	23723.6	297230	40339.9	1.67384e-10	5.45043e-11	1.53636e-11	7.40751e-11	
11.3664	616131	1569.63	745.693	61.6275	251448	512.036	25127.8	23605.9	296391	40339.9	1.68273e-10	5.5145e-11	1.54287e-11	7.45573e-11	
11.8022	612145	1579.65	744.549	61.3088	243346	509.586	24988.4	23482.9	295514	40339.9	1.69163e-10	5.57813e-11	1.54863e-11	7.50334e-11	
12.2381	608248	1589.56	743.434	61.0525	235576	506.968	24842.2	23354.1	294596	40339.9	1.70054e-10	5.64132e-11	1.55364e-11	7.5504e-11	
12.6739	604439	1599.36	742.344	60.8464	228129	504.174	24688.8	23219.1	293637	40339.9	1.70947e-10	5.70409e-11	1.55784e-11	7.59694e-11	
13.102	600780	1608.88	741.295	60.6834	221116	501.25	24530.6	23080	292652	40339.9	1.71823e-10	5.76536e-11	1.56117e-11	7.64217e-11	
13.53	597201	1618.31	740.265	60.5517	214391	498.137	24364.5	22934.1	291621	40339.9	1.72701e-10	5.82628e-11	1.56367e-11	7.68696e-11	
13.958	593700	1627.65	739.252	60.4454	207943	494.83	24190.1	22781	290544	40339.9	1.73578e-10	5.88688e-11	1.56531e-11	7.73135e-11	
14.386	590275	1636.92	738.253	60.3596	201761	491.319	24007	22620.3	289416	40339.9	1.74455e-10	5.94718e-11	1.56608e-11	7.77538e-11	
14.814	586922	1646.12	737.267	60.2903	195835	487.6	23814.9	22451.6	288235	40339.9	1.75332e-10	6.00722e-11	1.56593e-11	7.81907e-11	
15.4242	582265	1659.12	735.882	60.214	187809	481.926	23524.9	22196.6	286455	40339.9	1.76581e-10	6.09243e-11	1.5641e-11	7.88082e-11	
16.0344	577746	1672.01	734.517	60.1577	180254	475.805	23215.2	21924	284553	40339.9	1.77829e-10	6.17724e-11	1.56032e-11	7.94203e-11	
16.6446	573358	1684.8	733.17	60.1162	173144	469.231	22885.4	21633.1	282523	40339.9	1.79076e-10	6.26176e-11	1.55454e-11	8.00278e-11	
17.2548	569097	1697.5	731.838	60.0857	166452	462.204	22535.1	21323.3	280354	40339.9	1.80321e-10	6.34607e-11	1.54674e-11	8.06313e-11	
17.865	564956	1710.14	730.518	60.0631	160155	454.73	22164.4	20994.7	278040	40339.9	1.81564e-10	6.43024e-11	1.53692e-11	8.12315e-11	
18.4993	560772	1723.21	729.159	60.046	154003	446.504	21758	20633	275473	40339.9	1.82854e-10	6.51767e-11	1.52459e-11	8.18527e-11	
19.1336	556706	1736.25	727.809	60.0335	148228	437.834	21330.8	20251.5	272733	40339.9	1.84142e-10	6.60512e-11	1.51014e-11	8.24717e-11	
19.7678	552751	1749.25	726.467	60.0244	142808	428.752	20884.1	19850.8	269817	40339.9	1.85428e-10	6.69266e-11	1.49366e-11	8.30892e-11	
20.4021	548903	1762.22	725.132	60.0178	137720	419.299	20419.4	19432.2	266718	40339.9	1.86712e-10	6.78036e-11	1.47525e-11	8.37056e-11	
21.0364	545154	1775.19	723.803	60.013	132945	409.522	19938.7	18997.1	263436	40339.9	1.87995e-10	6.86828e-11	1.45505e-11	8.43216e-11	
21.6706	541500	1788.16	722.477	60.0094	128462	399.472	19444.3	18547.5	259969	40339.9	1.89277e-10	6.95645e-11	1.43323e-11	8.49374e-11	
22.3049	537936	1801.12	721.154	60.0069	124255	389.208	18938.7	18085.5	256321	40339.9	1.90557e-10	7.04494e-11	1.40997e-11	8.55534e-11	
22.9392	534456	1814.1	719.834	60.005	120307	378.79	18424.6	17613.5	252494	40339.9	1.91838e-10	7.13375e-11	1.38548e-11	8.617e-11	
23.5734	531057	1827.1	718.514	60.0036	116601	368.28	17905.1	17133.9	248497	40339.9	1.93118e-10	7.22293e-11	1.35996e-11	8.67872e-11	
24.3681	526905	1843.41	716.862	60.0025	112277	355.079	17250.7	16526.6	243260	40339.9	1.94722e-10	7.33517e-11	1.32688e-11	8.75618e-11	
25.1627	522863	1859.74	715.21	60.0017	108284	341.95	16597.9	15917.1	237791	40339.9	1.96327e-10	7.44799e-11	1.29298e-11	8.83378e-11	
25.9574	518925	1876.11	713.557	60.0011	104596	329.005	15952.2	15310.5	232116	40339.9	1.97935e-10	7.56138e-11	1.25869e-11	8.91154e-11	
26.752	515083	1892.51	711.904	60.0008	101189	316.341	15318.4	14711.9	226266	40339.9	1.99546e-10	7.67531e-11	1.2244e-11	8.98943e-11	
27.5467	511331	1908.94	710.25	60.0005	98042.8	304.047	14701.1	14125.6	220274	40339.9	2.01162e-10	7.78973e-11	1.19048e-11	9.06746e-11	
28.3413	507663	1925.39	708.594	60.0003	95136.7	292.194	14104.1	13555.7	214176	40339.9	2.02783e-10	7.9046e-11	1.15725e-11	9.14558e-11	
29.136	504073	1941.85	706.939	60.0002	92452.7	280.838	13530.3	13005.5	208007	40339.9	2.0441e-10	8.01986e-11	1.12499e-11	9.22378e-11	
29.9306	500556	1958.32	705.284	60.0002	89973.7	270.021	12982.2	12477.5	201805	40339.9	2.06043e-10	8.13544e-11	1.09392e-11	9.30201e-11	
30.7252	497108	1974.79	703.63	60.0001	87684	259.771	12461.4	11973.9	195604	40339.9	2.07685e-10	8.25129e-11	1.06422e-11	9.38026e-11	
31.5199	493725	1991.26	701.977	60.0001	85569.2	250.102	11968.9	11496	189439	40339.9	2.09335e-10	8.36733e-11	1.03602e-11	9.45848e-11	
32.3145	490403	2007.71	700.326	60	83616	241.02	11505.2	11044.5	183340	40339.9	2.10995e-10	8.48352e-11	1.00942e-11	9.53664e-11	
33.1092	487139	2024.15	698.679	60	81812	232.52	11070.2	10619.8	177336	40339.9	2.12664e-10	8.5998e-11	9.8446e-12	9.61473e-11	
33.9038	483930	2040.57	697.035	60	80145.8	224.588	10663.5	10221.7	171453	40339.9	2.14344e-10	8.71612e-11	9.61169e-12	9.69271e-11	
34.6985	480772	2056.96	695.395	60	78606.9	217.208	10284.3	9849.78	165711	40339.9	2.16036e-10	8.83245e-11	9.39541e-12	9.77057e-11	
35.4931	477664	2073.33	693.76	60	77185.5	210.355	9931.59	9503.17	160131	40339.9	2.17739e-10	8.94875e-11	9.19551e-12	9.8483e-11	
36.2878	474604	2089.66	692.13	60	75872.7	204.006	9604.13	9180.91	154728	40339.9	2.19454e-10	9.06501e-11	9.01157e-12	9.92587e-11	
37.0824	471588	2105.96	690.506	60	74660.2	198.131	9300.61	8881.84	149513	40339.9	2.21181e-10	9.18119e-11	8.84302e-12	1.00033e-10	
37.8771	468615	2122.23	688.888	60	73540.3	192.703	9019.65	8604.71	144496	40339.9	2.22922e-10	9.29731e-11	8.68923e-12	1.00806e-10	
38.6717	465683	2138.47	687.276	60	72506	187.693	8759.8	8348.22	139683	40339.9	2.24676e-10	9.41334e-11	8.54949e-12	1.01577e-10	
39.4664	462792	2154.68	685.669	60	71550.7	183.072	8519.64	8111.04	135079	40339.9	2.26443e-10	9.52929e-11	8.42308e-12	1.02347e-10	
40.261	459938	2170.86	684.069	60	70668.3	178.812	8297.78	7891.85	130685	40339.9	2.28225e-10	9.64518e-11	8.30924e-12	1.03116e-10	
41.1711	456715	2189.36	682.244	60	69740.3	174.342	8064.44	7661.27	125910	40339.9	2.30284e-10	9.77784e-11	8.19334e-12	1.03995e-10	
42.0811	453537	2207.84	680.426	60	68893	170.273	7851.37	7450.72	121408	40339.9	2.32362e-10	9.91045e-11	8.09184e-12	1.04872e-10	
42.9912	450404	2226.3	678.615	60	68119.4	166.568	7656.77	7258.46	117172	40339.9	2.3446e-10	1.00431e-10	8.00368e-12	1.05749e-10	
43.9012	447312	2244.75	676.812	60	67413.2	163.195	7478.94	7082.81	113195	40339.9	2.36579e-10	1.01757e-10	7.92784e-12	1.06625e-10	
44.8113	444261	2263.19	675.014	60	66768.3	160.122	7316.32	6922.26	109469	40339.9	2.38719e-10	1.03085e-10	7.86337e-12	1.07502e-10	
45.7213	441248	2281.64	673.222	60	66179.6	157.322	7167.45	6775.38	105984	40339.9	2.40881e-10	1.04413e-10	7.80938e-12	1.08378e-10	
46.8156	437673	2303.85	671.074	60	65539.1	154.28	7004.83	6615.06	102096	40339.9	2.43511e-10	1.06014e-10	7.75716e-12	1.09433e-10	
47.9098	434148	2326.09	668.931	60	64964.9	151.555	6858.15	6470.58	98520.2	40339.9	2.46175e-10	1.07618e-10	7.71758e-12	1.10489e-10	
49.004	430671	2348.39	666.793	60	64450.3	149.111	6725.57	6340.14	95236.9	40339.9	2.48875e-10	1.09227e-10	7.68944e-12	1.11549e-10	
50.0983	427237	2370.76	664.658	60	63989.1	146.915	6605.45	6222.11	92225.4	40339.9	2.51612e-10	1.10842e-10	7.67168e-12	1.12611e-10	
51.1925	423844	2393.23	662.523	60	63575.6	144.94	6496.34	6115.05	89465.9	40339.9	2.54388e-10	1.12465e-10	7.66334e-12	1.13678e-10	
52.2867	420490	2415.81	660.389	60	63205	143.161	6396.97	6017.68	86938.8	40339.9	2.57204e-10	1.14096e-10	7.66355e-12	1.14751e-10	
53.5362	416704	2441.76	657.95	60	62828.6	141.339	6293.96	5916.91	84313.5	40339.9	2.60473e-10	1.15971e-10	7.6733e-12	1.15984e-10	
54.7857	412960	2467.91	655.505	60	62496.3	139.714	6200.69	5825.84	81940.8	40339.9	2.638e-10	1.1786e-10	7.69221e-12	1.17226e-10	
56.0351	409255	2494.3	653.054	60	62203.1	138.261	6115.86	5743.19	79795.9	40339.9	2.6719e-10	1.19767e-10	7.71944e-12	1.18479e-10	
57.2846	405585	2520.96	650.592	60	61944.3	136.958	6038.37	5667.84	77856	40339.9	2.70646e-10	1.21692e-10	7.75422e-12	1.19746e-10	
58.5341	401945	2547.93	648.119	60	61716	135.784	5967.23	5598.82	76100	40339.9	2.74173e-10	1.23639e-10	7.79591e-12	1.21027e-10	
59.7836	398333	2575.23	645.63	60	61514.4	134.725	5901.59	5535.29	74508.4	40339.9	2.77775e-10	1.25609e-10	7.84395e-12	1.22323e-10	
61.3287	393897	2609.52	642.527	60	61297.6	133.549	5826.94	5463.23	72741.6	40339.9	2.82339e-10	1.2808e-10	7.91144e-12	1.23952e-10	
62.8739	389489	2644.46	639.393	60	61111.8	132.502	5758.36	5397.23	71169.4	40339.9	2.87036e-10	1.30596e-10	7.98717e-12	1.25612e-10	
64.419	385103	2680.13	636.221	60	60952.7	131.562	5694.82	5336.28	69765.4	40339.9	2.91876e-10	1.33161e-10	8.07054e-12	1.27306e-10	
65.9642	380731	2716.61	633.005	60	60816.3	130.712	5635.46	5279.51	68506	40339.9	2.9687e-10	1.35779e-10	8.16108e-12	1.29039e-10	
67.5094	376366	2753.99	629.742	60	60699.4	129.937	5579.5	5226.17	67370.8	40339.9	3.02032e-10	1.38457e-10	8.25844e-12	1.30815e-10	
69.0545	372002	2792.37	626.424	60	60599.3	129.226	5526.31	5175.63	66341.8	40339.9	3.07377e-10	1.412e-10	8.36238e-12	1.32637e-10	
70.897	366789	2839.56	622.387	60	60498.4	128.444	5465.73	5118.25	65231.7	40339.9	3.1401e-10	1.44564e-10	8.4947e-12	1.34879e-10	
72.7394	361556	2888.5	618.253	60	60414.6	127.722	5407.48	5063.27	64227.3	40339.9	3.20954e-10	1.48041e-10	8.63605e-12	1.37204e-10	
74.5819	356289	2939.4	614.011	60	60344.8	127.044	5350.85	5009.99	63308.8	40339.9	3.28241e-10	1.51642e-10	8.78648e-12	1.39621e-10	
76.4244	350978	2992.47	609.647	60	60286.8	126.401	5295.24	4957.84	62459.6	40339.9	3.35909e-10	1.5538e-10	8.9462e-12	1.42142e-10	
78.2669	345610	3047.97	605.149	60	60238.5	125.782	5240.14	4906.29	61665.3	40339.9	3.43998e-10	1.5927e-10	9.11554e-12	1.44779e-10	
80.1093	340173	3106.19	600.502	60	60198.4	125.18	5185.06	4854.9	60913.8	40339.9	3.52553e-10	1.63327e-10	9.29501e-12	1.47544e-10	
82.1995	333906	3175.91	595.033	60	60161	124.508	5122.07	4796.27	60099.8	40339.9	3.62888e-10	1.68152e-10	9.51164e-12	1.50856e-10	
84.2897	327514	3250.05	589.33	60	60130.6	123.838	5058.02	4736.79	59314.2	40339.9	3.73974e-10	1.73241e-10	9.74321e-12	1.54377e-10	
86.38	320979	3329.18	583.369	60	60106	123.162	4992.37	4675.94	58545.7	40339.9	3.85906e-10	1.78621e-10	9.99109e-12	1.58136e-10	
88.4702	314282	3413.98	577.124	60	60086	122.473	4924.64	4613.27	57784.6	40339.9	3.98792e-10	1.84326e-10	1.02569e-11	1.62164e-10	
90.5604	307401	3505.22	570.566	60	60069.8	121.763	4854.34	4548.32	57022.2	40339.9	4.12755e-10	1.9039e-10	1.05425e-11	1.66498e-10	
92.6506	300318	3603.77	563.667	60	60056.6	121.025	4781	4480.65	56250.7	40339.9	4.27932e-10	1.9685e-10	1.08499e-11	1.71179e-10	
95.0252	291998	3725.88	555.376	60	60044.7	120.145	4693.43	4399.94	55354.3	40339.9	4.46843e-10	2.0472e-10	1.12289e-11	1.76979e-10	
97.3998	283361	3860.43	546.56	60	60035.2	119.212	4600.68	4314.55	54427.6	40339.9	4.67772e-10	2.13213e-10	1.16433e-11	1.8337e-10	
99.7743	274379	4009.37	537.178	60	60027.8	118.215	4502.1	4223.85	53461.5	40339.9	4.90994e-10	2.22392e-10	1.20975e-11	1.90445e-10	
102.149	265028	4174.95	527.193	60	60021.9	117.145	4397.08	4127.27	52447.8	40339.9	5.16803e-10	2.32314e-10	1.25962e-11	1.9831e-10	
104.523	255291	4359.71	516.576	60	60017.3	115.993	4285.05	4024.27	51378.5	40339.9	5.45495e-10	2.43032e-10	1.31444e-11	2.07086e-10	
106.444	247126	4525.04	507.52	60	60014.3	114.996	4189.04	3935.98	50468.1	40339.9	5.70993e-10	2.52305e-10	1.36271e-11	2.14939e-10	
108.364	238702	4706.32	498.048	60	60011.8	113.935	4088.03	3843.06	49513.2	40339.9	5.98676e-10	2.62129e-10	1.41477e-11	2.2355e-10	
110.284	230024	4905.17	488.177	60	60009.7	112.808	3981.99	3745.44	48510.8	40339.9	6.28618e-10	2.72497e-10	1.4708e-11	2.32996e-10	
112.204	221108	5123.17	477.939	60	60008	111.614	3871.02	3643.19	47458.8	40339.9	6.60827e-10	2.83381e-10	1.5309e-11	2.43351e-10	
113.789	213583	5318.61	469.246	60	60006.8	110.576	3775.91	3555.44	46552.1	40339.9	6.89066e-10	2.92721e-10	1.58359e-11	2.52634e-10	
115.374	205930	5528.77	460.376	60	60005.8	109.494	3677.94	3464.92	45610.6	40339.9	7.18682e-10	3.02336e-10	1.63899e-11	2.62616e-10	
116.959	198173	5754.14	451.378	60	60005	108.37	3577.49	3371.95	44635.2	40339.9	7.49502e-10	3.12169e-10	1.69696e-11	2.73322e-10	
118.544	190339	5994.95	442.309	60	60004.3	107.208	3475.09	3276.99	43627.4	40339.9	7.8128e-10	3.22152e-10	1.75724e-11	2.8476e-10	
120.129	182464	6251.13	433.232	60	60003.6	106.014	3371.36	3180.57	42589.7	40339.9	8.13701e-10	3.32203e-10	1.81953e-11	2.96929e-10	
121.378	176259	6463.35	426.124	60	60003.2	105.055	3289.22	3104.05	41753.8	40339.9	8.39437e-10	3.40103e-10	1.8697e-11	3.07009e-10	
121.569	175306	6496.76	425.036	60	60003.1	104.907	3276.59	3092.27	41623.9	40339.9	8.43395e-10	3.41314e-10	1.87748e-11	3.08596e-10	
121.761	174354	6530.39	423.951	60	60003.1	104.758	3263.95	3080.48	41493.8	40339.9	8.47351e-10	3.42522e-10	1.88528e-11	3.10193e-10	
121.953	173402	6564.22	422.867	60	60003	104.609	3251.32	3068.7	41363.3	40339.9	8.51305e-10	3.43729e-10	1.8931e-11	3.118e-10	
122.145	172451	6598.25	421.786	60	60003	104.46	3238.7	3056.91	41232.5	40339.9	8.55255e-10	3.44933e-10	1.90093e-11	3.13417e-10	
122.337	171500	6632.48	420.706	60	60002.9	104.31	3226.08	3045.13	41101.4	40339.9	8.59202e-10	3.46136e-10	1.90878e-11	3.15043e-10	
122.721	169602	6701.54	418.554	60	60002.8	104.011	3200.87	3021.57	40838.4	40339.9	8.67079e-10	3.48533e-10	1.9245e-11	3.18323e-10	
123.104	167707	6771.37	416.413	60	60002.7	103.711	3175.7	2998.03	40574.3	40339.9	8.7493e-10	3.50919e-10	1.94027e-11	3.2164e-10	
123.488	165817	6841.96	414.282	60	60002.6	103.41	3150.59	2974.54	40309.1	40339.9	8.82749e-10	3.53293e-10	1.95607e-11	3.24993e-10	
123.872	163932	6913.28	412.163	60	60002.5	103.11	3125.55	2951.09	40043	40339.9	8.9053e-10	3.55653e-10	1.9719e-11	3.28381e-10	
124.534	160692	7038.02	408.536	60	60002.3	102.59	3082.52	2910.75	39581.8	40339.9	9.03849e-10	3.5969e-10	1.99925e-11	3.34306e-10	
125.197	157472	7164.75	404.951	60	60002.2	102.071	3039.79	2870.66	39118.6	40339.9	9.17002e-10	3.63673e-10	2.02662e-11	3.40326e-10	
125.859	154275	7293.3	401.413	60	60002	101.553	2997.43	2830.85	38653.9	40339.9	9.29956e-10	3.67596e-10	2.05394e-11	3.46432e-10	
126.521	151105	7423.53	397.924	60	60001.9	101.036	2955.5	2791.39	38188.1	40339.9	9.42681e-10	3.71452e-10	2.08118e-11	3.52618e-10	
127.405	146921	7599.67	393.352	60	60001.8	100.351	2900.3	2739.38	37565.8	40339.9	9.59258e-10	3.76483e-10	2.11734e-11	3.60984e-10	
128.289	142796	7778.09	388.881	60	60001.6	99.6729	2846.1	2688.22	36943.9	40339.9	9.75313e-10	3.81367e-10	2.15318e-11	3.69459e-10	
129.173	138738	7958.36	384.517	60	60001.5	99.0026	2793.01	2638.03	36323.7	40339.9	9.90792e-10	3.86092e-10	2.18859e-11	3.78022e-10	
130.057	134752	8140.02	380.264	60	60001.3	98.3421	2741.15	2588.91	35706.5	40339.9	1.00565e-09	3.90644e-10	2.2235e-11	3.86651e-10	
130.941	130844	8322.63	376.123	60	60001.2	97.693	2690.62	2540.98	35093.7	40339.9	1.01984e-09	3.95013e-10	2.25781e-11	3.95325e-10	
131.957	126459	8532.94	371.509	60	60001.1	96.9635	2634.32	2487.49	34396.8	40339.9	1.03529e-09	3.99792e-10	2.29639e-11	4.05315e-10	
132.972	122190	8743.21	367.046	60	60001	96.2527	2579.99	2435.78	33709.2	40339.9	1.0498e-09	4.04305e-10	2.33398e-11	4.15303e-10	
133.988	118044	8952.79	362.731	60	60000.9	95.5624	2527.69	2385.93	33032.8	40339.9	1.06337e-09	4.08541e-10	2.37052e-11	4.25258e-10	
135.003	114026	9161.06	358.56	60	60000.8	94.8938	2477.48	2338.01	32369	40339.9	1.07598e-09	4.12492e-10	2.40593e-11	4.3515e-10	
136.018	110138	9367.44	354.526	60	60000.7	94.2479	2429.4	2292.04	31719.5	40339.9	1.08766e-09	4.16154e-10	2.44017e-11	4.44953e-10	
137.247	105610	9613.97	349.819	60	60000.7	93.4975	2374.03	2239.06	30954.2	40339.9	1.10058e-09	4.20195e-10	2.47999e-11	4.56664e-10	
138.476	101281	9856.15	345.29	60	60000.6	92.7821	2321.75	2188.96	30213.7	40339.9	1.11223e-09	4.23805e-10	2.51801e-11	4.68167e-10	
139.705	97149.2	10093.3	340.924	60	60000.5	92.1019	2272.49	2141.72	29499.7	40339.9	1.12269e-09	4.26987e-10	2.55423e-11	4.79431e-10	
140.934	93214.7	10324.8	336.704	60	60000.5	91.4566	2226.16	2097.24	28813.3	40339.9	1.13204e-09	4.29745e-10	2.58866e-11	4.90429e-10	
142.163	89474.3	10550.3	332.614	60	60000.4	90.8455	2182.65	2055.45	28155.4	40339.9	1.14037e-09	4.32087e-10	2.62136e-11	5.0114e-10	
143.393	85923.7	10769.5	328.639	60	60000.4	90.2677	2141.82	2016.21	27526.6	40339.9	1.14778e-09	4.34023e-10	2.65236e-11	5.1155e-10	
145.12	81243	11066.5	323.217	60	60000.3	89.509	2088.67	1965.12	26691.8	40339.9	1.15679e-09	4.36081e-10	2.69323e-11	5.25658e-10	
146.848	76908.7	11350.4	317.955	60	60000.3	88.8093	2040.13	1918.46	25914.1	40339.9	1.16438e-09	4.37398e-10	2.7311e-11	5.39142e-10	
148.576	72900.9	11621.2	312.82	60	60000.2	88.1643	1995.77	1875.82	25192	40339.9	1.17076e-09	4.38018e-10	2.76621e-11	5.52008e-10	
150.303	69197.9	11879.4	307.785	60	60000.2	87.5692	1955.17	1836.82	24523.1	40339.9	1.17612e-09	4.37985e-10	2.7988e-11	5.64272e-10	
152.031	65777.6	12125.5	302.826	60	60000.1	87.0194	1917.95	1801.09	23904.9	40339.9	1.18063e-09	4.37345e-10	2.82908e-11	5.7596e-10	
153.759	62617.9	12360.1	297.927	60	60000.1	86.5107	1883.74	1768.27	23334.2	40339.9	1.18443e-09	4.36145e-10	2.85728e-11	5.87104e-10	
155.486	59697.4	12584	293.074	60	60000.1	86.0388	1852.2	1738.05	22807.6	40339.9	1.18764e-09	4.34432e-10	2.88362e-11	5.97738e-10	
157.214	56995.1	12797.9	288.256	60	60000.1	85.5998	1823.05	1710.15	22321.8	40339.9	1.19036e-09	4.32249e-10	2.90827e-11	6.07901e-10	
158.942	54491.6	13002.8	283.466	60	60000.1	85.1903	1796.01	1684.29	21873.5	40339.9	1.19267e-09	4.29641e-10	2.93143e-11	6.17632e-10	
160.669	52168.4	13199.3	278.698	60	60000.1	84.807	1770.82	1660.23	21459.3	40339.9	1.19464e-09	4.26645e-10	2.95325e-11	6.26967e-10	
162.397	50008.5	13388.3	273.949	60	60000.1	84.447	1747.29	1637.79	21076.1	40339.9	1.19632e-09	4.23298e-10	2.97386e-11	6.35943e-10	
164.125	47996.3	13570.5	269.215	60	60000	84.1078	1725.22	1616.75	20721	40339.9	1.19777e-09	4.19635e-10	2.99342e-11	6.44596e-10	
166.03	45931.7	13764.3	264.011	60	60000	83.755	1702.37	1595.02	20358.6	40339.9	1.19914e-09	4.15263e-10	3.01388e-11	6.53802e-10	
167.934	44011.7	13951.5	258.821	60	60000	83.422	1680.9	1574.61	20023.6	40339.9	1.20031e-09	4.10578e-10	3.03333e-11	6.62695e-10	
169.839	42220.7	14132.9	253.643	60	60000	83.1062	1660.63	1555.37	19712.8	40339.9	1.20132e-09	4.05609e-10	3.05189e-11	6.71315e-10	
171.744	40544.7	14309.4	248.473	60	60000	82.8056	1641.42	1537.16	19423.6	40339.9	1.20219e-09	4.00382e-10	3.06966e-11	6.79695e-10	
173.649	38971.2	14481.4	243.311	60	60000	82.5184	1623.13	1519.85	19153.4	40339.9	1.20294e-09	3.94918e-10	3.08674e-11	6.87868e-10	
175.554	37489.1	14649.7	238.152	60	60000	82.243	1605.67	1503.33	18899.9	40339.9	1.2036e-09	3.89235e-10	3.10321e-11	6.95863e-10	
177.985	35715.2	14859.9	231.571	60	60000	81.9063	1584.41	1483.26	18597.9	40339.9	1.20432e-09	3.81687e-10	3.12346e-11	7.05846e-10	
180.415	34056	15065.9	224.985	60	60000	81.584	1564.15	1464.14	18316.4	40339.9	1.20493e-09	3.73828e-10	3.14297e-11	7.15632e-10	
182.846	32496.1	15268.8	218.385	60	60000	81.2738	1544.75	1445.86	18052.5	40339.9	1.20546e-09	3.65673e-10	3.16185e-11	7.25266e-10	
185.276	31022.4	15469.2	211.765	60	60000	80.9739	1526.07	1428.28	17803.6	40339.9	1.20591e-09	3.57232e-10	3.18021e-11	7.34788e-10	
187.707	29623.3	15668.1	205.118	60	60000	80.6828	1508.01	1411.3	17567.5	40339.9	1.20631e-09	3.48512e-10	3.19812e-11	7.44233e-10	
190.137	28289.1	15866	198.436	60	60000	80.399	1490.48	1394.83	17342.2	40339.9	1.20665e-09	3.39518e-10	3.21567e-11	7.53635e-10	
192.568	27011.5	16063.6	191.714	60	60000	80.1213	1473.41	1378.8	17126.3	40339.9	1.20695e-09	3.30252e-10	3.23291e-11	7.63023e-10	
194.998	25783.5	16261.6	184.949	60	60000	79.8489	1456.73	1363.15	16918.4	40339.9	1.20721e-09	3.2072e-10	3.2499e-11	7.72425e-10	
197.429	24598.9	16460.3	178.139	60	60000	79.5808	1440.38	1347.82	16717.2	40339.9	1.20744e-09	3.10925e-10	3.26669e-11	7.81864e-10	
199.859	23452.9	16660.2	171.285	60	60000	79.3163	1424.31	1332.77	16521.9	40339.9	1.20764e-09	3.00877e-10	3.28331e-11	7.91361e-10	
202.29	22341.2	16861.8	164.391	60	60000	79.0548	1408.5	1317.96	16331.5	40339.9	1.20782e-09	2.90589e-10	3.29979e-11	8.00934e-10	
204.72	21260.8	17065.2	157.467	60	60000	78.7959	1392.9	1303.36	16145.4	40339.9	1.20797e-09	2.80079e-10	3.31616e-11	8.10598e-10	
207.475	20071	17298.4	149.601	60	60000	78.5052	1375.47	1287.04	15939	40339.9	1.20813e-09	2.67936e-10	3.33459e-11	8.21673e-10	
210.229	18915.7	17534.5	141.742	60	60000	78.2172	1358.27	1270.95	15736.6	40339.9	1.20826e-09	2.55597e-10	3.3529e-11	8.32887e-10	
212.983	17793.7	17773.5	133.927	60	60000	77.9316	1341.31	1255.07	15537.9	40339.9	1.20838e-09	2.43133e-10	3.37109e-11	8.4424e-10	
215.262	16890.7	17973.3	127.529	60	60000	77.6975	1327.46	1242.1	15375.9	40339.9	1.20846e-09	2.32791e-10	3.38602e-11	8.5373e-10	
217.54	16011	18174.7	121.226	60	60000	77.4654	1313.78	1229.3	15216.1	40339.9	1.20854e-09	2.22483e-10	3.40084e-11	8.633e-10	
219.818	15155.5	18377.5	115.051	60	60000	77.2358	1300.31	1216.67	15058.4	40339.9	1.2086e-09	2.12276e-10	3.4155e-11	8.72932e-10	
222.096	14325.7	18581.2	109.043	60	60000	77.0089	1287.04	1204.25	14902.9	40339.9	1.20866e-09	2.02245e-10	3.42999e-11	8.82606e-10	
224.375	13523.2	18785.1	103.241	60	60000	76.7854	1274.03	1192.04	14749.6	40339.9	1.2087e-09	1.92466e-10	3.44426e-11	8.92294e-10	
226.653	12750.2	18988.7	97.6821	60	60000	76.5659	1261.29	1180.09	14598.7	40339.9	1.20874e-09	1.83016e-10	3.45827e-11	9.01965e-10	
228.931	12008.6	19191.2	92.4036	60	60000	76.351	1248.87	1168.42	14450.5	40339.9	1.20878e-09	1.7397e-10	3.47196e-11	9.11583e-10	
231.209	11300.7	19391.7	87.4366	60	60000	76.1413	1236.81	1157.08	14305.3	40339.9	1.20881e-09	1.65398e-10	3.48531e-11	9.21108e-10	
233.488	10628.4	19589.4	82.8067	60	60000	75.9377	1225.13	1146.09	14163.3	40339.9	1.20883e-09	1.57355e-10	3.49824e-11	9.30496e-10	
235.766	9993.4	19783.3	78.532	60	60000	75.7408	1213.88	1135.49	14025	40339.9	1.20885e-09	1.49887e-10	3.51073e-11	9.39707e-10	
237.651	9497.24	19940.3	75.2704	60	60000	75.5835	1204.91	1127.03	13913.5	40339.9	1.20887e-09	1.44163e-10	3.5207e-11	9.47163e-10	
239.536	9028.19	20093.6	72.26	60	60000	75.4314	1196.28	1118.88	13805	40339.9	1.20888e-09	1.38861e-10	3.53031e-11	9.54446e-10	
241.422	8586.58	20242.8	69.4981	60	60000	75.285	1187.98	1111.05	13699.6	40339.9	1.20889e-09	1.33983e-10	3.53954e-11	9.61533e-10	
243.307	8172.5	20387.5	66.9785	60	60000	75.1445	1180.05	1103.54	13597.5	40339.9	1.2089e-09	1.29523e-10	3.54839e-11	9.68406e-10	
245.192	7785.78	20527.3	64.692	60	60000	75.0101	1172.47	1096.37	13498.8	40339.9	1.20891e-09	1.25467e-10	3.55684e-11	9.75047e-10	
247.077	7426.01	20662	62.6271	60	60000	74.8818	1165.26	1089.54	13403.8	40339.9	1.20891e-09	1.218e-10	3.56489e-11	9.81444e-10	
248.963	7092.56	20791.3	60.7704	60	60000	74.7598	1158.42	1083.05	13312.6	40339.9	1.20892e-09	1.18501e-10	3.57254e-11	9.87585e-10	
250.848	6784.61	20915	59.1071	60	60000	74.6441	1151.94	1076.91	13225.2	40339.9	1.20892e-09	1.15545e-10	3.57978e-11	9.93461e-10	
252.733	6501.16	21033	57.6219	60	60000	74.5346	1145.83	1071.1	13141.6	40339.9	1.20893e-09	1.12906e-10	3.58662e-11	9.99067e-10	
254.618	6241.08	21145.3	56.2997	60	60000	74.4312	1140.07	1065.63	13062	40339.9	1.20893e-09	1.10559e-10	3.59307e-11	1.0044e-09	
254.897	6204.6	21161.4	56.1174	60	60000	74.4165	1139.25	1064.85	13050.6	40339.9	1.20893e-09	1.10236e-10	3.59399e-11	1.00517e-09	
255.175	6168.6	21177.3	55.9383	60	60000	74.4018	1138.43	1064.07	13039.3	40339.9	1.20893e-09	1.09918e-10	3.5949e-11	1.00592e-09	
255.453	6133.07	21193.2	55.7623	60	60000	74.3874	1137.63	1063.31	13028.1	40339.9	1.20893e-09	1.09606e-10	3.5958e-11	1.00668e-09	
255.731	6098.01	21208.9	55.5893	60	60000	74.373	1136.83	1062.55	13016.9	40339.9	1.20893e-09	1.093e-10	3.59669e-11	1.00742e-09	
256.01	6063.42	21224.5	55.4194	60	60000	74.3588	1136.04	1061.8	13005.8	40339.9	1.20893e-09	1.08999e-10	3.59758e-11	1.00816e-09	
256.566	5995.61	21255.3	55.0885	60	60000	74.3307	1134.48	1060.31	12983.9	40339.9	1.20893e-09	1.08412e-10	3.59933e-11	1.00963e-09	
257.123	5929.62	21285.6	54.7692	60	60000	74.3031	1132.95	1058.86	12962.4	40339.9	1.20893e-09	1.07847e-10	3.60104e-11	1.01107e-09	
257.679	5865.41	21315.4	54.461	60	60000	74.2761	1131.44	1057.43	12941.2	40339.9	1.20894e-09	1.07302e-10	3.60273e-11	1.01248e-09	
258.236	5802.94	21344.7	54.1637	60	60000	74.2495	1129.97	1056.03	12920.3	40339.9	1.20894e-09	1.06776e-10	3.60438e-11	1.01387e-09	
259.283	5689.95	21398.6	53.6321	60	60000	74.2009	1127.27	1053.46	12881.9	40339.9	1.20894e-09	1.05837e-10	3.6074e-11	1.01643e-09	
260.331	5582.78	21450.7	53.1355	60	60000	74.154	1124.67	1050.98	12844.7	40339.9	1.20894e-09	1.04962e-10	3.61032e-11	1.01891e-09	
261.378	5481.21	21501.2	52.6716	60	60000	74.1088	1122.17	1048.6	12808.7	40339.9	1.20894e-09	1.04145e-10	3.61313e-11	1.02131e-09	
262.426	5384.99	21550	52.2383	60	60000	74.0652	1119.76	1046.3	12773.9	40339.9	1.20894e-09	1.03383e-10	3.61583e-11	1.02362e-09	
263.847	5262.64	21613.5	51.6962	60	60000	74.0086	1116.63	1043.32	12728.4	40339.9	1.20894e-09	1.02433e-10	3.61934e-11	1.02664e-09	
265.268	5149.17	21674.1	51.2024	60	60000	73.9549	1113.67	1040.5	12685	40339.9	1.20894e-09	1.01569e-10	3.62268e-11	1.02952e-09	
266.689	5044.02	21731.8	50.7525	60	60000	73.9039	1110.86	1037.82	12643.5	40339.9	1.20894e-09	1.00784e-10	3.62583e-11	1.03226e-09	
268.11	4946.67	21786.8	50.3427	60	60000	73.8556	1108.19	1035.28	12604.1	40339.9	1.20894e-09	1.00072e-10	3.62883e-11	1.03487e-09	
269.531	4856.61	21839	49.9694	60	60000	73.8098	1105.67	1032.88	12566.5	40339.9	1.20894e-09	9.94254e-11	3.63166e-11	1.03735e-09	
271.51	4742.38	21907.5	49.5039	60	60000	73.7501	1102.39	1029.74	12517.2	40339.9	1.20895e-09	9.86226e-11	3.63536e-11	1.04061e-09	
273.489	4640.1	21971.2	49.0948	60	60000	73.6948	1099.35	1026.84	12471.3	40339.9	1.20895e-09	9.79207e-11	3.63878e-11	1.04363e-09	
275.469	4548.59	22030.3	48.735	60	60000	73.6436	1096.54	1024.16	12428.6	40339.9	1.20895e-09	9.7307e-11	3.64195e-11	1.04644e-09	
277.448	4466.78	22085.2	48.4183	60	60000	73.5963	1093.95	1021.69	12388.9	40339.9	1.20895e-09	9.677e-11	3.64487e-11	1.04905e-09	
279.427	4393.7	22136	48.1393	60	60000	73.5527	1091.56	1019.4	12352.1	40339.9	1.20895e-09	9.62999e-11	3.64756e-11	1.05146e-09	
281.407	4328.44	22183.1	47.8934	60	60000	73.5124	1089.35	1017.3	12318	40339.9	1.20895e-09	9.58881e-11	3.65005e-11	1.0537e-09	
283.386	4270.18	22226.6	47.6763	60	60000	73.4753	1087.32	1015.36	12286.5	40339.9	1.20895e-09	9.55271e-11	3.65234e-11	1.05576e-09	
285.365	4218.18	22266.8	47.4845	60	60000	73.4411	1085.45	1013.57	12257.3	40339.9	1.20895e-09	9.52104e-11	3.65445e-11	1.05767e-09	
288	4157.55	22315.6	47.2632	60	60000	73.3998	1083.2	1011.41	12221.9	40339.9	1.20895e-09	9.4848e-11	3.657e-11	1.05999e-09	
290.634	4105.44	22359.4	47.075	60	60000	73.3628	1081.18	1009.48	12190.1	40339.9	1.20895e-09	9.45428e-11	3.65929e-11	1.06207e-09	
293.268	4060.65	22398.7	46.9146	60	60000	73.3297	1079.37	1007.76	12161.5	40339.9	1.20895e-09	9.42853e-11	3.66133e-11	1.06394e-09	
295.378	4029.33	22427.2	46.8032	60	60000	73.3057	1078.06	1006.51	12140.8	40339.9	1.20895e-09	9.41081e-11	3.66281e-11	1.06529e-09	
297.489	4001.56	22453.3	46.705	60	60000	73.2838	1076.87	1005.36	12121.8	40339.9	1.20895e-09	9.39531e-11	3.66416e-11	1.06653e-09	
299.6	3976.94	22477.2	46.6183	60	60000	73.2638	1075.78	1004.32	12104.4	40339.9	1.20895e-09	9.38175e-11	3.66539e-11	1.06767e-09	
301.71	3955.1	22499	46.5416	60	60000	73.2455	1074.78	1003.37	12088.5	40339.9	1.20895e-09	9.36985e-11	3.66652e-11	1.0687e-09	
303.821	3935.71	22518.9	46.4738	60	60000	73.2289	1073.88	1002.5	12073.9	40339.9	1.20895e-09	9.35942e-11	3.66754e-11	1.06965e-09	
305.931	3918.49	22537.2	46.4137	60	60000	73.2137	1073.05	1001.71	12060.6	40339.9	1.20895e-09	9.35026e-11	3.66848e-11	1.07052e-09	
308.042	3903.18	22553.8	46.3605	60	60000	73.1998	1072.3	1000.99	12048.5	40339.9	1.20895e-09	9.3422e-11	3.66933e-11	1.07131e-09	
310.153	3889.58	22569	46.3132	60	60000	73.1872	1071.61	1000.33	12037.4	40339.9	1.20895e-09	9.33511e-11	3.67011e-11	1.07203e-09	
312.263	3877.47	22582.8	46.2712	60	60000	73.1756	1070.98	999.734	12027.3	40339.9	1.20895e-09	9.32886e-11	3.67082e-11	1.07268e-09	
315.531	3861.29	22601.9	46.2152	60	60000	73.1598	1070.12	998.909	12013.4	40339.9	1.20895e-09	9.32062e-11	3.6718e-11	1.07359e-09	
318.799	3847.76	22618.5	46.1684	60	60000	73.1461	1069.37	998.195	12001.3	40339.9	1.20895e-09	9.31381e-11	3.67264e-11	1.07438e-09	
322.066	3836.42	22632.8	46.1292	60	60000	73.1342	1068.73	997.577	11990.8	40339.9	1.20895e-09	9.30818e-11	3.67337e-11	1.07506e-09	
325.334	3826.9	22645.2	46.0964	60	60000	73.1239	1068.17	997.043	11981.7	40339.9	1.20895e-09	9.30352e-11	3.67401e-11	1.07565e-09	
328.602	3818.9	22655.9	46.0687	60	60000	73.115	1067.69	996.582	11973.9	40339.9	1.20895e-09	9.29964e-11	3.67455e-11	1.07616e-09	
331.87	3812.17	22665.2	46.0455	60	60000	73.1074	1067.27	996.183	11967.1	40339.9	1.20895e-09	9.29642e-11	3.67503e-11	1.0766e-09	
335.842	3805.39	22674.8	46.0221	60	60000	73.0994	1066.84	995.77	11960	40339.9	1.20895e-09	9.29321e-11	3.67551e-11	1.07705e-09	
339.814	3799.87	22682.9	46.003	60	60000	73.0928	1066.48	995.425	11954.1	40339.9	1.20895e-09	9.29062e-11	3.67592e-11	1.07744e-09	
343.786	3795.36	22689.6	45.9874	60	60000	73.0872	1066.18	995.137	11949.2	40339.9	1.20895e-09	9.28853e-11	3.67626e-11	1.07776e-09	
347.758	3791.68	22695.2	45.9746	60	60000	73.0826	1065.93	994.895	11945.1	40339.9	1.20895e-09	9.28684e-11	3.67655e-11	1.07802e-09	
351.73	3788.66	22699.9	45.9642	60	60000	73.0787	1065.72	994.694	11941.6	40339.9	1.20895e-09	9.28547e-11	3.67679e-11	1.07825e-09	
355.701	3786.18	22703.9	45.9556	60	60000	73.0755	1065.54	994.525	11938.7	40339.9	1.20895e-09	9.28436e-11	3.67699e-11	1.07843e-09	
359.673	3784.14	22707.1	45.9486	60	60000	73.0728	1065.39	994.384	11936.3	40339.9	1.20895e-09	9.28345e-11	3.67715e-11	1.07859e-09	
363.645	3782.47	22709.9	45.9427	60	60000	73.0705	1065.27	994.267	11934.3	40339.9	1.20895e-09	9.28271e-11	3.67729e-11	1.07872e-09	
367.617	3781.09	22712.2	45.9379	60	60000	73.0686	1065.17	994.168	11932.6	40339.9	1.20895e-09	9.28209e-11	3.67741e-11	1.07883e-09	
371.995	3779.85	22714.3	45.9336	60	60000	73.0669	1065.07	994.079	11931.1	40339.9	1.20895e-09	9.28155e-11	3.67752e-11	1.07893e-09	
376.373	3778.84	22716	45.9301	60	60000	73.0655	1065	994.005	11929.8	40339.9	1.20895e-09	9.28111e-11	3.6776e-11	1.07901e-09	
380.75	3778.02	22717.4	45.9273	60	60000	73.0643	1064.93	993.945	11928.8	40339.9	1.20895e-09	9.28076e-11	3.67767e-11	1.07908e-09	
385.128	3777.36	22718.5	45.9249	60	60000	73.0634	1064.88	993.896	11927.9	40339.9	1.20895e-09	9.28047e-11	3.67773e-11	1.07913e-09	
389.506	3776.82	22719.5	45.9231	60	60000	73.0626	1064.84	993.856	11927.2	40339.9	1.20895e-09	9.28024e-11	3.67778e-11	1.07918e-09	
393.883	3776.38	22720.3	45.9215	60	60000	73.0619	1064.81	993.822	11926.7	40339.9	1.20895e-09	9.28005e-11	3.67782e-11	1.07921e-09	
399.534	3775.94	22721.1	45.92	60	60000	73.0613	1064.77	993.788	11926.1	40339.9	1.20895e-09	9.27986e-11	3.67786e-11	1.07925e-09	
405.185	3775.59	22721.7	45.9188	60	60000	73.0608	1064.74	993.762	11925.6	40339.9	1.20895e-09	9.27972e-11	3.67789e-11	1.07928e-09	
410.836	3775.33	22722.1	45.9179	60	60000	73.0604	1064.72	993.742	11925.3	40339.9	1.20895e-09	9.2796e-11	3.67791e-11	1.0793e-09	
416.487	3775.12	22722.5	45.9171	60	60000	73.0601	1064.71	993.726	11925	40339.9	1.20895e-09	9.27952e-11	3.67793e-11	1.07932e-09	
422.137	3774.97	22722.8	45.9166	60	60000	73.0599	1064.69	993.714	11924.8	40339.9	1.20895e-09	9.27945e-11	3.67795e-11	1.07933e-09	
430.265	3774.81	22723.1	45.916	60	60000	73.0596	1064.68	993.701	11924.6	40339.9	1.20895e-09	9.27938e-11	3.67796e-11	1.07935e-09	
438.392	3774.69	22723.3	45.9156	60	60000	73.0594	1064.67	993.692	11924.4	40339.9	1.20895e-09	9.27934e-11	3.67797e-11	1.07936e-09	
446.52	3774.62	22723.4	45.9154	60	60000	73.0593	1064.66	993.686	11924.3	40339.9	1.20895e-09	9.2793e-11	3.67798e-11	1.07936e-09	
454.647	3774.56	22723.5	45.9152	60	60000	73.0592	1064.66	993.682	11924.2	40339.9	1.20895e-09	9.27928e-11	3.67799e-11	1.07937e-09	
462.775	3774.53	22723.6	45.9151	60	60000	73.0592	1064.66	993.679	11924.2	40339.9	1.20895e-09	9.27927e-11	3.67799e-11	1.07937e-09	
470.902	3774.5	22723.6	45.915	60	60000	73.0591	1064.65	993.677	11924.2	40339.9	1.20895e-09	9.27926e-11	3.67799e-11	1.07937e-09	
482.608	3774.48	22723.7	45.9149	60	60000	73.0591	1064.65	993.675	11924.1	40339.9	1.20895e-09	9.27925e-11	3.67799e-11	1.07938e-09	
494.313	3774.47	22723.7	45.9148	60	60000	73.0591	1064.65	993.674	11924.1	40339.9	1.20895e-09	9.27924e-11	3.67799e-11	1.07938e-09	
500	3774.46	22723.7	45.9148	60	60000	73.0591	1064.65	993.674	11924.1	40339.9	1.20895e-09	9.27924e-11	3.678e-11	1.07938e-09	
