# Time	[Z]	[mu2]	[mZ]	[mF]	[F]	[mP]	[PE]	[PG]	[PM]	[STAT]	
0	739275	1211.17	974.894	538.299	538299	542.115	27557.7	25720.5	308646	40339.9	
1e-09	739275	1211.17	974.894	538.299	538299	542.115	27557.7	25720.5	308646	40339.9	
2e-09	739275	1211.17	974.894	538.299	538299	542.115	27557.7	25720.5	308646	40339.9	
1.0002e-05	739275	1211.17	974.893	538.297	538299	542.115	27557.7	25720.5	308646	40339.9	
2.0002e-05	739275	1211.17	974.892	538.294	538299	542.115	27557.7	25720.5	308646	40339.9	
3.0002e-05	739275	1211.17	974.891	538.292	538299	542.115	27557.7	25720.5	308646	40339.9	
0.000130002	739275	1211.18	974.88	538.268	538299	542.115	27557.7	25720.5	308646	40339.9	
0.000230002	739275	1211.18	974.869	538.244	538299	542.115	27557.7	25720.5	308646	40339.9	
0.000330002	739275	1211.19	974.858	538.22	538299	542.115	27557.7	25720.5	308646	40339.9	
0.000430002	739275	1211.19	974.847	538.196	538299	542.115	27557.7	25720.5	308646	40339.9	
0.00143	739275	1211.22	974.736	537.957	538299	542.115	27557.7	25720.5	308646	40339.9	
0.00243	739275	1211.26	974.626	537.718	538299	542.115	27557.7	25720.5	308646	40339.9	
0.00343	739275	1211.29	974.516	537.479	538299	542.115	27557.7	25720.5	308646	40339.9	
0.00443	739275	1211.33	974.406	537.241	538299	542.115	27557.7	25720.5	308646	40339.9	
0.01443	739274	1211.67	973.308	534.86	538296	542.115	27557.7	25720.5	308646	40339.9	
0.02443	739272	1212.02	972.217	532.492	538292	542.114	27557.6	25720.5	308646	40339.9	
0.03443	739270	1212.37	971.131	530.136	538285	542.114	27557.6	25720.5	308646	40339.9	
0.04443	739266	1212.71	970.051	527.791	538276	542.114	27557.5	25720.5	308646	40339.9	
0.05443	739262	1213.06	968.977	525.458	538264	542.114	27557.4	25720.5	308646	40339.9	
0.15443	739172	1216.52	958.544	502.757	538022	542.105	27555.5	25720.3	308646	40339.9	
0.25443	739001	1219.98	948.654	481.163	537563	542.09	27552.1	25719.8	308646	40339.9	
0.35443	738754	1223.43	939.278	460.623	536899	542.067	27547.2	25718.7	308646	40339.9	
0.45443	738435	1226.89	930.388	441.084	536041	542.036	27541.1	25716.9	308645	40339.9	
0.55443	738049	1230.34	921.959	422.499	535003	541.999	27533.8	25714.4	308645	40339.9	
0.745548	737139	1236.92	907.042	389.462	532555	541.91	27517.4	25707.4	308641	40339.9	
0.936667	736025	1243.49	893.559	359.436	529556	541.797	27498.1	25697.5	308635	40339.9	
1.12779	734732	1250.02	881.367	332.147	526073	541.662	27476.4	25685	308626	40339.9	
1.3189	733280	1256.53	870.338	307.345	522162	541.507	27452.7	25669.9	308612	40339.9	
1.51002	731689	1263	860.356	284.803	517878	541.332	27427.3	25652.5	308593	40339.9	
1.6974	730011	1269.31	851.484	264.697	513362	541.143	27401	25633.4	308569	40339.9	
1.88479	728231	1275.58	843.429	246.39	508572	540.938	27373.5	25612.6	308538	40339.9	
2.07217	726361	1281.8	836.112	229.72	503548	540.717	27345	25590.3	308502	40339.9	
2.25955	724413	1287.99	829.459	214.541	498321	540.482	27315.6	25566.6	308458	40339.9	
2.44694	722399	1294.13	823.406	200.719	492922	540.232	27285.4	25541.7	308408	40339.9	
2.73269	719219	1303.4	815.199	181.984	484419	539.826	27237.9	25501.8	308318	40339.9	
3.01844	715934	1312.56	808.07	165.743	475664	539.391	27189	25459.8	308211	40339.9	
3.3042	712569	1321.6	801.86	151.664	466729	538.928	27138.9	25416.1	308087	40339.9	
3.58995	709146	1330.53	796.437	139.46	457676	538.44	27087.6	25370.9	307946	40339.9	
3.87571	705682	1339.34	791.687	128.881	448559	537.926	27035.4	25324.5	307788	40339.9	
4.16146	702192	1348.03	787.513	119.71	439420	537.389	26982.3	25276.9	307612	40339.9	
4.52104	697783	1358.79	782.95	109.885	427949	536.678	26914.4	25215.7	307368	40339.9	
4.88062	693374	1369.38	779.028	101.676	416565	535.93	26845.2	25153.2	307097	40339.9	
5.2402	688980	1379.77	775.634	94.8179	405318	535.143	26774.8	25089.3	306801	40339.9	
5.59978	684615	1389.99	772.674	89.0885	394246	534.318	26703.3	25024.4	306479	40339.9	
5.95936	680289	1400.03	770.072	84.3019	383381	533.452	26630.6	24958.3	306133	40339.9	
6.31894	676012	1409.91	767.765	80.3029	372744	532.543	26556.6	24891	305764	40339.9	
6.67852	671788	1419.62	765.703	76.962	362354	531.59	26481.2	24822.5	305371	40339.9	
6.85067	669786	1424.21	764.79	75.5631	357471	531.117	26444.7	24789.3	305174	40339.9	
7.02281	667798	1428.76	763.919	74.2795	352649	530.633	26407.7	24755.8	304973	40339.9	
7.19496	665825	1433.28	763.086	73.1019	347888	530.137	26370.4	24722	304766	40339.9	
7.3671	663866	1437.77	762.289	72.0213	343188	529.629	26332.7	24687.9	304555	40339.9	
7.53925	661922	1442.22	761.524	71.0299	338552	529.109	26294.6	24653.4	304338	40339.9	
7.71139	659992	1446.64	760.789	70.1202	333978	528.576	26256.1	24618.6	304116	40339.9	
7.9418	657435	1452.5	759.848	69.019	327955	527.843	26203.9	24571.4	303811	40339.9	
8.17221	654904	1458.3	758.95	68.0376	322046	527.084	26150.8	24523.6	303497	40339.9	
8.40261	652402	1464.05	758.091	67.163	316250	526.3	26096.8	24475	303174	40339.9	
8.63302	649928	1469.75	757.266	66.3835	310568	525.489	26041.9	24425.7	302842	40339.9	
8.86342	647482	1475.39	756.473	65.6889	304998	524.651	25986	24375.6	302501	40339.9	
9.10172	644981	1481.17	755.682	65.0499	299355	523.752	25927.1	24322.8	302139	40339.9	
9.34002	642511	1486.9	754.917	64.4827	293830	522.821	25867	24269	301767	40339.9	
9.57832	640071	1492.58	754.177	63.9792	288424	521.857	25805.6	24214.3	301386	40339.9	
9.81662	637662	1498.21	753.458	63.5322	283133	520.856	25742.9	24158.4	300994	40339.9	
10.0549	635281	1503.79	752.758	63.1354	277957	519.819	25678.8	24101.3	300592	40339.9	
10.4906	631006	1513.87	751.523	62.5216	268784	517.821	25557.8	23993.8	299832	40339.9	
10.9263	626827	1523.81	750.337	62.028	259979	515.686	25431.3	23881.8	299036	40339.9	
11.3621	622744	1533.6	749.192	61.631	251530	513.403	25299	23764.8	298203	40339.9	
11.7978	618755	1543.27	748.083	61.3117	243427	510.962	25160.3	23642.5	297333	40339.9	
12.2335	614856	1552.82	747.003	61.055	235656	508.354	25014.8	23514.4	296422	40339.9	
12.6692	611047	1562.25	745.949	60.8484	228208	505.569	24862	23380	295469	40339.9	
13.0901	607450	1571.26	744.953	60.6874	221307	502.702	24707	23243.9	294507	40339.9	
13.5109	603932	1580.18	743.975	60.557	214684	499.654	24544.4	23101.1	293501	40339.9	
13.9318	600491	1589.02	743.013	60.4513	208330	496.417	24373.7	22951.3	292450	40339.9	
14.3527	597124	1597.77	742.066	60.3656	202233	492.984	24194.6	22794.2	291350	40339.9	
14.7735	593830	1606.45	741.132	60.2962	196385	489.348	24006.8	22629.2	290199	40339.9	
15.3828	589185	1618.91	739.801	60.2185	188339	483.718	23718.7	22376.2	288437	40339.9	
15.992	584681	1631.23	738.491	60.1611	180765	477.641	23410.9	22105.4	286555	40339.9	
16.6012	580312	1643.45	737.199	60.1188	173636	471.112	23082.9	21816.3	284543	40339.9	
17.2104	576072	1655.58	735.924	60.0876	166926	464.13	22734.4	21508.3	282395	40339.9	
17.8196	571955	1667.63	734.661	60.0646	160610	456.7	22365.3	21181.2	280101	40339.9	
18.4538	567793	1680.1	733.36	60.0471	154432	448.506	21959.8	20820.6	277551	40339.9	
19.0879	563752	1692.51	732.07	60.0343	148632	439.865	21533.3	20439.9	274828	40339.9	
19.7221	559825	1704.88	730.789	60.025	143188	430.808	21086.9	20039.8	271927	40339.9	
20.3562	556007	1717.22	729.516	60.0182	138077	421.375	20622.2	19621.4	268844	40339.9	
20.9903	552291	1729.53	728.248	60.0133	133281	411.612	20141.2	19186.4	265575	40339.9	
21.6245	548673	1741.83	726.986	60.0097	128779	401.571	19646.1	18736.4	262121	40339.9	
22.2586	545148	1754.12	725.728	60.007	124553	391.311	19139.4	18273.7	258483	40339.9	
22.8928	541709	1766.41	724.473	60.0051	120587	380.89	18624	17800.7	254666	40339.9	
23.5269	538354	1778.69	723.22	60.0037	116865	370.373	18102.6	17319.8	250675	40339.9	
24.3182	534276	1794.03	721.66	60.0025	112539	357.207	17448.3	16712.8	245466	40339.9	
25.1094	530311	1809.37	720.101	60.0017	108542	344.104	16795	16103.1	240022	40339.9	
25.9007	526453	1824.73	718.543	60.0011	104849	331.174	16148.1	15495.9	234369	40339.9	
26.692	522693	1840.09	716.986	60.0008	101437	318.517	15512.8	14896	228539	40339.9	
27.4832	519026	1855.45	715.43	60.0005	98284.8	306.22	14893.4	14308.1	222562	40339.9	
28.2745	515445	1870.81	713.875	60.0004	95372.3	294.354	14293.9	13736.1	216476	40339.9	
29.0657	511945	1886.17	712.322	60.0002	92681.3	282.977	13717.2	13183.4	210316	40339.9	
29.857	508520	1901.5	710.771	60.0002	90195	272.132	13165.9	12652.6	204117	40339.9	
30.6483	505168	1916.82	709.222	60.0001	87897.9	261.847	12641.7	12145.9	197916	40339.9	
31.4395	501882	1932.1	707.677	60.0001	85775.6	252.139	12145.5	11664.6	191745	40339.9	
32.2308	498660	1947.35	706.135	60	83814.6	243.014	11678.1	11209.6	185637	40339.9	
33.0221	495498	1962.56	704.599	60	82002.9	234.467	11239.3	10781.3	179619	40339.9	
33.8133	492393	1977.72	703.068	60	80329	226.488	10828.8	10379.6	173718	40339.9	
34.6046	489343	1992.82	701.543	60	78782.4	219.058	10445.8	10004.1	167956	40339.9	
35.3958	486344	2007.88	700.025	60	77353.5	212.156	10089.4	9653.9	162352	40339.9	
36.1871	483395	2022.87	698.513	60	76033.3	205.758	9758.37	9328.18	156921	40339.9	
36.9784	480493	2037.8	697.01	60	74813.6	199.836	9451.46	9025.77	151677	40339.9	
37.7696	477636	2052.67	695.514	60	73686.6	194.361	9167.27	8745.47	146630	40339.9	
38.644	474530	2069.04	693.87	60	72540.7	188.799	8877.96	8459.86	141288	40339.9	
39.5184	471476	2085.32	692.237	60	71490.8	183.71	8612.77	8197.9	136199	40339.9	
40.3928	468470	2101.54	690.613	60	70528.7	179.058	8369.83	7957.81	131366	40339.9	
41.2671	465511	2117.69	689	60	69647.2	174.808	8147.33	7737.87	126789	40339.9	
42.1415	462598	2133.78	687.396	60	68839.5	170.925	7943.56	7536.43	122463	40339.9	
43.0159	459728	2149.8	685.802	60	68099.4	167.378	7756.91	7351.94	118386	40339.9	
43.8903	456900	2165.77	684.217	60	67421.3	164.137	7585.86	7182.91	114549	40339.9	
44.7646	454112	2181.69	682.642	60	66800	161.176	7429.03	7027.99	110945	40339.9	
45.639	451362	2197.57	681.075	60	66230.6	158.47	7285.12	6885.9	107566	40339.9	
46.7402	447952	2217.51	679.112	60	65581	155.387	7120.45	6723.42	103614	40339.9	
47.8414	444599	2237.41	677.161	60	64999	152.63	6972.27	6577.34	99982.8	40339.9	
48.9426	441298	2257.27	675.22	60	64477.7	150.161	6838.69	6445.78	96651.5	40339.9	
50.0438	438048	2277.12	673.289	60	64010.8	147.948	6718.01	6327.06	93599.2	40339.9	
51.145	434845	2296.97	671.365	60	63592.6	145.961	6608.75	6219.69	90805.7	40339.9	
52.2462	431688	2316.83	669.448	60	63218	144.174	6509.57	6122.37	88251	40339.9	
53.4969	428153	2339.42	667.278	60	62839.7	142.36	6407.69	6022.54	85614.8	40339.9	
54.7476	424669	2362.06	665.112	60	62505.8	140.745	6315.82	5932.67	83235.5	40339.9	
55.9983	421232	2384.79	662.948	60	62211.3	139.305	6232.66	5851.47	81088	40339.9	
57.249	417839	2407.63	660.786	60	61951.3	138.017	6157.06	5777.8	79149.4	40339.9	
58.4996	414486	2430.59	658.623	60	61721.9	136.862	6088.06	5710.68	77398.2	40339.9	
59.7503	411169	2453.71	656.456	60	61519.5	135.824	6024.78	5649.26	75815	40339.9	
61.2934	407123	2482.48	653.776	60	61302.2	134.68	5953.5	5580.24	74066.8	40339.9	
62.8364	403121	2511.57	651.084	60	61116	133.668	5888.6	5517.57	72517.1	40339.9	
64.3795	399158	2541.03	648.377	60	60956.4	132.765	5829.04	5460.23	71139.2	40339.9	
65.9225	395227	2570.92	645.65	60	60819.7	131.956	5773.97	5407.36	69909.8	40339.9	
67.4656	391321	2601.28	642.9	60	60702.5	131.226	5722.62	5358.21	68808.3	40339.9	
69.0087	387437	2632.18	640.122	60	60602	130.562	5674.37	5312.17	67816.6	40339.9	
70.8388	382848	2669.61	636.785	60	60501.3	129.846	5620.42	5260.84	66761.3	40339.9	
72.669	378271	2707.98	633.397	60	60417.5	129.193	5569.27	5212.34	65815.9	40339.9	
74.4992	373696	2747.41	629.948	60	60347.7	128.591	5520.29	5166.05	64961.2	40339.9	
76.3294	369113	2788.03	626.433	60	60289.5	128.029	5472.91	5121.4	64181	40339.9	
78.1596	364514	2829.97	622.841	60	60241.1	127.498	5426.65	5077.93	63461.3	40339.9	
79.9898	359888	2873.38	619.164	60	60200.8	126.99	5381.1	5035.24	62790.4	40339.9	
82.0926	354530	2925.28	614.823	60	60162.7	126.428	5329.18	4986.7	62067	40339.9	
84.1953	349109	2979.6	610.342	60	60131.9	125.88	5277.23	4938.24	61381.9	40339.9	
86.298	343613	3036.66	605.704	60	60106.9	125.339	5224.81	4889.46	60724.5	40339.9	
88.4007	338024	3096.8	600.894	60	60086.6	124.798	5171.53	4839.96	60085.3	40339.9	
90.5034	332329	3160.39	595.89	60	60070.2	124.252	5117.01	4789.4	59456.7	40339.9	
92.6062	326509	3227.89	590.674	60	60056.9	123.695	5060.9	4737.45	58831.7	40339.9	
95.0231	319645	3310.94	584.386	60	60044.7	123.036	4993.99	4675.58	58110	40339.9	
97.4401	312568	3400.68	577.751	60	60035.1	122.348	4924	4610.94	57376.7	40339.9	
99.857	305252	3498.1	570.732	60	60027.5	121.626	4850.39	4543.05	56624.5	40339.9	
102.274	297668	3604.4	563.286	60	60021.6	120.861	4772.62	4471.39	55846.1	40339.9	
104.691	289789	3720.92	555.373	60	60017	120.047	4690.13	4395.45	55034.7	40339.9	
107.108	281586	3849.27	546.947	60	60013.3	119.175	4602.36	4314.69	54183.9	40339.9	
109.525	273033	3991.27	537.968	60	60010.5	118.237	4508.72	4228.59	53286.9	40339.9	
111.942	264107	4149.01	528.399	60	60008.2	117.227	4408.66	4136.6	52337.2	40339.9	
114.359	254788	4324.87	518.21	60	60006.5	116.134	4301.66	4038.25	51328.5	40339.9	
116.359	246768	4486.01	509.294	60	60005.3	115.162	4207.54	3951.73	50444.5	40339.9	
118.36	238470	4662.94	499.945	60	60004.3	114.125	4108.23	3860.39	49512.7	40339.9	
120.361	229900	4857.29	490.175	60	60003.5	113.019	4003.68	3764.16	48530.3	40339.9	
122.362	221070	5070.67	480.016	60	60002.9	111.844	3893.99	3663.11	47495.3	40339.9	
124.006	213635	5261.32	471.409	60	60002.5	110.826	3800.2	3576.59	46604.5	40339.9	
125.65	206058	5466.51	462.609	60	60002.1	109.762	3703.39	3487.17	45677.5	40339.9	
126.939	200035	5637.87	455.605	60	60001.8	108.897	3625.64	3415.24	44925.8	40339.9	
128.228	193952	5818.6	448.539	60	60001.6	108.007	3546.52	3341.94	44153	40339.9	
128.441	192941	5849.43	447.365	60	60001.6	107.857	3533.31	3329.69	44023.1	40339.9	
128.655	191928	5880.51	446.191	60	60001.5	107.707	3520.07	3317.41	43892.7	40339.9	
128.868	190915	5911.84	445.016	60	60001.5	107.557	3506.8	3305.1	43761.7	40339.9	
129.082	189900	5943.44	443.84	60	60001.5	107.405	3493.51	3292.76	43630.2	40339.9	
129.295	188885	5975.29	442.664	60	60001.5	107.254	3480.2	3280.4	43498.2	40339.9	
129.714	186890	6038.55	440.355	60	60001.4	106.954	3454	3256.07	43237.5	40339.9	
130.133	184892	6102.8	438.047	60	60001.3	106.652	3427.72	3231.64	42974.8	40339.9	
130.552	182892	6168.01	435.74	60	60001.3	106.349	3401.38	3207.15	42710.3	40339.9	
130.97	180892	6234.17	433.437	60	60001.2	106.044	3374.99	3182.6	42444	40339.9	
131.642	177685	6342.18	429.753	60	60001.1	105.551	3332.63	3143.14	42013.5	40339.9	
132.313	174480	6452.55	426.084	60	60001.1	105.055	3290.23	3103.61	41578.9	40339.9	
132.985	171280	6565.22	422.435	60	60001	104.556	3247.85	3064.06	41140.5	40339.9	
133.656	168088	6680.09	418.81	60	60000.9	104.055	3205.55	3024.53	40698.6	40339.9	
134.656	163353	6855.15	413.465	60	60000.8	103.306	3142.8	2965.8	40034.5	40339.9	
135.657	158653	7034.51	408.199	60	60000.8	102.556	3080.55	2907.45	39365	40339.9	
136.657	153999	7217.74	403.025	60	60000.7	101.807	3019.02	2849.66	38691.8	40339.9	
137.658	149399	7404.35	397.956	60	60000.6	101.062	2958.39	2792.61	38016.3	40339.9	
138.658	144865	7593.81	393.003	60	60000.6	100.323	2898.86	2736.48	37340.3	40339.9	
139.658	140406	7785.55	388.173	60	60000.5	99.5934	2840.58	2681.44	36665.5	40339.9	
140.659	136029	7978.98	383.474	60	60000.5	98.8747	2783.72	2627.64	35993.8	40339.9	
141.659	131744	8173.51	378.909	60	60000.4	98.1691	2728.42	2575.23	35326.9	40339.9	
142.799	126981	8395.8	373.873	60	60000.4	97.3834	2667.42	2517.31	34574.8	40339.9	
143.94	122355	8617.83	369.016	60	60000.3	96.62	2608.74	2461.49	33833.7	40339.9	
145.08	117875	8838.76	364.334	60	60000.3	95.8808	2552.48	2407.88	33106	40339.9	
146.221	113546	9057.79	359.824	60	60000.3	95.1675	2498.71	2356.56	32393.7	40339.9	
147.361	109373	9274.19	355.478	60	60000.2	94.4815	2447.45	2307.58	31698.9	40339.9	
148.501	105359	9487.3	351.286	60	60000.2	93.8235	2398.71	2260.94	31023.1	40339.9	
149.848	100826	9734.04	346.521	60	60000.2	93.083	2344.36	2208.88	30251.5	40339.9	
151.195	96517.2	9974.62	341.941	60	60000.2	92.3823	2293.41	2160.02	29510.3	40339.9	
152.542	92431.5	10208.4	337.526	60	60000.1	91.721	2245.75	2114.28	28801.1	40339.9	
153.889	88564.7	10435	333.259	60	60000.1	91.0981	2201.23	2071.52	28124.6	40339.9	
155.236	84911.1	10654.1	329.12	60	60000.1	90.5123	2159.69	2031.61	27481.2	40339.9	
156.583	81463.7	10865.5	325.095	60	60000.1	89.9618	2120.94	1994.37	26871	40339.9	
157.93	78214.4	11069.3	321.166	60	60000.1	89.445	2084.81	1959.65	26293.6	40339.9	
159.277	75154.5	11265.3	317.322	60	60000.1	88.9597	2051.11	1927.26	25748.2	40339.9	
160.624	72274.5	11453.9	313.549	60	60000.1	88.5041	2019.66	1897.05	25234	40339.9	
162.186	69147.5	11663.5	309.25	60	60000.1	88.0102	1985.77	1864.51	24675.3	40339.9	
163.748	66234.5	11863.7	305.021	60	60000	87.5504	1954.42	1834.42	24155	40339.9	
165.31	63520.3	12055.1	300.85	60	60000	87.1216	1925.36	1806.55	23670.8	40339.9	
166.872	60990.2	12238	296.729	60	60000	86.7211	1898.35	1780.67	23220.6	40339.9	
168.434	58630.2	12413.2	292.651	60	60000	86.3463	1873.21	1756.59	22801.9	40339.9	
169.996	56426.7	12581.1	288.611	60	60000	85.9946	1849.73	1734.14	22412.5	40339.9	
171.559	54366.9	12742.3	284.605	60	60000	85.664	1827.75	1713.13	22050.1	40339.9	
172.925	52672.9	12878.2	281.125	60	60000	85.3903	1809.63	1695.83	21753.3	40339.9	
174.292	51072.4	13009.8	277.668	60	60000	85.1298	1792.45	1679.44	21474.1	40339.9	
175.659	49558.3	13137.3	274.232	60	60000	84.8815	1776.12	1663.88	21211.2	40339.9	
177.026	48124	13261	270.815	60	60000	84.6443	1760.57	1649.07	20963.3	40339.9	
178.393	46763.5	13381.2	267.418	60	60000	84.4171	1745.72	1634.95	20729.2	40339.9	
179.919	45324.2	13511.7	263.645	60	60000	84.1743	1729.91	1619.92	20482.8	40339.9	
181.446	43962.7	13638.6	259.893	60	60000	83.942	1714.82	1605.59	20250.8	40339.9	
182.973	42672.2	13762.2	256.162	60	60000	83.7192	1700.39	1591.9	20031.9	40339.9	
184.499	41446.6	13882.9	252.449	60	60000	83.5049	1686.56	1578.79	19824.9	40339.9	
186.026	40280.5	14000.8	248.753	60	60000	83.2983	1673.26	1566.21	19628.8	40339.9	
187.552	39168.7	14116.3	245.073	60	60000	83.0988	1660.46	1554.09	19442.5	40339.9	
189.079	38106.7	14229.6	241.407	60	60000	82.9058	1648.1	1542.41	19265.1	40339.9	
190.605	37090.1	14341	237.754	60	60000	82.7185	1636.14	1531.11	19095.9	40339.9	
192.374	35964.2	14467.9	233.534	60	60000	82.5081	1622.74	1518.46	18908.9	40339.9	
194.143	34888.8	14592.8	229.324	60	60000	82.304	1609.79	1506.24	18730.8	40339.9	
195.911	33859.1	14715.9	225.123	60	60000	82.1056	1597.23	1494.41	18560.6	40339.9	
197.68	32870.5	14837.6	220.925	60	60000	81.9122	1585.02	1482.91	18397.5	40339.9	
199.448	31919.3	14958.1	216.729	60	60000	81.7234	1573.13	1471.72	18240.7	40339.9	
201.217	31001.8	15077.6	212.53	60	60000	81.5386	1561.52	1460.81	18089.5	40339.9	
202.985	30114.8	15196.3	208.326	60	60000	81.3574	1550.17	1450.14	17943.5	40339.9	
204.754	29255.5	15314.4	204.113	60	60000	81.1793	1539.05	1439.7	17801.9	40339.9	
206.719	28330	15445.2	199.419	60	60000	80.9848	1526.93	1428.32	17649.4	40339.9	
208.684	27432.3	15575.8	194.706	60	60000	80.7933	1515.04	1417.16	17501.3	40339.9	
210.65	26559.4	15706.5	189.972	60	60000	80.6044	1503.34	1406.19	17357.2	40339.9	
212.615	25709	15837.3	185.215	60	60000	80.4178	1491.81	1395.39	17216.5	40339.9	
214.58	24878.8	15968.5	180.431	60	60000	80.2331	1480.43	1384.73	17078.9	40339.9	
216.545	24066.9	16100.3	175.62	60	60000	80.05	1469.19	1374.2	16943.9	40339.9	
218.51	23271.5	16232.9	170.78	60	60000	79.8683	1458.06	1363.78	16811.4	40339.9	
220.476	22491.3	16366.4	165.914	60	60000	79.6877	1447.03	1353.47	16680.9	40339.9	
222.782	21593.2	16524.4	160.17	60	60000	79.4771	1434.2	1341.47	16530.1	40339.9	
225.088	20712.8	16684.1	154.396	60	60000	79.2675	1421.48	1329.57	16381.5	40339.9	
227.394	19848.8	16845.4	148.6	60	60000	79.0588	1408.86	1317.77	16234.8	40339.9	
229.701	19000.4	17008.6	142.794	60	60000	78.8509	1396.33	1306.05	16089.8	40339.9	
232.007	18167.2	17173.7	136.991	60	60000	78.6438	1383.88	1294.42	15946.2	40339.9	
234.313	17349.4	17340.6	131.21	60	60000	78.4376	1371.53	1282.87	15803.9	40339.9	
236.619	16547.3	17509.1	125.474	60	60000	78.2323	1359.28	1271.41	15662.8	40339.9	
238.926	15761.6	17679.2	119.807	60	60000	78.0282	1347.14	1260.05	15523	40339.9	
241.232	14993.7	17850.5	114.238	60	60000	77.8255	1335.13	1248.81	15384.5	40339.9	
243.084	14390.5	17988.8	109.855	60	60000	77.6641	1325.59	1239.88	15274.1	40339.9	
244.937	13800.6	18127.3	105.572	60	60000	77.5041	1316.16	1231.05	15164.7	40339.9	
246.79	13224.8	18266	101.405	60	60000	77.3458	1306.86	1222.33	15056.2	40339.9	
248.642	12664.2	18404.4	97.3694	60	60000	77.1895	1297.7	1213.74	14948.9	40339.9	
250.144	12221.8	18516.1	94.2066	60	60000	77.0645	1290.39	1206.89	14862.9	40339.9	
251.645	11790.6	18627.4	91.1486	60	60000	76.9412	1283.2	1200.13	14777.7	40339.9	
253.147	11371.2	18737.8	88.2026	60	60000	76.8198	1276.13	1193.49	14693.5	40339.9	
254.648	10964.2	18847.4	85.3746	60	60000	76.7004	1269.2	1186.97	14610.3	40339.9	
256.15	10570.1	18955.7	82.6698	60	60000	76.5832	1262.41	1180.58	14528.3	40339.9	
257.652	10189.4	19062.7	80.0922	60	60000	76.4684	1255.77	1174.33	14447.6	40339.9	
259.153	9822.36	19168.1	77.6448	60	60000	76.3561	1249.29	1168.23	14368.2	40339.9	
260.655	9469.44	19271.8	75.3294	60	60000	76.2466	1242.98	1162.28	14290.2	40339.9	
262.42	9072.83	19391.2	72.7759	60	60000	76.1214	1235.78	1155.5	14200.5	40339.9	
264.186	8696.39	19507.7	70.4045	60	60000	76.0003	1228.84	1148.94	14113.1	40339.9	
265.952	8340.28	19620.9	68.2118	60	60000	75.8836	1222.16	1142.63	14028	40339.9	
267.718	8004.51	19730.6	66.193	60	60000	75.7713	1215.75	1136.57	13945.5	40339.9	
269.483	7688.92	19836.7	64.3413	60	60000	75.6636	1209.61	1130.76	13865.6	40339.9	
271.249	7393.22	19938.9	62.6491	60	60000	75.5605	1203.75	1125.21	13788.5	40339.9	
272.718	7162.08	20020.9	61.3566	60	60000	75.4784	1199.09	1120.79	13726.4	40339.9	
274.187	6944.1	20100.2	60.1631	60	60000	75.3994	1194.61	1116.54	13666.4	40339.9	
275.656	6738.91	20176.6	59.0628	60	60000	75.3237	1190.32	1112.47	13608.4	40339.9	
277.125	6546.13	20250.1	58.0504	60	60000	75.2512	1186.22	1108.58	13552.4	40339.9	
278.594	6365.3	20320.8	57.1199	60	60000	75.1818	1182.31	1104.86	13498.5	40339.9	
280.062	6195.96	20388.7	56.2659	60	60000	75.1156	1178.57	1101.31	13446.6	40339.9	
281.531	6037.63	20453.7	55.4829	60	60000	75.0524	1175.02	1097.93	13396.8	40339.9	
283	5889.79	20515.9	54.7656	60	60000	74.9922	1171.63	1094.71	13348.9	40339.9	
284.637	5736.85	20581.9	54.0379	60	60000	74.9286	1168.06	1091.31	13298	40339.9	
286.273	5595.58	20644.6	53.3789	60	60000	74.8685	1164.68	1088.09	13249.6	40339.9	
287.909	5465.29	20704.1	52.7825	60	60000	74.8117	1161.5	1085.06	13203.6	40339.9	
289.545	5345.27	20760.3	52.2429	60	60000	74.7582	1158.5	1082.21	13159.9	40339.9	
291.182	5234.84	20813.5	51.7549	60	60000	74.7078	1155.68	1079.52	13118.4	40339.9	
292.818	5133.35	20863.7	51.3135	60	60000	74.6603	1153.03	1076.99	13079.2	40339.9	
295.55	4982.07	20941.2	50.6685	60	60000	74.5874	1148.96	1073.11	13018.5	40339.9	
298.282	4851.15	21011.3	50.1229	60	60000	74.5218	1145.3	1069.62	12963.4	40339.9	
301.014	4738.06	21074.6	49.6611	60	60000	74.4629	1142.02	1066.49	12913.5	40339.9	
303.746	4640.51	21131.5	49.2698	60	60000	74.4101	1139.08	1063.68	12868.5	40339.9	
306.479	4556.46	21182.6	48.9379	60	60000	74.3629	1136.46	1061.18	12827.9	40339.9	
309.211	4484.09	21228.4	48.6561	60	60000	74.3207	1134.11	1058.94	12791.5	40339.9	
312.236	4415.66	21273.5	48.3928	60	60000	74.2793	1131.81	1056.74	12755.5	40339.9	
315.261	4357.74	21313.4	48.1725	60	60000	74.2428	1129.79	1054.8	12723.6	40339.9	
318.286	4308.71	21348.5	47.9876	60	60000	74.2107	1128.01	1053.1	12695.5	40339.9	
321.312	4267.19	21379.4	47.8324	60	60000	74.1825	1126.45	1051.61	12670.6	40339.9	
324.337	4232.03	21406.6	47.7017	60	60000	74.1578	1125.08	1050.3	12648.8	40339.9	
327.362	4202.24	21430.4	47.5916	60	60000	74.1362	1123.89	1049.16	12629.6	40339.9	
330.976	4172.52	21455.1	47.4822	60	60000	74.1138	1122.65	1047.97	12609.6	40339.9	
334.59	4148.1	21476.2	47.3927	60	60000	74.0947	1121.59	1046.96	12592.6	40339.9	
338.205	4128	21494.1	47.3193	60	60000	74.0785	1120.7	1046.11	12578	40339.9	
341.819	4111.44	21509.4	47.2589	60	60000	74.0647	1119.93	1045.38	12565.6	40339.9	
345.433	4097.78	21522.5	47.2092	60	60000	74.0529	1119.29	1044.75	12555	40339.9	
349.047	4086.49	21533.5	47.1682	60	60000	74.043	1118.73	1044.23	12546	40339.9	
352.661	4077.15	21542.9	47.1343	60	60000	74.0345	1118.27	1043.78	12538.4	40339.9	
356.276	4069.42	21550.9	47.1062	60	60000	74.0273	1117.87	1043.4	12531.8	40339.9	
359.89	4063.01	21557.7	47.0829	60	60000	74.0212	1117.53	1043.08	12526.3	40339.9	
364.048	4056.96	21564.2	47.061	60	60000	74.0153	1117.21	1042.76	12521	40339.9	
368.207	4052.07	21569.6	47.0432	60	60000	74.0105	1116.94	1042.51	12516.5	40339.9	
372.365	4048.11	21574.1	47.0289	60	60000	74.0064	1116.72	1042.3	12512.9	40339.9	
376.523	4044.9	21577.8	47.0172	60	60000	74.0031	1116.53	1042.12	12509.8	40339.9	
380.682	4042.29	21580.8	47.0077	60	60000	74.0004	1116.38	1041.98	12507.3	40339.9	
384.84	4040.17	21583.4	47	60	60000	73.9981	1116.26	1041.86	12505.3	40339.9	
390.172	4038.02	21585.9	46.9922	60	60000	73.9958	1116.13	1041.73	12503.1	40339.9	
395.503	4036.36	21588	46.9861	60	60000	73.994	1116.03	1041.64	12501.5	40339.9	
400.835	4035.09	21589.5	46.9815	60	60000	73.9926	1115.95	1041.56	12500.2	40339.9	
406.167	4034.1	21590.8	46.9779	60	60000	73.9915	1115.89	1041.5	12499.2	40339.9	
411.498	4033.34	21591.7	46.9751	60	60000	73.9906	1115.84	1041.46	12498.4	40339.9	
416.83	4032.75	21592.5	46.973	60	60000	73.9899	1115.81	1041.42	12497.7	40339.9	
423.963	4032.17	21593.2	46.9708	60	60000	73.9892	1115.77	1041.39	12497.1	40339.9	
431.097	4031.75	21593.8	46.9693	60	60000	73.9888	1115.74	1041.36	12496.7	40339.9	
438.23	4031.45	21594.2	46.9682	60	60000	73.9884	1115.72	1041.34	12496.4	40339.9	
445.363	4031.24	21594.4	46.9675	60	60000	73.9882	1115.71	1041.33	12496.1	40339.9	
452.496	4031.09	21594.6	46.9669	60	60000	73.988	1115.7	1041.32	12496	40339.9	
459.629	4030.98	21594.8	46.9665	60	60000	73.9879	1115.69	1041.31	12495.9	40339.9	
469.649	4030.88	21594.9	46.9661	60	60000	73.9877	1115.69	1041.31	12495.7	40339.9	
479.668	4030.82	21595	46.9659	60	60000	73.9877	1115.68	1041.3	12495.7	40339.9	
489.688	4030.78	21595.1	46.9658	60	60000	73.9876	1115.68	1041.3	12495.6	40339.9	
499.707	4030.76	21595.1	46.9657	60	60000	73.9876	1115.68	1041.3	12495.6	40339.9	
500	4030.76	21595.1	46.9657	60	60000	73.9876	1115.68	1041.3	12495.6	40339.9	
