# Time	[x1]	[x2]	[x3]	[x5]	[x6]	[x7]	[x8]	[x9]	[x10]	[x11]	[x12]	[x13]	[x14]	[x15]	[x16]	[x17]	[x18]	[x28]	
0	12	12	0	0	0	0	0	0	0	1000	0	0	0	0	0	50	100	1	
6.94444e-11	12	12	1e-09	1.38889e-21	5.35837e-54	0	0	0	0	1000	0	0	0	0	0	50	100	1	
1.38889e-10	12	12	2e-09	4.16667e-21	5.35837e-53	9.30272e-66	0	0	0	1000	2.06727e-75	0	0	0	2.58409e-77	50	100	1	
6.94583e-07	12	12	1.0002e-05	6.94722e-14	6.70331e-35	1.16377e-43	9.27827e-137	1.79487e-70	1.4318e-156	1000	1.03387e-59	2.49287e-82	9.97147e-85	0	1.29234e-61	50	100	1	
1.38903e-06	12	12	2.0002e-05	2.77833e-13	1.20617e-33	2.32679e-42	6.96329e-117	1.79594e-55	2.29128e-139	1000	1.93961e-48	9.97235e-74	3.98894e-76	6.21439e-155	2.42451e-50	50	100	1	
2.08347e-06	12	12	3.00019e-05	6.25082e-13	7.70504e-33	1.77976e-41	2.98882e-104	4.17441e-54	1.43351e-116	1000	3.71634e-47	2.49436e-62	9.97743e-65	6.22186e-125	4.64543e-49	50	100	1	
9.02792e-06	11.9999	11.9999	0.000130001	1.17364e-11	1.58069e-29	2.28274e-37	5.35633e-96	1.19055e-49	1.40962e-107	1000	5.47614e-43	2.25663e-57	9.02651e-60	2.13277e-116	6.84518e-45	50	100	1	
1.59724e-05	11.9998	11.9998	0.000229997	3.67363e-11	1.97504e-28	3.45151e-36	1.06452e-91	3.63324e-47	8.70174e-103	1000	4.53449e-41	5.66868e-55	2.26747e-57	3.74805e-111	5.66813e-43	50	100	1	
2.29168e-05	11.9997	11.9997	0.000329993	7.56245e-11	1.10616e-27	2.04923e-35	4.65585e-89	3.78221e-46	2.35555e-99	1000	4.82719e-40	3.06386e-53	1.22555e-55	7.14716e-109	6.034e-42	50	100	1	
2.98613e-05	11.9996	11.9996	0.000429986	1.28401e-10	4.04219e-27	9.29974e-35	1.6919e-87	3.17761e-45	1.48899e-97	1000	2.66206e-39	3.04454e-52	1.21781e-54	1.90836e-105	3.32758e-41	50	100	1	
9.93057e-05	11.9986	11.9986	0.00142983	1.41996e-09	2.32267e-24	3.34886e-31	7.73866e-80	5.42932e-41	2.7932e-89	1000	1.779e-35	1.00434e-47	4.01737e-50	1.09679e-96	2.22376e-37	50	100	1	
0.00016875	11.9976	11.9976	0.0024295	4.10006e-09	2.55091e-23	4.56232e-30	5.23614e-76	5.73879e-39	9.76527e-85	1000	6.91e-34	1.90541e-45	7.62165e-48	7.7992e-92	8.63768e-36	50	100	1	
0.000238195	11.9966	11.9966	0.00342899	8.16846e-09	1.33398e-22	2.96925e-29	2.12946e-73	8.93969e-38	1.83984e-81	1000	7.72695e-33	8.64289e-44	3.45715e-46	8.24814e-88	9.65897e-35	50	100	1	
0.000307639	11.9956	11.9956	0.00442832	1.36249e-08	4.67926e-22	1.27493e-28	1.10107e-71	6.93598e-37	2.08588e-79	1000	4.54091e-32	1.07506e-42	4.30022e-45	1.53405e-85	5.67636e-34	50	100	1	
0.00100208	11.9856	11.9856	0.0144122	1.44481e-07	2.0285e-19	2.5507e-25	3.53892e-64	8.66046e-33	2.72529e-71	1000	2.42012e-28	2.94877e-38	1.17951e-40	1.67741e-77	3.02541e-30	50	100	1	
0.00169653	11.9756	11.9756	0.0243789	4.13879e-07	2.4409e-18	3.98133e-24	8.61636e-61	5.3512e-31	2.44636e-67	1000	7.11565e-27	2.9137e-36	1.16548e-38	2.7807e-73	8.89623e-29	50	100	1	
0.00239097	11.9657	11.9657	0.0343286	8.21582e-07	1.31175e-17	2.75561e-23	2.13754e-58	8.42519e-30	2.02269e-64	1000	7.46674e-26	8.98419e-35	3.59368e-37	8.80849e-70	9.33604e-28	50	100	1	
0.00308542	11.9557	11.9557	0.0442613	1.36735e-06	4.64656e-17	1.22014e-22	1.01718e-56	6.61655e-29	1.9782e-62	1000	4.3663e-25	1.04885e-33	4.19539e-36	1.59605e-67	5.45994e-27	50	100	1	
0.00377986	11.9458	11.9458	0.0541771	2.05095e-06	1.27677e-16	4.05493e-22	2.01241e-55	3.36973e-28	6.11319e-61	1000	1.77789e-24	6.90675e-33	2.7627e-35	6.97904e-66	2.22342e-26	50	100	1	
0.0107243	11.8476	11.8476	0.152411	1.64155e-05	2.39094e-14	2.54844e-19	2.30105e-48	2.12195e-24	3.67144e-53	1000	3.92585e-21	1.02111e-28	4.08447e-31	5.08498e-58	4.91392e-23	50	100	1	
0.0176688	11.751	11.751	0.248994	4.43057e-05	2.78546e-13	4.24485e-18	2.46794e-45	7.86669e-23	1.13565e-49	1000	9.55745e-20	6.22698e-27	2.4908e-29	2.60619e-54	1.19713e-21	50	100	1	
0.0246132	11.6559	11.6559	0.343967	8.5493e-05	1.44704e-12	2.93473e-17	3.32828e-43	1.04363e-21	4.01198e-47	1000	8.70375e-19	1.30782e-25	5.2313e-28	2.11975e-51	1.09122e-20	50	100	1	
0.0315576	11.5625	11.5625	0.437368	0.000139755	4.9669e-12	1.27239e-16	1.22396e-41	7.49096e-21	2.64474e-45	1000	4.70891e-18	1.2765e-24	5.10606e-27	2.5191e-49	5.90947e-20	50	100	1	
0.0385021	11.4706	11.4706	0.529236	0.000206874	1.33006e-11	4.121e-16	2.1742e-40	3.6032e-20	7.01289e-44	1000	1.83887e-17	7.69886e-24	3.07958e-26	8.6026e-48	2.3098e-19	50	100	1	
0.0454465	11.3801	11.3801	0.619607	0.000286638	3.01885e-11	1.09616e-15	2.41511e-39	1.32947e-19	1.07267e-42	1000	5.75178e-17	3.38938e-23	1.35577e-25	1.52209e-46	7.23111e-19	50	100	1	
0.0680309	11.0958	11.0958	0.903576	0.000630996	2.20014e-10	1.17382e-14	1.39968e-36	3.3647e-18	1.51775e-39	1000	9.38259e-16	1.34255e-21	5.37031e-24	4.27814e-43	1.18329e-17	50	100	1	
0.0906153	10.8257	10.8257	1.17321	0.00110016	8.95448e-10	6.21598e-14	7.44742e-35	3.07749e-17	1.38563e-37	1000	6.55532e-15	1.58822e-20	6.35304e-23	4.29674e-41	8.28988e-17	50	100	1	
0.1132	10.5688	10.5688	1.42955	0.00168783	2.64523e-09	2.24933e-13	1.71442e-33	1.7291e-16	4.94491e-36	1000	2.95486e-14	1.11195e-19	4.44797e-22	1.86978e-39	3.74735e-16	50	100	1	
0.135784	10.3241	10.3241	1.67352	0.00238816	6.38077e-09	6.38446e-13	2.26511e-32	7.08084e-16	9.24703e-35	1000	1.00685e-13	5.48642e-19	2.19466e-21	4.07205e-38	1.28057e-15	50	100	1	
0.158368	10.0908	10.0908	1.90597	0.00319572	1.33836e-08	1.5323e-12	2.02311e-31	2.32073e-15	1.11036e-33	1000	2.82449e-13	2.10267e-18	8.41111e-21	5.48459e-37	3.60272e-15	50	100	1	
0.180953	9.86822	9.86822	2.12767	0.00410541	2.53428e-08	3.2536e-12	1.35022e-30	6.4692e-15	9.62083e-33	1000	6.86607e-13	6.70921e-18	2.68383e-20	5.29405e-36	8.78351e-15	50	100	1	
0.203537	9.65555	9.65555	2.33933	0.00511251	4.4385e-08	6.29239e-12	7.19062e-30	1.59225e-14	6.47487e-32	1000	1.49627e-12	1.86171e-17	7.44729e-20	3.94165e-35	1.91977e-14	50	100	1	
0.236758	9.35947	9.35947	2.63377	0.00676167	9.08255e-08	1.4586e-11	6.26207e-29	5.03729e-14	7.7991e-31	1000	4.0438e-12	6.8828e-17	2.75332e-19	5.67948e-34	5.21104e-14	50	100	1	
0.269979	9.0817	9.0817	2.9097	0.00859898	1.68413e-07	3.00569e-11	3.95799e-28	1.36068e-13	6.4047e-30	1000	9.5208e-12	2.12884e-16	8.51609e-19	5.28495e-33	1.23229e-13	50	100	1	
0.3032	8.82064	8.82064	3.16875	0.0106126	2.89582e-07	5.66062e-11	1.99991e-27	3.25665e-13	4.08655e-29	1000	2.01704e-11	5.74523e-16	2.29831e-18	3.74152e-32	2.62221e-13	50	100	1	
0.336421	8.57484	8.57484	3.41237	0.0127916	4.69116e-07	9.93016e-11	8.47503e-27	7.08385e-13	2.13872e-28	1000	3.93148e-11	1.39216e-15	5.56921e-18	2.1571e-31	5.13372e-13	50	100	1	
0.369642	8.34304	8.34304	3.64183	0.015126	7.2416e-07	1.64488e-10	3.11294e-26	1.42611e-12	9.52373e-28	1000	7.16319e-11	3.09146e-15	1.23673e-17	1.05187e-30	9.39536e-13	50	100	1	
0.402863	8.1241	8.1241	3.85829	0.0176068	1.0742e-06	2.59883e-10	1.01561e-25	2.6932e-12	3.70828e-27	1000	1.23448e-10	6.38717e-15	2.55519e-17	4.46026e-30	1.6264e-12	50	100	1	
0.436084	7.91701	7.91701	4.06276	0.0202253	1.54105e-06	3.94654e-10	2.99895e-25	4.8203e-12	1.28938e-26	1000	2.03042e-10	1.24204e-14	4.96883e-17	1.6801e-29	2.68702e-12	50	100	1	
0.481246	7.65286	7.65286	4.32314	0.0239924	2.40663e-06	6.60462e-10	1.14532e-24	9.89652e-12	6.05543e-26	1000	3.75137e-10	2.82786e-14	1.13132e-16	8.77309e-29	4.99485e-12	50	100	1	
0.526409	7.40691	7.40691	4.5651	0.0279821	3.59983e-06	1.05051e-09	3.83601e-24	1.89597e-11	2.44109e-25	1000	6.52674e-10	5.95357e-14	2.38183e-16	3.88748e-28	8.74345e-12	50	100	1	
0.571572	7.17738	7.17738	4.79043	0.0321781	5.19487e-06	1.60185e-09	1.15381e-23	3.42891e-11	8.70317e-25	1000	1.08019e-09	1.17429e-13	4.69803e-16	1.50916e-27	1.45595e-11	50	100	1	
0.616735	6.96275	6.96275	5.00067	0.036566	7.27283e-06	2.35723e-09	3.1698e-23	5.90661e-11	2.79817e-24	1000	1.71393e-09	2.19193e-13	8.76947e-16	5.25048e-27	2.32434e-11	50	100	1	
0.661898	6.76165	6.76165	5.1972	0.0411322	9.92131e-06	3.36516e-09	8.05899e-23	9.75959e-11	8.23455e-24	1000	2.62319e-09	3.90278e-13	1.56144e-15	1.66348e-26	3.57933e-11	50	100	1	
0.70706	6.57288	6.57288	5.38123	0.0458647	1.32341e-05	4.67996e-09	1.91613e-22	1.55553e-10	2.24451e-23	1000	3.89173e-09	6.6707e-13	2.66889e-15	4.85993e-26	5.34293e-11	50	100	1	
0.752223	6.39539	6.39539	5.55383	0.0507523	1.73106e-05	6.36183e-09	4.29696e-22	2.40251e-10	5.72145e-23	1000	5.61903e-09	1.10017e-12	4.40176e-15	1.3226e-25	7.76179e-11	50	100	1	
0.829955	6.11361	6.11361	5.82684	0.0594986	2.64228e-05	1.03111e-08	1.53625e-21	4.76666e-10	2.51283e-22	1000	1.0014e-08	2.42291e-12	9.69427e-15	6.47417e-25	1.39794e-10	50	100	1	
0.907688	5.85836	5.85836	6.07293	0.0686277	3.8679e-05	1.59233e-08	4.84144e-21	8.8429e-10	9.52458e-22	1000	1.68437e-08	4.94347e-12	1.97797e-14	2.70397e-24	2.37624e-10	50	100	1	
0.98542	5.62622	5.62622	6.29557	0.0780988	5.46862e-05	2.36263e-08	1.3751e-20	1.5515e-09	3.2018e-21	1000	2.70053e-08	9.46526e-12	3.78733e-14	9.91842e-24	3.84997e-10	50	100	1	
1.06315	5.41432	5.41432	6.49766	0.087876	7.50843e-05	3.38979e-08	3.57915e-20	2.59707e-09	9.73431e-21	1000	4.1585e-08	1.71768e-11	6.87315e-14	3.26786e-23	5.99079e-10	50	100	1	
1.14088	5.22025	5.22025	6.68162	0.0979273	0.000100541	4.72649e-08	8.64752e-20	4.17615e-09	2.71626e-20	1000	6.18707e-08	2.97745e-11	1.19143e-13	9.82821e-23	9.00639e-10	50	100	1	
1.21862	5.04197	5.04197	6.84954	0.108225	0.000131749	6.43018e-08	1.95929e-19	6.48658e-09	7.03806e-20	1000	8.93631e-08	4.96068e-11	1.98508e-13	2.73195e-22	1.31437e-09	50	100	1	
1.29635	4.87774	4.87774	7.00318	0.118743	0.000169418	8.56302e-08	4.19752e-19	9.77544e-09	1.70943e-19	1000	1.25784e-07	7.98413e-11	3.19503e-13	7.08921e-22	1.8692e-09	50	100	1	
1.37083	4.73216	4.73216	7.13841	0.129007	0.000212247	1.1071e-07	8.31767e-19	1.41247e-08	3.79299e-19	1000	1.70864e-07	1.22425e-10	4.89924e-13	1.6703e-21	2.5641e-09	50	100	1	
1.44532	4.59696	4.59696	7.26308	0.139435	0.000262324	1.40968e-07	1.58333e-18	1.99713e-08	8.03388e-19	1000	2.27853e-07	1.83112e-10	7.32803e-13	3.74538e-21	3.45277e-09	50	100	1	
1.5198	4.47115	4.47115	7.3782	0.15001	0.000320306	1.77063e-07	2.90745e-18	2.76951e-08	1.63205e-18	1000	2.98873e-07	2.6785e-10	1.07195e-12	8.03213e-21	4.57299e-09	50	100	1	
1.59429	4.35384	4.35384	7.48467	0.160716	0.000386852	2.19694e-07	5.16879e-18	3.77409e-08	3.19318e-18	1000	3.86251e-07	3.84019e-10	1.5369e-12	1.65468e-20	5.96701e-09	50	100	1	
1.66877	4.24427	4.24427	7.58326	0.171541	0.000462626	2.69589e-07	8.92386e-18	5.06244e-08	6.03889e-18	1000	4.92525e-07	5.40665e-10	2.16388e-12	3.2871e-20	7.68172e-09	50	100	1	
1.74326	4.14176	4.14176	7.67467	0.182472	0.00054829	3.27513e-07	1.50027e-17	6.69378e-08	1.10734e-17	1000	6.20439e-07	7.48739e-10	2.99673e-12	6.31786e-20	9.76881e-09	50	100	1	
1.87196	3.97952	3.97952	7.81746	0.201573	0.000721556	4.4887e-07	3.48234e-17	1.05235e-07	2.96147e-17	1000	9.0124e-07	1.26927e-09	5.08031e-12	1.82636e-19	1.44217e-08	50	100	1	
2.00067	3.83391	3.83391	7.94332	0.220901	0.0009297	6.00903e-07	7.5912e-17	1.59955e-07	7.35873e-17	1000	1.2723e-06	2.06962e-09	8.28415e-12	4.87847e-19	2.06873e-08	50	100	1	
2.12938	3.70272	3.70272	8.05452	0.240407	0.00117604	7.88182e-07	1.56718e-16	2.36102e-07	1.71606e-16	1000	1.75218e-06	3.26237e-09	1.3059e-11	1.2168e-18	2.89427e-08	50	100	1	
2.25809	3.5841	3.5841	8.15292	0.260048	0.0014638	1.01552e-06	3.08486e-16	3.3965e-07	3.7859e-16	1000	2.36127e-06	4.99201e-09	1.99836e-11	2.85915e-18	3.96147e-08	50	100	1	
2.38679	3.47651	3.47651	8.2401	0.279788	0.00179612	1.28793e-06	5.82205e-16	4.7763e-07	7.953e-16	1000	3.12174e-06	7.4406e-09	2.97869e-11	6.37418e-18	5.31817e-08	50	100	1	
2.5155	3.37864	3.37864	8.3174	0.299592	0.00217603	1.61066e-06	1.05841e-15	6.58218e-07	1.59941e-15	1000	4.05748e-06	1.08338e-08	4.33728e-11	1.35617e-17	7.01749e-08	50	100	1	
2.60967	3.31254	3.31254	8.36837	0.314107	0.00248582	1.88179e-06	1.60417e-15	8.22716e-07	2.60061e-15	1000	4.86786e-06	1.40718e-08	5.6338e-11	2.29345e-17	8.51147e-08	50	100	1	
2.70385	3.25066	3.25066	8.41505	0.32863	0.00282373	2.18493e-06	2.39139e-15	1.01915e-06	4.14803e-15	1000	5.79629e-06	1.80887e-08	7.24227e-11	3.79953e-17	1.02449e-07	50	100	1	
2.79802	3.19266	3.19266	8.45779	0.34315	0.00319078	2.5223e-06	3.5104e-15	1.25202e-06	6.49853e-15	1000	6.85375e-06	2.30291e-08	9.22061e-11	6.17494e-17	1.22441e-07	50	100	1	
2.8922	3.13823	3.13823	8.49691	0.35766	0.00358798	2.89618e-06	5.07964e-15	1.52624e-06	1.00123e-14	1000	8.05166e-06	2.90569e-08	1.16344e-10	9.85743e-17	1.4537e-07	50	100	1	
2.98637	3.08709	3.08709	8.5327	0.372151	0.0040163	3.30885e-06	7.25262e-15	1.84714e-06	1.51875e-14	1000	9.40184e-06	3.63565e-08	1.45577e-10	1.54752e-16	1.71533e-07	50	100	1	
3.08054	3.03901	3.03901	8.5654	0.386614	0.00447662	3.76266e-06	1.02263e-14	2.22047e-06	2.27042e-14	1000	1.09165e-05	4.51348e-08	1.80733e-10	2.39176e-16	2.0124e-07	50	100	1	
3.12825	3.01573	3.01573	8.58086	0.393928	0.00472231	4.00901e-06	1.21158e-14	2.43156e-06	2.76871e-14	1000	1.17506e-05	5.02188e-08	2.01094e-10	2.96512e-16	2.17745e-07	50	100	1	
3.17596	2.99316	2.99316	8.59562	0.401232	0.00497654	4.26683e-06	1.43125e-14	2.65854e-06	3.36492e-14	1000	1.26318e-05	5.57736e-08	2.23341e-10	3.66259e-16	2.35289e-07	50	100	1	
3.22366	2.97125	2.97125	8.60971	0.408526	0.00523942	4.53643e-06	1.68599e-14	2.9023e-06	4.0761e-14	1000	1.35618e-05	6.18334e-08	2.47612e-10	4.50818e-16	2.53915e-07	50	100	1	
3.27137	2.94999	2.94999	8.62314	0.415808	0.00551105	4.81814e-06	1.98064e-14	3.16373e-06	4.92188e-14	1000	1.45423e-05	6.84342e-08	2.7405e-10	5.53003e-16	2.7367e-07	50	100	1	
3.31908	2.92935	2.92935	8.63595	0.423078	0.00579153	5.11226e-06	2.32062e-14	3.44379e-06	5.92482e-14	1000	1.55751e-05	7.56141e-08	3.02807e-10	6.76101e-16	2.94602e-07	50	100	1	
3.36679	2.90931	2.90931	8.64815	0.430335	0.00608095	5.41911e-06	2.71197e-14	3.74345e-06	7.11078e-14	1000	1.66619e-05	8.34126e-08	3.34043e-10	8.23942e-16	3.16759e-07	50	100	1	
3.41449	2.88984	2.88984	8.65977	0.437579	0.0063794	5.73901e-06	3.1614e-14	4.06371e-06	8.50933e-14	1000	1.78044e-05	9.18716e-08	3.67926e-10	1.00098e-15	3.40189e-07	50	100	1	
3.4622	2.87093	2.87093	8.67084	0.444807	0.00668698	6.07227e-06	3.67638e-14	4.40562e-06	1.01542e-13	1000	1.90046e-05	1.01035e-07	4.04629e-10	1.21236e-15	3.64945e-07	50	100	1	
3.51739	2.84972	2.84972	8.68296	0.453151	0.0070543	6.47492e-06	4.36484e-14	4.82957e-06	1.24152e-13	1000	2.04672e-05	1.12575e-07	4.50853e-10	1.50765e-15	3.95304e-07	50	100	1	
3.57258	2.8292	2.8292	8.6944	0.461474	0.00743406	6.89638e-06	5.16643e-14	5.28562e-06	1.51258e-13	1000	2.20122e-05	1.25193e-07	5.01399e-10	1.8677e-15	4.27586e-07	50	100	1	
3.62777	2.80934	2.80934	8.70517	0.469774	0.00782639	7.33715e-06	6.09718e-14	5.77556e-06	1.83649e-13	1000	2.36424e-05	1.38968e-07	5.5658e-10	2.3052e-15	4.61875e-07	50	100	1	
3.68297	2.79012	2.79012	8.7153	0.478051	0.00823141	7.79774e-06	7.17505e-14	6.30121e-06	2.22235e-13	1000	2.53607e-05	1.53983e-07	6.16729e-10	2.835e-15	4.98255e-07	50	100	1	
3.73816	2.77151	2.77151	8.72482	0.486304	0.00864921	8.27865e-06	8.42009e-14	6.86446e-06	2.68062e-13	1000	2.717e-05	1.70325e-07	6.82193e-10	3.47448e-15	5.36814e-07	50	100	1	
3.924	2.71301	2.71301	8.75269	0.513905	0.0101514	1.00539e-05	1.41561e-13	9.06357e-06	4.92834e-13	1000	3.39706e-05	2.36334e-07	9.46641e-10	6.72905e-15	6.83839e-07	50	100	1	
4.10983	2.66034	2.66034	8.77475	0.541195	0.0118031	1.20843e-05	2.31507e-13	1.17913e-05	8.77316e-13	1000	4.19517e-05	3.22314e-07	1.29112e-09	1.25866e-14	8.60109e-07	50	100	1	
4.29567	2.61281	2.61281	8.79169	0.568148	0.0136073	1.43892e-05	3.69255e-13	1.51351e-05	1.51703e-12	1000	5.12308e-05	4.32742e-07	1.73359e-09	2.28173e-14	1.06937e-06	50	100	1	
4.48151	2.56981	2.56981	8.80416	0.594743	0.0155659	1.69876e-05	5.7567e-13	1.91909e-05	2.5545e-12	1000	6.19272e-05	5.72765e-07	2.29468e-09	4.0198e-14	1.31559e-06	50	100	1	
4.66735	2.53081	2.53081	8.81267	0.620964	0.0176804	1.98985e-05	8.78914e-13	2.40626e-05	4.19829e-12	1000	7.4162e-05	7.48248e-07	2.99792e-09	6.89895e-14	1.60292e-06	50	100	1	
4.85319	2.49538	2.49538	8.81769	0.646796	0.0199516	2.31409e-05	1.31638e-12	2.98623e-05	6.7477e-12	1000	8.80574e-05	9.65828e-07	3.86993e-09	1.15592e-13	1.93571e-06	50	100	1	
5.04698	2.4618	2.4618	8.81965	0.673306	0.0224872	2.68952e-05	1.9686e-12	3.7029e-05	1.08294e-11	1000	0.000104449	1.24562e-06	4.99136e-09	1.93422e-13	2.33607e-06	50	100	1	
5.24077	2.43128	2.43128	8.81865	0.699371	0.025193	3.10509e-05	2.89222e-12	4.54823e-05	1.70261e-11	1000	0.000122918	1.58875e-06	6.36674e-09	3.16558e-13	2.79614e-06	50	100	1	
5.43457	2.40349	2.40349	8.81503	0.724982	0.0280681	3.56282e-05	4.18001e-12	5.53779e-05	2.62631e-11	1000	0.000143604	2.00572e-06	8.0383e-09	5.0753e-13	3.32143e-06	50	100	1	
5.62836	2.37812	2.37812	8.8091	0.750136	0.0311109	4.06471e-05	5.94999e-12	6.68813e-05	3.98023e-11	1000	0.000166645	2.50819e-06	1.00527e-08	7.98335e-13	3.91764e-06	50	100	1	
5.82216	2.35492	2.35492	8.80112	0.774828	0.0343193	4.61269e-05	8.35058e-12	8.01674e-05	5.93408e-11	1000	0.000192176	3.10896e-06	1.24614e-08	1.23373e-12	4.5906e-06	50	100	1	
6.01595	2.33367	2.33367	8.79134	0.799059	0.0376908	5.20865e-05	1.15664e-11	9.54204e-05	8.71311e-11	1000	0.000220333	3.82205e-06	1.53207e-08	1.87543e-12	5.34629e-06	50	100	1	
6.24273	2.31099	2.31099	8.77786	0.826829	0.0418393	5.96944e-05	1.66727e-11	0.000116027	1.34145e-10	1000	0.000256793	4.81972e-06	1.93214e-08	3.00269e-12	6.34386e-06	50	100	1	
6.46951	2.29041	2.29041	8.76247	0.853971	0.0462018	6.80126e-05	2.36614e-11	0.000139917	2.02833e-10	1000	0.000297236	6.01888e-06	2.41306e-08	4.71473e-12	7.47306e-06	50	100	1	
6.69629	2.27169	2.27169	8.74542	0.880492	0.0507722	7.70682e-05	3.3097e-11	0.000167432	3.01595e-10	999.999	0.000341865	7.44876e-06	2.98655e-08	7.27008e-12	8.744e-06	50	100	1	
6.92308	2.25461	2.25461	8.72692	0.9064	0.055544	8.68872e-05	4.56759e-11	0.000198927	4.4151e-10	999.999	0.000390874	9.14111e-06	3.66538e-08	1.10232e-11	1.01669e-05	50	100	1	
7.14986	2.23899	2.23899	8.70718	0.931705	0.0605105	9.74943e-05	6.22484e-11	0.000234775	6.3701e-10	999.999	0.000444454	1.11303e-05	4.46335e-08	1.64533e-11	1.17522e-05	50	100	1	
7.37664	2.22465	2.22465	8.68635	0.956418	0.0656644	0.000108913	8.38437e-11	0.00027536	9.06687e-10	999.999	0.000502787	1.34534e-05	5.39534e-08	2.42007e-11	1.35103e-05	50	100	1	
7.64345	2.20924	2.20924	8.66066	0.984752	0.0719576	0.000123416	1.17368e-10	0.000329717	1.35143e-09	999.999	0.000577738	1.66679e-05	6.6851e-08	3.74437e-11	1.58142e-05	50	100	1	
7.91026	2.19522	2.19522	8.63387	1.01231	0.0784874	0.000139108	1.61993e-10	0.000391856	1.98171e-09	999.999	0.000659783	2.0469e-05	8.2104e-08	5.69197e-11	1.83887e-05	50	100	1	
8.17707	2.1824	2.1824	8.60616	1.03911	0.0852408	0.00015602	2.20664e-10	0.000462474	2.86213e-09	999.999	0.000749179	2.49314e-05	1.00013e-07	8.51142e-11	2.12509e-05	50	100	1	
8.44388	2.17063	2.17063	8.57769	1.06517	0.0922053	0.000174181	2.96924e-10	0.000542288	4.07557e-09	999.999	0.00084617	3.0135e-05	1.20898e-07	1.25336e-10	2.44178e-05	50	100	1	
8.71069	2.1598	2.1598	8.54859	1.09054	0.0993678	0.00019362	3.94989e-10	0.000632032	5.72717e-09	999.998	0.000950985	3.6165e-05	1.45102e-07	1.81939e-10	2.79061e-05	50	100	1	
8.9775	2.14977	2.14977	8.51896	1.11522	0.106716	0.000214361	5.1984e-10	0.000732464	7.94902e-09	999.998	0.00106384	4.31116e-05	1.7299e-07	2.60582e-10	3.17323e-05	50	100	1	
9.30295	2.13849	2.13849	8.48227	1.14444	0.115912	0.000241458	7.16951e-10	0.000870561	1.16731e-08	999.998	0.00121266	5.29654e-05	2.12552e-07	3.97095e-10	3.68808e-05	49.9999	100	1	
9.62841	2.12811	2.12811	8.44509	1.17274	0.125343	0.000270564	9.75181e-10	0.00102714	1.68694e-08	999.998	0.00137408	6.45089e-05	2.58905e-07	5.94696e-10	4.25854e-05	49.9999	100	1	
9.95386	2.11851	2.11851	8.40757	1.20015	0.134988	0.000301715	1.30944e-09	0.00120366	2.40182e-08	999.997	0.00154838	7.79369e-05	3.12831e-07	8.76329e-10	4.88744e-05	49.9999	100	1	
10.2793	2.10957	2.10957	8.3698	1.22672	0.144826	0.000334939	1.73728e-09	0.0014016	3.37252e-08	999.997	0.00173584	9.34546e-05	3.75158e-07	1.27201e-09	5.57753e-05	49.9999	99.9999	1	
10.6048	2.10121	2.10121	8.33188	1.2525	0.154837	0.000370263	2.27926e-09	0.00162248	4.67457e-08	999.996	0.00193672	0.000111278	4.46755e-07	1.82052e-09	6.33148e-05	49.9999	99.9999	1	
10.9302	2.09333	2.09333	8.29388	1.27752	0.165003	0.00040771	2.95916e-09	0.00186783	6.40127e-08	999.996	0.00215122	0.000131632	5.2853e-07	2.57145e-09	7.15185e-05	49.9999	99.9999	1	
11.2557	2.08588	2.08588	8.25586	1.30183	0.175307	0.000447299	3.8044e-09	0.00213919	8.66684e-08	999.995	0.00237953	0.000154754	6.21435e-07	3.58752e-09	8.04111e-05	49.9998	99.9999	1	
11.5811	2.0788	2.0788	8.21788	1.32545	0.185731	0.000489046	4.84627e-09	0.00243812	1.16099e-07	999.995	0.00262184	0.000180888	7.26456e-07	4.94733e-09	9.00162e-05	49.9998	99.9999	1	
11.9066	2.07204	2.07204	8.17998	1.34844	0.19626	0.000532966	6.12032e-09	0.00276618	1.53972e-07	999.994	0.00287827	0.000210288	8.44618e-07	6.74844e-09	0.000100357	49.9998	99.9999	1	
12.2321	2.06555	2.06555	8.14219	1.37082	0.20688	0.000579069	7.66668e-09	0.00312496	2.02281e-07	999.993	0.00314897	0.000243217	9.7698e-07	9.11102e-09	0.000111454	49.9998	99.9999	1	
12.5575	2.05931	2.05931	8.10456	1.39261	0.217577	0.000627364	9.53036e-09	0.00351604	2.63393e-07	999.993	0.00343403	0.000279946	1.12463e-06	1.21818e-08	0.000123329	49.9997	99.9999	1	
12.883	2.05327	2.05327	8.06709	1.41386	0.228338	0.000677857	1.17616e-08	0.003941	3.40095e-07	999.992	0.00373354	0.000320751	1.2887e-06	1.61387e-08	0.000136	49.9997	99.9999	1	
13.2084	2.04743	2.04743	8.02982	1.43459	0.239152	0.000730554	1.44164e-08	0.00440143	4.35657e-07	999.991	0.00404757	0.000365921	1.47033e-06	2.1196e-08	0.000149487	49.9996	99.9999	1	
13.5339	2.04174	2.04174	7.99276	1.45483	0.250008	0.000785456	1.75563e-08	0.00489893	5.53882e-07	999.99	0.00437619	0.000415745	1.67071e-06	2.76098e-08	0.000163806	49.9996	99.9998	1	
13.8593	2.0362	2.0362	7.95593	1.47459	0.260896	0.000842566	2.12495e-08	0.00543507	6.99182e-07	999.989	0.00471943	0.000470524	1.89104e-06	3.56845e-08	0.000178974	49.9995	99.9998	1	
14.1848	2.03079	2.03079	7.91934	1.49391	0.271806	0.000901882	2.55705e-08	0.00601145	8.76636e-07	999.988	0.00507732	0.000530561	2.13256e-06	4.57797e-08	0.000195005	49.9995	99.9998	1	
14.5102	2.0255	2.0255	7.88299	1.5128	0.282732	0.000963403	3.06008e-08	0.00662964	1.09207e-06	999.987	0.00544988	0.000596166	2.39651e-06	5.8318e-08	0.000211916	49.9994	99.9998	1	
14.8357	2.0203	2.0203	7.8469	1.53129	0.293664	0.00102713	3.6429e-08	0.00729121	1.35215e-06	999.986	0.00583711	0.000667655	2.68417e-06	7.37931e-08	0.000229717	49.9993	99.9998	1	
15.1612	2.0152	2.0152	7.81107	1.54938	0.304595	0.00109305	4.31514e-08	0.00799774	1.66442e-06	999.985	0.00623901	0.000745347	2.99683e-06	9.27791e-08	0.000248422	49.9993	99.9998	1	
15.4866	2.01018	2.01018	7.7755	1.56711	0.315521	0.00116116	5.08721e-08	0.00875078	2.03744e-06	999.984	0.00665557	0.000829565	3.3358e-06	1.1594e-07	0.000268043	49.9992	99.9997	1	
15.8121	2.00523	2.00523	7.74021	1.58448	0.326433	0.00123146	5.97033e-08	0.00955188	2.48088e-06	999.982	0.00708677	0.000920636	3.70242e-06	1.44041e-07	0.000288589	49.9991	99.9997	1	
16.1375	2.00036	2.00036	7.70519	1.60151	0.337328	0.00130393	6.97655e-08	0.0104026	3.00556e-06	999.981	0.00753257	0.00101889	4.09801e-06	1.7796e-07	0.00031007	49.999	99.9997	1	
16.463	1.99554	1.99554	7.67044	1.61821	0.348199	0.00137858	8.11881e-08	0.0113044	3.62362e-06	999.98	0.00799295	0.00112467	4.52394e-06	2.18699e-07	0.000332495	49.9989	99.9997	1	
16.7884	1.99079	1.99079	7.63596	1.6346	0.359044	0.0014554	9.41093e-08	0.0122589	4.34859e-06	999.978	0.00846786	0.0012383	4.98156e-06	2.67397e-07	0.000355871	49.9988	99.9996	1	
17.1501	1.98557	1.98557	7.59797	1.65246	0.371059	0.00154329	1.10408e-07	0.0133833	5.29812e-06	999.976	0.00901265	0.00137421	5.52903e-06	3.32437e-07	0.000382977	49.9986	99.9996	1	
17.5118	1.98041	1.98041	7.56032	1.66997	0.38303	0.00163383	1.28957e-07	0.0145767	6.42137e-06	999.974	0.00957526	0.00152072	6.11926e-06	4.10927e-07	0.000411276	49.9985	99.9996	1	
17.8736	1.9753	1.9753	7.52301	1.68713	0.394953	0.00172701	1.49987e-07	0.0158411	7.74407e-06	999.972	0.0101556	0.00167828	6.75416e-06	5.05167e-07	0.000440776	49.9983	99.9996	1	
18.2353	1.97025	1.97025	7.48604	1.70396	0.406824	0.0018228	1.73745e-07	0.0171784	9.29487e-06	999.97	0.0107536	0.00184738	7.43565e-06	6.17766e-07	0.000471482	49.9982	99.9995	1	
18.597	1.96526	1.96526	7.4494	1.72048	0.418638	0.0019212	2.00493e-07	0.0185908	1.11056e-05	999.968	0.0113692	0.00202848	8.16568e-06	7.5168e-07	0.000503402	49.998	99.9995	1	
18.9587	1.9603	1.9603	7.4131	1.73669	0.430393	0.00202218	2.3051e-07	0.02008	1.32113e-05	999.966	0.0120022	0.00222206	8.94617e-06	9.10235e-07	0.000536539	49.9978	99.9995	1	
19.3629	1.95482	1.95482	7.37292	1.75445	0.443457	0.00213809	2.68288e-07	0.0218379	1.59618e-05	999.963	0.0127303	0.00245376	9.88057e-06	1.12121e-06	0.000575019	49.9975	99.9994	1	
19.7672	1.9494	1.9494	7.33315	1.77186	0.456439	0.00225718	3.10953e-07	0.023697	1.91893e-05	999.96	0.0134799	0.00270231	1.08832e-05	1.37352e-06	0.000615027	49.9973	99.9994	1	
20.1714	1.94402	1.94402	7.29379	1.78893	0.469337	0.00237944	3.5897e-07	0.02566	2.29602e-05	999.957	0.0142509	0.00296836	1.19566e-05	1.67381e-06	0.000656569	49.997	99.9993	1	
20.5757	1.9387	1.9387	7.25484	1.80567	0.482148	0.00250483	4.12827e-07	0.0277294	2.7348e-05	999.954	0.0150431	0.00325258	1.31038e-05	2.02955e-06	0.000699643	49.9967	99.9993	1	
20.9799	1.93342	1.93342	7.21628	1.82209	0.494868	0.00263335	4.73043e-07	0.0299079	3.24334e-05	999.951	0.0158565	0.00355563	1.43272e-05	2.44912e-06	0.000744253	49.9964	99.9993	1	
21.3842	1.92819	1.92819	7.17812	1.8382	0.507497	0.00276495	5.40163e-07	0.0321979	3.83054e-05	999.947	0.0166908	0.00387816	1.56297e-05	2.9419e-06	0.000790396	49.9961	99.9992	1	
21.8356	1.9224	1.9224	7.13597	1.85584	0.52149	0.00291556	6.23994e-07	0.0348903	4.59127e-05	999.943	0.017647	0.00426221	1.71812e-05	3.59163e-06	0.000843742	49.9957	99.9992	1	
22.2871	1.91666	1.91666	7.09429	1.87312	0.535364	0.00306995	7.17995e-07	0.0377283	5.47714e-05	999.939	0.018629	0.00467228	1.88384e-05	4.36195e-06	0.000898996	49.9953	99.9991	1	
22.7386	1.91098	1.91098	7.05309	1.89005	0.549116	0.00322809	8.23056e-07	0.0407153	6.50451e-05	999.934	0.0196364	0.00510927	2.06052e-05	5.27106e-06	0.000956153	49.9949	99.999	1	
23.19	1.90535	1.90535	7.01236	1.90664	0.562746	0.00338995	9.4011e-07	0.0438544	7.69134e-05	999.93	0.020669	0.00557406	2.24852e-05	6.33923e-06	0.00101521	49.9944	99.999	1	
23.6415	1.89977	1.89977	6.9721	1.92291	0.576251	0.00355549	1.07014e-06	0.0471488	9.05725e-05	999.925	0.0217266	0.00606753	2.44821e-05	7.58906e-06	0.00107616	49.9939	99.9989	1	
24.093	1.89424	1.89424	6.93229	1.93886	0.589631	0.00372468	1.21416e-06	0.0506016	0.000106237	999.92	0.0228088	0.00659056	2.65997e-05	9.04556e-06	0.00113899	49.9934	99.9989	1	
24.6295	1.88773	1.88773	6.88557	1.95742	0.605367	0.00393042	1.40501e-06	0.0549152	0.000127783	999.913	0.0241268	0.00725176	2.92782e-05	1.10836e-05	0.00121609	49.9927	99.9988	1	
25.1661	1.88128	1.88128	6.83948	1.97556	0.620924	0.0041412	1.61902e-06	0.0594616	0.000152918	999.907	0.025479	0.00795732	3.21384e-05	1.35044e-05	0.00129583	49.992	99.9987	1	
25.7026	1.8749	1.8749	6.794	1.99329	0.636301	0.00435695	1.85819e-06	0.0642457	0.000182113	999.9	0.0268649	0.00870866	3.51864e-05	1.63655e-05	0.00137819	49.9913	99.9986	1	
26.2391	1.86859	1.86859	6.74914	2.01063	0.651496	0.00457762	2.12459e-06	0.069272	0.00021588	999.892	0.0282841	0.00950714	3.84282e-05	1.97312e-05	0.00146314	49.9905	99.9985	1	
26.7757	1.86234	1.86234	6.70487	2.02759	0.66651	0.00480313	2.42037e-06	0.074545	0.000254781	999.885	0.0297363	0.0103541	4.18698e-05	2.36729e-05	0.00155066	49.9896	99.9984	1	
27.3122	1.85616	1.85616	6.66119	2.04418	0.681343	0.00503342	2.7478e-06	0.0800689	0.000299426	999.877	0.031221	0.0112509	4.55171e-05	2.82691e-05	0.00164074	49.9887	99.9984	1	
28.0009	1.84831	1.84831	6.60597	2.06495	0.700117	0.00533597	3.21827e-06	0.087534	0.000366219	999.866	0.0331738	0.0124771	5.05099e-05	3.52689e-05	0.00176009	49.9875	99.9982	1	
28.6897	1.84056	1.84056	6.55168	2.08516	0.718592	0.00564617	3.74995e-06	0.0954274	0.000445103	999.855	0.0351787	0.0137901	5.58635e-05	4.36955e-05	0.00188356	49.9862	99.9981	1	
29.3784	1.8329	1.8329	6.49831	2.10482	0.73677	0.00596391	4.34828e-06	0.103757	0.00053776	999.843	0.0372348	0.0151924	6.15901e-05	5.37783e-05	0.0020111	49.9848	99.998	1	
30.0671	1.82535	1.82535	6.44584	2.12395	0.754652	0.00628905	5.01891e-06	0.112529	0.00064604	999.83	0.0393411	0.0166865	6.77017e-05	6.57736e-05	0.00214267	49.9832	99.9979	1	
30.7558	1.81789	1.81789	6.39425	2.14257	0.772239	0.00662147	5.76774e-06	0.121751	0.00077196	999.817	0.041497	0.0182748	7.421e-05	7.9966e-05	0.00227821	49.9816	99.9977	1	
31.4446	1.81053	1.81053	6.34353	2.1607	0.789533	0.00696104	6.60089e-06	0.131428	0.000917718	999.803	0.0437014	0.0199594	8.11269e-05	9.66711e-05	0.00241767	49.9799	99.9976	1	
32.328	1.80122	1.80122	6.2797	2.18327	0.811292	0.00740691	7.80325e-06	0.144518	0.00113757	999.784	0.046599	0.0222649	9.06162e-05	0.000122339	0.0026022	49.9776	99.9974	1	
33.2115	1.79206	1.79206	6.21722	2.20509	0.832577	0.0078641	9.16865e-06	0.158377	0.00139948	999.764	0.0495735	0.0247367	0.000100821	0.000153534	0.00279297	49.9751	99.9972	1	
34.095	1.78304	1.78304	6.15607	2.22618	0.853394	0.00833233	1.07115e-05	0.173014	0.00170948	999.743	0.0526232	0.0273786	0.000111765	0.000191169	0.00298986	49.9724	99.997	1	
34.9785	1.77417	1.77417	6.09622	2.24659	0.873747	0.00881137	1.24466e-05	0.188434	0.00207415	999.721	0.0557462	0.0301942	0.000123471	0.000236266	0.00319274	49.9696	99.9968	1	
35.8619	1.76545	1.76545	6.03762	2.26633	0.893644	0.00930097	1.43893e-05	0.204645	0.00250063	999.697	0.058941	0.0331868	0.000135964	0.000289953	0.00340149	49.9665	99.9966	1	
36.7454	1.75686	1.75686	5.98025	2.28544	0.913089	0.00980087	1.65553e-05	0.221649	0.00299664	999.673	0.0622058	0.0363591	0.000149265	0.000353473	0.00361599	49.9633	99.9964	1	
37.6289	1.74841	1.74841	5.92408	2.30393	0.932089	0.0103108	1.89607e-05	0.239449	0.00357051	999.647	0.065539	0.0397136	0.000163399	0.000428191	0.00383613	49.9599	99.9962	1	
38.5124	1.74009	1.74009	5.86907	2.32183	0.950651	0.0108307	2.16218e-05	0.258045	0.00423113	999.62	0.0689389	0.0432525	0.000178388	0.000515594	0.00406177	49.9562	99.9959	1	
39.3958	1.73191	1.73191	5.81521	2.33916	0.968781	0.0113601	2.45552e-05	0.277435	0.004988	999.592	0.0724041	0.0469775	0.000194255	0.000617294	0.00429281	49.9524	99.9957	1	
40.2793	1.72385	1.72385	5.76246	2.35594	0.986486	0.0118988	2.77778e-05	0.297618	0.00585118	999.562	0.0759328	0.0508899	0.000211023	0.000735036	0.00452912	49.9484	99.9955	1	
41.1628	1.71593	1.71593	5.7108	2.37219	1.00377	0.0124467	3.13065e-05	0.318589	0.00683133	999.531	0.0795236	0.0549907	0.000228715	0.000870693	0.00477059	49.9441	99.9952	1	
42.0463	1.70813	1.70813	5.6602	2.38792	1.02065	0.0130036	3.51583e-05	0.340341	0.00793965	999.499	0.0831749	0.0592805	0.000247354	0.00102627	0.00501709	49.9397	99.995	1	
43.0497	1.69941	1.69941	5.60397	2.4052	1.03932	0.0136466	3.99469e-05	0.365987	0.00936892	999.46	0.0873937	0.0643824	0.000269703	0.00122987	0.00530304	49.9344	99.9947	1	
44.0532	1.69086	1.69086	5.54905	2.42186	1.05749	0.0143005	4.51993e-05	0.392619	0.0109968	999.42	0.0916865	0.069728	0.000293339	0.00146528	0.00559518	49.9288	99.9944	1	
45.0567	1.68246	1.68246	5.49539	2.43793	1.07515	0.014965	5.09405e-05	0.420221	0.012842	999.379	0.0960511	0.0753164	0.000318296	0.00173605	0.00589334	49.9229	99.9941	1	
46.0602	1.67421	1.67421	5.44297	2.45343	1.09232	0.0156399	5.71949e-05	0.448775	0.0149242	999.335	0.100486	0.0811459	0.000344611	0.00204597	0.00619736	49.9168	99.9938	1	
47.0637	1.6661	1.6661	5.39174	2.46839	1.109	0.0163247	6.39868e-05	0.478263	0.0172638	999.289	0.104988	0.0872145	0.000372318	0.00239899	0.00650708	49.9104	99.9935	1	
48.0672	1.65814	1.65814	5.34168	2.48281	1.12522	0.0170193	7.13401e-05	0.508662	0.0198815	999.242	0.109556	0.0935194	0.000401456	0.00279929	0.00682234	49.9037	99.9932	1	
49.2388	1.64903	1.64903	5.28466	2.49901	1.14356	0.0178421	8.06667e-05	0.545275	0.0233183	999.184	0.11497	0.101175	0.000437336	0.0033323	0.00719722	49.8955	99.9928	1	
50.4104	1.64011	1.64011	5.22915	2.51453	1.16129	0.0186774	9.08262e-05	0.58306	0.0271984	999.124	0.120467	0.109142	0.000475278	0.00394293	0.00757922	49.8869	99.9924	1	
51.5819	1.63137	1.63137	5.17509	2.52942	1.17842	0.0195247	0.000101854	0.621974	0.0315573	999.061	0.126046	0.117414	0.000515345	0.00463867	0.00796809	49.8779	99.992	1	
52.7535	1.62281	1.62281	5.12245	2.5437	1.19496	0.0203835	0.000113782	0.661974	0.0364309	998.995	0.131703	0.125982	0.000557604	0.00542729	0.00836361	49.8686	99.9916	1	
53.9251	1.61443	1.61443	5.07117	2.55738	1.21093	0.0212535	0.000126645	0.703015	0.0418555	998.927	0.137435	0.134838	0.000602119	0.00631677	0.00876556	49.8588	99.9912	1	
55.0967	1.60622	1.60622	5.02122	2.57049	1.22635	0.0221344	0.000140471	0.745049	0.0478672	998.856	0.14324	0.143973	0.00064896	0.00731526	0.00917372	49.8487	99.9908	1	
56.6615	1.59552	1.59552	4.9565	2.58716	1.24609	0.023327	0.00016049	0.80266	0.0568751	998.757	0.151101	0.156591	0.000715271	0.00883326	0.00972818	49.8346	99.9903	1	
58.2263	1.58511	1.58511	4.89399	2.6029	1.2649	0.0245372	0.000182343	0.861846	0.0670799	998.652	0.159081	0.169665	0.000786025	0.0105805	0.0102928	49.8198	99.9897	1	
59.7911	1.57499	1.57499	4.8336	2.61777	1.28281	0.0257643	0.00020609	0.922497	0.0785649	998.543	0.167173	0.183168	0.000861398	0.0125769	0.0108673	49.8043	99.9891	1	
61.3559	1.56514	1.56514	4.77524	2.63179	1.29985	0.0270074	0.000231784	0.984502	0.091411	998.428	0.175372	0.197075	0.000941568	0.0148426	0.0114509	49.7881	99.9885	1	
62.9207	1.55557	1.55557	4.71883	2.64502	1.31605	0.0282656	0.000259472	1.04775	0.105696	998.309	0.183673	0.211358	0.00102672	0.0173972	0.0120435	49.7712	99.988	1	
64.4855	1.54625	1.54625	4.6643	2.65749	1.33144	0.0295383	0.000289198	1.11215	0.121495	998.184	0.192069	0.225991	0.00111703	0.02026	0.0126444	49.7537	99.9874	1	
66.2607	1.53598	1.53598	4.60462	2.67076	1.34796	0.0309988	0.000325438	1.18647	0.14134	998.036	0.201704	0.242982	0.00122596	0.0239047	0.0133359	49.7331	99.9867	1	
68.036	1.52603	1.52603	4.54716	2.68315	1.36351	0.0324758	0.0003644	1.262	0.163322	997.881	0.211448	0.260352	0.00134204	0.0279966	0.014037	49.7117	99.986	1	
69.8112	1.51638	1.51638	4.49182	2.6947	1.37813	0.0339685	0.000406128	1.33862	0.187529	997.718	0.221295	0.278066	0.00146552	0.0325607	0.0147474	49.6894	99.9853	1	
71.5864	1.50703	1.50703	4.43851	2.70546	1.39187	0.0354759	0.000450658	1.41622	0.214046	997.549	0.231238	0.296088	0.00159666	0.0376204	0.0154664	49.6663	99.9845	1	
73.3617	1.49796	1.49796	4.38715	2.71547	1.40475	0.0369971	0.000498023	1.49469	0.242949	997.373	0.24127	0.314386	0.00173572	0.0431977	0.0161936	49.6424	99.9838	1	
75.1369	1.48916	1.48916	4.33764	2.72476	1.41682	0.0385312	0.000548251	1.57395	0.274307	997.19	0.251386	0.332931	0.00188292	0.0493131	0.0169284	49.6178	99.9831	1	
77.149	1.47952	1.47952	4.28368	2.73448	1.42956	0.0402846	0.000608672	1.66461	0.312897	996.974	0.262944	0.354214	0.00205991	0.0569185	0.0177699	49.5889	99.9822	1	
79.1611	1.47019	1.47019	4.23189	2.74337	1.44134	0.0420524	0.00067283	1.75607	0.354804	996.748	0.274595	0.375741	0.00224797	0.0652638	0.0186201	49.559	99.9814	1	
81.1733	1.46119	1.46119	4.18216	2.75148	1.4522	0.0438335	0.000740751	1.84822	0.400102	996.513	0.286328	0.397479	0.00244741	0.0743711	0.0194783	49.5282	99.9805	1	
83.1854	1.45249	1.45249	4.13441	2.75885	1.4622	0.0456269	0.000812455	1.94099	0.448855	996.269	0.298138	0.419398	0.00265848	0.0842601	0.0203439	49.4963	99.9797	1	
85.1975	1.44408	1.44408	4.08853	2.76554	1.47137	0.0474316	0.000887959	2.0343	0.501122	996.015	0.310018	0.441472	0.00288143	0.0949479	0.0212164	49.4636	99.9788	1	
87.2096	1.43595	1.43595	4.04444	2.77156	1.47976	0.0492468	0.000967277	2.12809	0.556952	995.752	0.321959	0.463677	0.00311649	0.10645	0.0220952	49.4299	99.9779	1	
89.602	1.42663	1.42663	3.99421	2.77792	1.48876	0.0514173	0.00106657	2.24017	0.628034	995.427	0.336231	0.490222	0.003412	0.121203	0.0231477	49.3886	99.9769	1	
91.9944	1.41768	1.41768	3.94626	2.78345	1.49675	0.0535998	0.00117128	2.35278	0.704283	995.088	0.350571	0.516894	0.00372518	0.137143	0.0242077	49.346	99.9758	1	
94.3868	1.40907	1.40907	3.90045	2.78822	1.50381	0.0557931	0.00128143	2.46586	0.785754	994.736	0.364971	0.543665	0.0040563	0.154287	0.0252744	49.302	99.9747	1	
96.7793	1.4008	1.4008	3.85666	2.79226	1.50998	0.0579958	0.00139701	2.57935	0.872495	994.37	0.379421	0.570515	0.00440554	0.172646	0.0263472	49.2568	99.9737	1	
99.1717	1.39284	1.39284	3.81478	2.79562	1.51532	0.0602069	0.00151804	2.6932	0.964549	993.991	0.393913	0.597423	0.00477309	0.19223	0.0274253	49.2103	99.9726	1	
101.564	1.38519	1.38519	3.7747	2.79835	1.51986	0.0624252	0.00164451	2.80738	1.06195	993.598	0.408439	0.624371	0.00515908	0.213047	0.0285083	49.1626	99.9715	1	
104.575	1.37596	1.37596	3.72668	2.80094	1.52454	0.0652257	0.00181141	2.95148	1.19218	993.084	0.426757	0.658323	0.00567122	0.241006	0.029877	49.1007	99.9701	1	
107.586	1.36716	1.36716	3.68117	2.80266	1.52813	0.0680343	0.0019869	3.09596	1.33097	992.548	0.445102	0.69229	0.00621287	0.270934	0.0312514	49.0368	99.9687	1	
110.597	1.35876	1.35876	3.638	2.80357	1.53072	0.0708491	0.00217096	3.24078	1.47837	991.991	0.463462	0.72625	0.00678411	0.302833	0.0326303	48.9709	99.9674	1	
113.608	1.35075	1.35075	3.59702	2.80374	1.53238	0.0736685	0.00236357	3.38589	1.6344	991.413	0.481825	0.760183	0.00738498	0.336704	0.034013	48.9031	99.966	1	
116.619	1.34309	1.34309	3.55808	2.80322	1.53317	0.0764912	0.00256468	3.53124	1.79909	990.813	0.500178	0.794072	0.00801544	0.372543	0.0353984	48.8334	99.9646	1	
117.157	1.34176	1.34176	3.55132	2.80306	1.53323	0.0769961	0.00260153	3.55725	1.82945	990.703	0.503458	0.800125	0.00813129	0.379159	0.0356464	48.8207	99.9644	1	
117.696	1.34044	1.34044	3.54462	2.80288	1.53326	0.0775011	0.00263866	3.58327	1.86009	990.593	0.506738	0.806177	0.00824808	0.385837	0.0358944	48.808	99.9641	1	
118.234	1.33913	1.33913	3.53798	2.80268	1.53327	0.0780061	0.00267606	3.6093	1.89101	990.482	0.510017	0.812226	0.00836582	0.392578	0.0361425	48.7952	99.9639	1	
118.772	1.33782	1.33782	3.5314	2.80246	1.53325	0.0785112	0.00271372	3.63533	1.9222	990.37	0.513295	0.818274	0.0084845	0.399381	0.0363907	48.7823	99.9636	1	
119.311	1.33653	1.33653	3.52487	2.80222	1.53321	0.0790163	0.00275166	3.66137	1.95368	990.258	0.516572	0.824319	0.00860412	0.406248	0.0366389	48.7694	99.9634	1	
120.241	1.33433	1.33433	3.51374	2.80177	1.53308	0.0798888	0.00281781	3.70635	2.00869	990.062	0.52223	0.834755	0.00881295	0.418254	0.0370677	48.747	99.9629	1	
121.171	1.33215	1.33215	3.50277	2.80126	1.53288	0.0807613	0.00288477	3.75135	2.06453	989.865	0.527885	0.845183	0.00902458	0.430448	0.0374966	48.7244	99.9625	1	
122.101	1.33	1.33	3.49197	2.80069	1.53262	0.0816339	0.00295253	3.79637	2.1212	989.665	0.533538	0.855603	0.00923902	0.442827	0.0379256	48.7016	99.9621	1	
123.03	1.32789	1.32789	3.48132	2.80007	1.53229	0.0825064	0.00302109	3.84139	2.1787	989.463	0.539186	0.866016	0.00945625	0.455392	0.0383547	48.6786	99.9616	1	
125.407	1.3226	1.3226	3.45481	2.79827	1.53116	0.0847362	0.00319995	3.95655	2.32944	988.938	0.553608	0.892591	0.0100242	0.488351	0.0394518	48.6191	99.9605	1	
127.784	1.31749	1.31749	3.42927	2.79615	1.52964	0.0869652	0.00338399	4.07177	2.4856	988.4	0.568002	0.919104	0.0106103	0.522516	0.0405489	48.5584	99.9595	1	
130.161	1.31255	1.31255	3.40465	2.79373	1.52776	0.0891927	0.00357319	4.18705	2.64716	987.849	0.582364	0.945551	0.0112145	0.557879	0.0416459	48.4966	99.9584	1	
132.538	1.30776	1.30776	3.3809	2.79105	1.52553	0.0914185	0.00376752	4.30238	2.81414	987.284	0.596691	0.971924	0.0118367	0.594435	0.0427425	48.4336	99.9573	1	
136.786	1.29959	1.29959	3.34047	2.78561	1.52075	0.0953905	0.00412747	4.50856	3.126	986.243	0.622198	1.01886	0.012993	0.66271	0.0447005	48.3184	99.9553	1	
141.035	1.29186	1.29186	3.30243	2.77943	1.51506	0.0993533	0.00450351	4.71479	3.45508	985.16	0.647565	1.06552	0.0142056	0.73472	0.0466553	48.1998	99.9533	1	
145.283	1.28454	1.28454	3.26656	2.7726	1.50856	0.103305	0.00489544	4.92101	3.80132	984.035	0.672777	1.11189	0.0154737	0.810409	0.0486057	48.0777	99.9514	1	
149.531	1.2776	1.2776	3.23268	2.76518	1.50135	0.107244	0.00530305	5.12718	4.16465	982.869	0.69782	1.15793	0.0167965	0.889721	0.0505509	47.9523	99.9494	1	
153.779	1.271	1.271	3.2006	2.75725	1.49351	0.11117	0.00572615	5.33324	4.545	981.663	0.722683	1.20364	0.018173	0.972595	0.0524899	47.8238	99.9475	1	
158.616	1.26387	1.26387	3.16606	2.74766	1.48391	0.115621	0.00622651	5.56771	4.9987	980.241	0.750761	1.25524	0.0198045	1.07121	0.0546896	47.6735	99.9453	1	
163.453	1.25711	1.25711	3.13345	2.73755	1.47369	0.120051	0.00674637	5.80194	5.47421	978.766	0.778578	1.30635	0.021503	1.17426	0.0568797	47.5194	99.9431	1	
168.29	1.25069	1.25069	3.10257	2.72699	1.46295	0.124459	0.00728542	6.03589	5.9714	977.241	0.806123	1.35695	0.0232668	1.28165	0.0590594	47.3614	99.9409	1	
173.128	1.24458	1.24458	3.07325	2.71604	1.45176	0.128844	0.00784336	6.26952	6.4901	975.665	0.833387	1.40702	0.0250943	1.39325	0.0612282	47.1997	99.9388	1	
177.965	1.23874	1.23874	3.04535	2.70476	1.44021	0.133205	0.00841989	6.50279	7.03016	974.04	0.86036	1.45654	0.0269839	1.50897	0.0633857	47.0345	99.9366	1	
183.736	1.2321	1.2321	3.01372	2.69093	1.42602	0.138377	0.00913166	6.78059	7.70221	972.036	0.892154	1.51487	0.0293171	1.65225	0.0659443	46.8329	99.9341	1	
189.507	1.22578	1.22578	2.98371	2.67677	1.41148	0.143513	0.00986895	7.05779	8.40411	969.963	0.923516	1.57237	0.0317331	1.80104	0.0684857	46.6266	99.9315	1	
195.279	1.21975	1.21975	2.95515	2.66235	1.39668	0.148613	0.0106313	7.33433	9.13556	967.822	0.954439	1.62901	0.034229	1.95512	0.0710096	46.4159	99.929	1	
201.05	1.21398	1.21398	2.92787	2.64771	1.38169	0.153677	0.0114182	7.61018	9.89623	965.614	0.984918	1.68478	0.0368017	2.1143	0.0735158	46.2009	99.9265	1	
206.821	1.20843	1.20843	2.90174	2.63292	1.36657	0.158706	0.0122292	7.8853	10.6858	963.341	1.01495	1.73966	0.0394482	2.27838	0.0760043	45.982	99.924	1	
212.592	1.20309	1.20309	2.87665	2.618	1.35137	0.163699	0.0130639	8.15965	11.504	961.003	1.04453	1.79363	0.0421652	2.44716	0.0784751	45.7592	99.9215	1	
218.364	1.19793	1.19793	2.85249	2.603	1.33613	0.168656	0.0139219	8.43323	12.3504	958.601	1.07365	1.84668	0.0449498	2.62043	0.0809282	45.5329	99.9191	1	
224.135	1.19294	1.19294	2.82917	2.58794	1.3209	0.173579	0.0148027	8.70599	13.2247	956.137	1.10233	1.89881	0.0477988	2.798	0.083364	45.3032	99.9166	1	
230.977	1.18721	1.18721	2.8025	2.57007	1.3029	0.179371	0.0158758	9.02828	14.2969	953.137	1.13574	1.95939	0.0512555	3.01379	0.0862294	45.0268	99.9138	1	
237.818	1.18168	1.18168	2.77678	2.5522	1.28499	0.185116	0.0169799	9.34936	15.4073	950.052	1.16851	2.01865	0.0547935	3.23501	0.0890711	44.7463	99.9109	1	
244.66	1.1763	1.1763	2.75191	2.53438	1.26723	0.190815	0.0181143	9.66922	16.5553	946.885	1.20066	2.07658	0.0584077	3.46133	0.0918898	44.4621	99.9081	1	
251.502	1.17108	1.17108	2.72781	2.51662	1.24964	0.19647	0.0192785	9.98783	17.7405	943.638	1.23217	2.13317	0.0620931	3.69243	0.0946861	44.1744	99.9053	1	
257.148	1.16687	1.16687	2.70844	2.50203	1.23527	0.201104	0.0202612	10.2498	18.746	940.898	1.25772	2.17886	0.0651847	3.88651	0.0969772	43.9346	99.903	1	
258.101	1.16617	1.16617	2.70521	2.49958	1.23286	0.201884	0.020429	10.294	18.9182	940.43	1.26199	2.18649	0.0657109	3.91957	0.0973627	43.8939	99.9026	1	
259.055	1.16547	1.16547	2.702	2.49712	1.23045	0.202663	0.0205975	10.3381	19.0911	939.961	1.26625	2.19409	0.0662384	3.95271	0.0977477	43.8532	99.9023	1	
260.008	1.16478	1.16478	2.6988	2.49467	1.22804	0.203441	0.0207665	10.3822	19.2647	939.49	1.27049	2.20166	0.0667671	3.98593	0.0981323	43.8124	99.9019	1	
260.961	1.16408	1.16408	2.69561	2.49222	1.22564	0.204218	0.020936	10.4263	19.439	939.018	1.27473	2.20921	0.0672969	4.01923	0.0985165	43.7716	99.9015	1	
262.868	1.1627	1.1627	2.68926	2.48733	1.22086	0.20577	0.0212767	10.5143	19.7897	938.069	1.28317	2.22423	0.0683601	4.08607	0.0992837	43.6897	99.9007	1	
264.774	1.16132	1.16132	2.68296	2.48245	1.21609	0.207319	0.0216197	10.6023	20.1432	937.114	1.29155	2.23914	0.0694278	4.15321	0.100049	43.6076	99.9	1	
266.681	1.15996	1.15996	2.67671	2.47758	1.21134	0.208865	0.0219648	10.6902	20.4994	936.153	1.2999	2.25395	0.0705	4.22065	0.100813	43.5254	99.8992	1	
268.588	1.1586	1.1586	2.6705	2.47272	1.20661	0.210408	0.0223121	10.7779	20.8583	935.186	1.30819	2.26866	0.0715765	4.28839	0.101576	43.443	99.8984	1	
273.745	1.15497	1.15497	2.65392	2.45962	1.1939	0.214566	0.0232624	11.0148	21.8428	932.543	1.33039	2.30793	0.0745092	4.47303	0.103631	43.219	99.8964	1	
278.902	1.15139	1.15139	2.63763	2.44661	1.18134	0.218702	0.0242284	11.251	22.847	929.858	1.35224	2.34644	0.0774711	4.65965	0.105674	42.9939	99.8943	1	
284.058	1.14786	1.14786	2.62161	2.43368	1.16892	0.222818	0.02521	11.4863	23.8707	927.132	1.37376	2.3842	0.0804604	4.84813	0.107707	42.7677	99.8923	1	
289.215	1.14439	1.14439	2.60586	2.42085	1.15665	0.226914	0.0262069	11.721	24.9136	924.366	1.39495	2.42122	0.0834751	5.03836	0.10973	42.5404	99.8903	1	
298.828	1.13803	1.13803	2.57714	2.39718	1.13419	0.234497	0.0281058	12.1563	26.9084	919.104	1.43355	2.48826	0.0891566	5.39722	0.113475	42.1145	99.8865	1	
308.441	1.13181	1.13181	2.54921	2.37387	1.11226	0.242018	0.0300565	12.589	28.9677	913.71	1.47103	2.55276	0.0949091	5.76099	0.117187	41.6862	99.8828	1	
318.054	1.12573	1.12573	2.52199	2.35091	1.09088	0.249481	0.0320582	13.019	31.0902	908.187	1.5074	2.61476	0.100722	6.12899	0.120869	41.2563	99.8791	1	
327.667	1.11976	1.11976	2.49545	2.32832	1.07004	0.256889	0.0341102	13.4464	33.2742	902.54	1.54267	2.6743	0.106584	6.50055	0.124523	40.8252	99.8755	1	
337.28	1.11391	1.11391	2.46953	2.30611	1.04973	0.264248	0.0362115	13.871	35.5185	896.773	1.57688	2.73143	0.112486	6.87503	0.128151	40.3935	99.8718	1	
346.893	1.10816	1.10816	2.4442	2.28428	1.02996	0.271561	0.0383617	14.2929	37.8214	890.889	1.61004	2.7862	0.118419	7.25183	0.131756	39.962	99.8682	1	
356.506	1.10251	1.10251	2.41942	2.26282	1.01071	0.278834	0.0405601	14.7122	40.1816	884.894	1.64218	2.83866	0.124373	7.63038	0.135339	39.531	99.8647	1	
366.119	1.09696	1.09696	2.39518	2.24174	0.991977	0.286069	0.0428062	15.1287	42.5977	878.79	1.67331	2.88886	0.130341	8.01014	0.138903	39.101	99.8611	1	
379.111	1.08959	1.08959	2.36321	2.21385	0.96746	0.295795	0.0459166	15.6872	45.9491	870.376	1.71381	2.95323	0.138414	8.52443	0.143692	38.5223	99.8563	1	
392.103	1.08238	1.08238	2.33212	2.18664	0.943836	0.30547	0.0491124	16.2408	49.3964	861.78	1.75256	3.01373	0.146479	9.03887	0.148454	37.9474	99.8515	1	
405.094	1.07532	1.07532	2.30187	2.1601	0.921076	0.315104	0.0523927	16.7894	52.9363	853.012	1.78959	3.07049	0.15452	9.55241	0.153192	37.3771	99.8468	1	
418.086	1.0684	1.0684	2.27242	2.13422	0.89915	0.324704	0.0557568	17.333	56.5653	844.079	1.82496	3.12369	0.162521	10.0641	0.157913	36.8122	99.8421	1	
431.078	1.06162	1.06162	2.24374	2.10898	0.878027	0.334281	0.0592045	17.8717	60.2801	834.99	1.8587	3.17344	0.17047	10.573	0.16262	36.2536	99.8374	1	
447.633	1.05317	1.05317	2.20827	2.07774	0.852229	0.346463	0.0637181	18.5508	65.1328	823.195	1.89939	3.23211	0.180504	11.2163	0.168605	35.5516	99.8314	1	
464.188	1.04494	1.04494	2.17396	2.04749	0.827628	0.358637	0.0683665	19.2217	70.1124	811.176	1.93759	3.28575	0.190409	11.8525	0.174582	34.8618	99.8254	1	
480.743	1.03691	1.03691	2.14077	2.01822	0.804166	0.370818	0.0731495	19.8845	75.2124	798.949	1.97336	3.33466	0.200168	12.4803	0.18056	34.1851	99.8194	1	
497.298	1.02908	1.02908	2.10865	1.98989	0.781788	0.383023	0.0780675	20.5392	80.426	786.528	2.00676	3.37913	0.209762	13.0986	0.186546	33.5223	99.8135	1	
513.853	1.02144	1.02144	2.07758	1.96248	0.760441	0.395266	0.083121	21.1857	85.7467	773.929	2.03787	3.41943	0.219179	13.7066	0.192548	32.874	99.8075	1	
530.408	1.014	1.014	2.0475	1.93596	0.740075	0.407561	0.0883111	21.824	91.1678	761.166	2.06675	3.45584	0.228407	14.3035	0.198573	32.2407	99.8014	1	
546.963	1.00674	1.00674	2.0184	1.91031	0.720643	0.419924	0.0936386	22.4542	96.6831	748.252	2.09344	3.48861	0.237435	14.8887	0.204629	31.6227	99.7954	1	
563.518	0.999669	0.999669	1.99024	1.8855	0.702101	0.432368	0.0991051	23.0762	102.286	735.201	2.118	3.518	0.246258	15.4616	0.210721	31.0204	99.7893	1	
577.026	0.994032	0.994032	1.96794	1.86586	0.6876	0.442591	0.103669	23.5776	106.918	724.46	2.1365	3.53963	0.253299	15.9199	0.215724	30.5405	99.7843	1	
590.534	0.988514	0.988514	1.94624	1.84676	0.673643	0.452884	0.108328	24.0735	111.602	713.643	2.15363	3.55929	0.260197	16.3695	0.22076	30.0712	99.7792	1	
604.042	0.983112	0.983112	1.92511	1.82818	0.660206	0.463253	0.113083	24.564	116.332	702.757	2.16943	3.57708	0.266949	16.8106	0.225832	29.6124	99.7742	1	
617.551	0.977826	0.977826	1.90454	1.8101	0.647272	0.473706	0.117933	25.049	121.107	691.81	2.18391	3.59313	0.273554	17.2428	0.230942	29.1641	99.7691	1	
631.059	0.972653	0.972653	1.88453	1.79253	0.634822	0.48425	0.122882	25.5286	125.922	680.807	2.1971	3.60754	0.280011	17.6663	0.236096	28.7262	99.7639	1	
644.567	0.967592	0.967592	1.86506	1.77544	0.622836	0.49489	0.127929	26.0026	130.775	669.755	2.209	3.62041	0.28632	18.0808	0.241295	28.2988	99.7587	1	
658.075	0.962642	0.962642	1.84611	1.75883	0.611299	0.505633	0.133077	26.4711	135.662	658.661	2.21966	3.63183	0.292481	18.4866	0.246543	27.8816	99.7535	1	
671.583	0.957802	0.957802	1.82768	1.74268	0.600195	0.516487	0.138326	26.9341	140.581	647.531	2.22906	3.64191	0.298494	18.8835	0.251843	27.4746	99.7482	1	
686.753	0.952495	0.952495	1.80758	1.7251	0.58822	0.528813	0.144344	27.4475	146.137	634.997	2.23817	3.65171	0.305072	19.3187	0.257861	27.0296	99.7421	1	
689.509	0.951545	0.951545	1.804	1.72197	0.586099	0.531069	0.145451	27.54	147.15	632.716	2.23966	3.65334	0.306247	19.3966	0.258962	26.9501	99.741	1	
692.265	0.9506	0.9506	1.80044	1.71885	0.583994	0.53333	0.146563	27.6323	148.164	630.434	2.2411	3.65491	0.307417	19.4741	0.260066	26.871	99.7399	1	
695.022	0.949659	0.949659	1.79689	1.71576	0.581906	0.535597	0.147679	27.7244	149.179	628.152	2.24249	3.65643	0.30858	19.5513	0.261172	26.7923	99.7388	1	
697.778	0.948722	0.948722	1.79337	1.71268	0.579835	0.537868	0.1488	27.8163	150.195	625.868	2.24383	3.65791	0.309737	19.6281	0.262281	26.714	99.7377	1	
703.291	0.946862	0.946862	1.78638	1.70658	0.575739	0.542428	0.151055	27.9992	152.229	621.299	2.24636	3.66073	0.312033	19.7806	0.264506	26.5587	99.7355	1	
708.803	0.94502	0.94502	1.77947	1.70055	0.571708	0.547008	0.153327	28.1813	154.267	616.727	2.2487	3.66337	0.314306	19.9317	0.266741	26.4049	99.7333	1	
714.316	0.943195	0.943195	1.77264	1.69459	0.56774	0.551611	0.155617	28.3625	156.308	612.153	2.25083	3.66583	0.316554	20.0813	0.268987	26.2528	99.731	1	
719.829	0.941387	0.941387	1.76589	1.68871	0.563833	0.556237	0.157924	28.5427	158.352	607.578	2.25277	3.66812	0.318778	20.2296	0.271244	26.1023	99.7288	1	
734.999	0.936502	0.936502	1.74772	1.67288	0.553396	0.569084	0.164368	29.0338	163.991	594.98	2.25709	3.6736	0.324778	20.6301	0.27751	25.6963	99.7225	1	
750.17	0.931746	0.931746	1.73012	1.65758	0.543405	0.582111	0.17095	29.518	169.646	582.381	2.25995	3.67792	0.3306	21.0199	0.283863	25.3021	99.7161	1	
765.341	0.927118	0.927118	1.71308	1.64279	0.533843	0.595327	0.177673	29.995	175.313	569.787	2.26136	3.68118	0.336247	21.3993	0.290306	24.9195	99.7097	1	
780.511	0.922616	0.922616	1.69659	1.62851	0.524694	0.608737	0.184538	30.4651	180.988	557.209	2.26133	3.68347	0.341723	21.7683	0.296842	24.5482	99.7032	1	
801.881	0.916487	0.916487	1.67427	1.60924	0.512479	0.627972	0.194453	31.1151	188.988	539.53	2.25888	3.68517	0.349151	22.2708	0.306215	24.044	99.6938	1	
823.251	0.910602	0.910602	1.653	1.59092	0.501015	0.647626	0.204659	31.751	196.983	521.92	2.25365	3.6853	0.356252	22.7536	0.315789	23.5611	99.6842	1	
844.621	0.904959	0.904959	1.63273	1.57354	0.490267	0.667716	0.215161	32.3727	204.961	504.399	2.24567	3.68403	0.363036	23.2172	0.325573	23.0987	99.6744	1	
865.991	0.899553	0.899553	1.61344	1.55707	0.4802	0.688259	0.225963	32.9801	212.912	486.99	2.23497	3.68153	0.369513	23.6621	0.335575	22.6563	99.6644	1	
887.36	0.894382	0.894382	1.59511	1.54149	0.470783	0.709266	0.23707	33.5732	220.823	469.715	2.22159	3.67797	0.375691	24.0889	0.3458	22.2332	99.6542	1	
912.209	0.888661	0.888661	1.57496	1.52446	0.460612	0.734293	0.250369	34.2447	229.957	449.824	2.20271	3.67267	0.382514	24.5629	0.35798	21.7644	99.642	1	
937.058	0.88325	0.88325	1.55603	1.50857	0.451239	0.759977	0.264085	34.8966	239.006	430.176	2.1803	3.66631	0.388961	25.014	0.370477	21.3197	99.6295	1	
961.907	0.878144	0.878144	1.53829	1.49379	0.442624	0.786325	0.278217	35.5287	247.95	410.804	2.15443	3.65907	0.395047	25.4428	0.383295	20.8982	99.6167	1	
986.756	0.87334	0.87334	1.5217	1.4801	0.434732	0.813341	0.292762	36.1409	256.774	391.74	2.12516	3.65112	0.400788	25.8501	0.396435	20.4988	99.6036	1	
1011.61	0.868833	0.868833	1.50623	1.46746	0.427529	0.841019	0.307714	36.7332	265.46	373.017	2.09258	3.64259	0.406198	26.2368	0.409897	20.1206	99.5901	1	
1036.45	0.864621	0.864621	1.49187	1.45585	0.420985	0.869346	0.323061	37.3052	273.993	354.665	2.05676	3.63362	0.41129	26.6035	0.423673	19.7628	99.5763	1	
1061.3	0.860699	0.860699	1.47856	1.44526	0.415071	0.898301	0.33879	37.8571	282.357	336.713	2.01782	3.62432	0.416079	26.9511	0.437755	19.4246	99.5622	1	
1086.15	0.857064	0.857064	1.46631	1.43564	0.40976	0.927853	0.35488	38.3885	290.536	319.192	1.97588	3.6148	0.420578	27.2801	0.452127	19.1051	99.5479	1	
1113.6	0.853378	0.853378	1.45395	1.42613	0.404564	0.961134	0.373041	38.9518	299.338	300.374	1.92622	3.60413	0.425224	27.6227	0.468314	18.7732	99.5317	1	
1135.44	0.850687	0.850687	1.44497	1.41937	0.400911	0.988058	0.38776	39.3821	306.156	285.82	1.88434	3.59559	0.428692	27.8804	0.481411	18.524	99.5186	1	
1152.32	0.848752	0.848752	1.43854	1.41463	0.398368	1.00911	0.399286	39.704	311.309	274.834	1.85062	3.58899	0.431238	28.0709	0.491654	18.3401	99.5083	1	
1166.37	0.847239	0.847239	1.43353	1.411	0.396435	1.02676	0.408958	39.9645	315.513	265.881	1.82172	3.58353	0.43327	28.2236	0.500242	18.1929	99.4998	1	
1180.42	0.845811	0.845811	1.42882	1.40765	0.394663	1.04452	0.418699	40.2184	319.64	257.1	1.79209	3.5781	0.435226	28.3713	0.508885	18.0506	99.4911	1	
1194.46	0.844469	0.844469	1.4244	1.40457	0.393048	1.06238	0.428501	40.4658	323.688	248.493	1.76178	3.5727	0.437108	28.514	0.517575	17.9133	99.4824	1	
1208.51	0.843211	0.843211	1.42028	1.40176	0.391586	1.08031	0.438352	40.7066	327.655	240.066	1.73082	3.56736	0.438918	28.6518	0.526304	17.7808	99.4737	1	
1222.56	0.842036	0.842036	1.41643	1.39922	0.390274	1.0983	0.448244	40.941	331.539	231.819	1.69927	3.56208	0.440658	28.785	0.535064	17.653	99.4649	1	
1236.6	0.840943	0.840943	1.41287	1.39694	0.389107	1.11633	0.458165	41.1687	335.34	223.758	1.66717	3.55687	0.44233	28.9134	0.543845	17.5297	99.4562	1	
1250.65	0.839931	0.839931	1.40958	1.39491	0.388082	1.13438	0.468105	41.3899	339.055	215.884	1.63458	3.55173	0.443936	29.0374	0.552637	17.4109	99.4474	1	
1261.48	0.839205	0.839205	1.40723	1.39352	0.387386	1.14831	0.475777	41.5563	341.861	209.94	1.60913	3.54782	0.445131	29.1299	0.55942	17.3223	99.4406	1	
1272.32	0.838526	0.838526	1.40504	1.39227	0.38677	1.16222	0.483447	41.7187	344.614	204.109	1.58345	3.54396	0.446288	29.2199	0.566199	17.2361	99.4338	1	
1283.15	0.837894	0.837894	1.40301	1.39116	0.386234	1.17611	0.491109	41.8773	347.315	198.394	1.55755	3.54015	0.447409	29.3073	0.572969	17.1525	99.427	1	
1293.99	0.837307	0.837307	1.40113	1.39019	0.385774	1.18996	0.498758	42.0322	349.963	192.794	1.53147	3.5364	0.448494	29.3922	0.579724	17.0714	99.4203	1	
1304.82	0.836766	0.836766	1.3994	1.38936	0.385389	1.20378	0.506387	42.1832	352.557	187.31	1.50522	3.53271	0.449545	29.4747	0.58646	16.9926	99.4135	1	
1318.34	0.836153	0.836153	1.39745	1.38852	0.385012	1.22093	0.515864	42.3664	355.716	180.635	1.47232	3.5282	0.450807	29.5741	0.594823	16.8977	99.4052	1	
1331.85	0.835608	0.835608	1.39572	1.38787	0.384746	1.23797	0.525288	42.5438	358.791	174.142	1.43926	3.52378	0.452019	29.6699	0.603137	16.8063	99.3969	1	
1345.36	0.83513	0.83513	1.39422	1.38743	0.384587	1.25488	0.534648	42.7154	361.781	167.832	1.4061	3.51946	0.45318	29.7621	0.611391	16.7184	99.3886	1	
1347.68	0.835054	0.835054	1.39399	1.38737	0.38457	1.25777	0.536249	42.7444	362.286	166.766	1.4004	3.51873	0.453375	29.7776	0.612803	16.7037	99.3872	1	
1350.01	0.834981	0.834981	1.39376	1.38732	0.384556	1.26066	0.537848	42.7732	362.789	165.705	1.39469	3.518	0.453568	29.793	0.614213	16.689	99.3858	1	
1352.33	0.834909	0.834909	1.39354	1.38727	0.384546	1.26354	0.539445	42.8018	363.29	164.649	1.38899	3.51727	0.45376	29.8083	0.61562	16.6744	99.3844	1	
1354.65	0.834839	0.834839	1.39332	1.38723	0.384538	1.26642	0.541039	42.8302	363.788	163.599	1.38328	3.51655	0.453951	29.8235	0.617026	16.66	99.383	1	
1359.09	0.834711	0.834711	1.39292	1.38717	0.384532	1.2719	0.544076	42.8841	364.731	161.609	1.37239	3.51518	0.454311	29.8522	0.619702	16.6326	99.3803	1	
1363.52	0.834589	0.834589	1.39255	1.38713	0.384536	1.27737	0.547104	42.9373	365.666	159.638	1.36149	3.51382	0.454666	29.8806	0.62237	16.6056	99.3776	1	
1367.96	0.834475	0.834475	1.3922	1.38711	0.384551	1.28281	0.550121	42.9899	366.591	157.687	1.3506	3.51247	0.455016	29.9086	0.625029	16.579	99.375	1	
1374.33	0.834322	0.834322	1.39173	1.38711	0.384592	1.2906	0.554438	43.0645	367.905	154.919	1.33496	3.51056	0.45551	29.9481	0.628832	16.5413	99.3712	1	
1380.7	0.834183	0.834183	1.39131	1.38715	0.384653	1.29834	0.558731	43.1379	369.199	152.191	1.31934	3.50866	0.455994	29.987	0.632614	16.5044	99.3674	1	
1387.08	0.834058	0.834058	1.39093	1.38723	0.384736	1.30603	0.563001	43.21	370.475	149.504	1.30375	3.50679	0.456468	30.0251	0.636373	16.4681	99.3636	1	
1393.45	0.833946	0.833946	1.3906	1.38735	0.38484	1.31368	0.567244	43.281	371.731	146.857	1.28818	3.50495	0.456933	30.0625	0.64011	16.4326	99.3599	1	
1403.15	0.833801	0.833801	1.39018	1.3876	0.385036	1.32522	0.573654	43.3867	373.609	142.903	1.26455	3.50219	0.457622	30.1181	0.645752	16.3797	99.3542	1	
1412.86	0.833686	0.833686	1.38986	1.38794	0.385278	1.33663	0.579998	43.4897	375.443	139.043	1.24101	3.49948	0.458289	30.1721	0.651334	16.3285	99.3487	1	
1422.56	0.833601	0.833601	1.38964	1.38836	0.385564	1.34791	0.58627	43.5899	377.234	135.275	1.2176	3.49684	0.458936	30.2244	0.656852	16.2787	99.3431	1	
1432.27	0.833545	0.833545	1.38951	1.38886	0.385894	1.35905	0.592468	43.6875	378.981	131.599	1.19433	3.49425	0.459561	30.2753	0.662302	16.2305	99.3377	1	
1445.53	0.833513	0.833513	1.38948	1.38967	0.386411	1.37404	0.600812	43.8166	381.301	126.721	1.16277	3.4908	0.460384	30.3423	0.669637	16.1669	99.3304	1	
1458.8	0.833532	0.833532	1.38962	1.39062	0.387003	1.38873	0.608998	43.9409	383.542	122.012	1.13156	3.48747	0.461171	30.4066	0.676829	16.1059	99.3232	1	
1472.07	0.8336	0.8336	1.38992	1.39169	0.387666	1.4031	0.617018	44.0604	385.704	117.469	1.10073	3.48424	0.461922	30.4682	0.683872	16.0475	99.3161	1	
1485.33	0.833716	0.833716	1.39037	1.3929	0.388396	1.41715	0.624862	44.1753	387.789	113.091	1.07034	3.48112	0.46264	30.5272	0.690756	15.9916	99.3092	1	
1498.6	0.833877	0.833877	1.39098	1.39422	0.389189	1.43086	0.632522	44.2856	389.797	108.875	1.04042	3.4781	0.463325	30.5837	0.697475	15.9382	99.3025	1	
1514.79	0.834132	0.834132	1.39191	1.39598	0.39024	1.4471	0.641611	44.4142	392.147	103.944	1.0046	3.47456	0.464119	30.6494	0.705443	15.8761	99.2946	1	
1530.98	0.834449	0.834449	1.39304	1.3979	0.391374	1.46279	0.650404	44.5363	394.388	99.244	0.969598	3.47118	0.464868	30.7115	0.713144	15.8173	99.2869	1	
1547.18	0.834824	0.834824	1.39436	1.39996	0.392585	1.47791	0.658891	44.6523	396.522	94.7703	0.935477	3.46795	0.465574	30.7703	0.720571	15.7618	99.2794	1	
1563.37	0.835253	0.835253	1.39586	1.40215	0.393867	1.49244	0.667061	44.7622	398.552	90.5163	0.902286	3.46488	0.466239	30.8258	0.727714	15.7093	99.2723	1	
1579.56	0.835733	0.835733	1.39752	1.40446	0.395215	1.50638	0.67491	44.8664	400.48	86.4757	0.870069	3.46194	0.466866	30.8783	0.734568	15.6598	99.2654	1	
1600.8	0.836433	0.836433	1.39994	1.40766	0.397071	1.52375	0.684707	44.9946	402.862	81.4888	0.829351	3.45832	0.467633	30.9426	0.743113	15.5991	99.2569	1	
1622.03	0.837207	0.837207	1.40259	1.41101	0.399015	1.54006	0.693935	45.1136	405.082	76.8421	0.790435	3.45493	0.46834	31.0022	0.751148	15.5429	99.2489	1	
1643.27	0.838047	0.838047	1.40546	1.41451	0.401036	1.55533	0.702593	45.224	407.148	72.5198	0.753365	3.45176	0.468991	31.0573	0.758672	15.491	99.2413	1	
1664.51	0.838944	0.838944	1.40853	1.41811	0.40312	1.56955	0.710683	45.3263	409.067	68.5058	0.718167	3.44882	0.469592	31.1081	0.765688	15.4431	99.2343	1	
1685.74	0.839892	0.839892	1.41175	1.42182	0.405255	1.58275	0.718214	45.4208	410.848	64.784	0.684848	3.44608	0.470144	31.155	0.772204	15.3989	99.2278	1	
1706.98	0.840884	0.840884	1.41512	1.42559	0.407432	1.59494	0.725197	45.5082	412.497	61.3381	0.653401	3.44354	0.470651	31.1983	0.778229	15.3582	99.2218	1	
1728.22	0.841912	0.841912	1.41861	1.42942	0.40964	1.60616	0.731646	45.5888	414.022	58.1521	0.623803	3.44119	0.471117	31.2381	0.783778	15.3207	99.2162	1	
1749.45	0.84297	0.84297	1.4222	1.43328	0.411868	1.61644	0.737581	45.663	415.431	55.2103	0.596016	3.43901	0.471545	31.2747	0.788866	15.2863	99.2111	1	
1770.69	0.844052	0.844052	1.42587	1.43716	0.414108	1.62582	0.74302	45.7314	416.73	52.4974	0.569995	3.437	0.471937	31.3083	0.793513	15.2547	99.2065	1	
1791.92	0.845151	0.845151	1.4296	1.44105	0.416352	1.63434	0.747987	45.7943	417.928	49.9985	0.545684	3.43514	0.472296	31.3392	0.797738	15.2257	99.2023	1	
1813.16	0.846263	0.846263	1.43338	1.44492	0.418592	1.64204	0.752505	45.852	419.03	47.6992	0.523018	3.43343	0.472625	31.3675	0.801562	15.1991	99.1984	1	
1834.4	0.847383	0.847383	1.43717	1.44877	0.420821	1.64898	0.756597	45.905	420.043	45.5857	0.50193	3.43185	0.472926	31.3934	0.805008	15.1747	99.195	1	
1855.63	0.848506	0.848506	1.44098	1.45259	0.423032	1.65519	0.760291	45.9536	420.974	43.645	0.482346	3.43041	0.473202	31.4172	0.808099	15.1524	99.1919	1	
1876.87	0.849627	0.849627	1.44479	1.45637	0.42522	1.66073	0.76361	45.9981	421.828	41.8645	0.46419	3.42908	0.473453	31.439	0.810858	15.132	99.1891	1	
1902.16	0.850955	0.850955	1.44929	1.46079	0.427789	1.66651	0.76711	46.0463	422.753	39.9368	0.444326	3.42763	0.473725	31.4625	0.813741	15.1099	99.1863	1	
1927.45	0.85227	0.85227	1.45376	1.46513	0.43031	1.67148	0.770157	46.0896	423.586	38.2007	0.426247	3.42633	0.473969	31.4836	0.816223	15.0901	99.1838	1	
1952.73	0.853567	0.853567	1.45817	1.46936	0.432779	1.67572	0.772791	46.1286	424.336	36.6388	0.409824	3.42516	0.474187	31.5025	0.818341	15.0723	99.1817	1	
1978.02	0.854841	0.854841	1.46251	1.47349	0.435188	1.67928	0.775051	46.1635	425.01	35.235	0.394931	3.42411	0.474383	31.5195	0.82013	15.0564	99.1799	1	
2003.31	0.85609	0.85609	1.46676	1.47751	0.437534	1.68225	0.776974	46.1949	425.615	33.9744	0.381445	3.42316	0.474558	31.5348	0.821622	15.0421	99.1784	1	
2028.6	0.857309	0.857309	1.47091	1.4814	0.439813	1.68468	0.778594	46.223	426.159	32.8433	0.369252	3.42231	0.474715	31.5484	0.822849	15.0292	99.1772	1	
2063.51	0.858939	0.858939	1.47647	1.48657	0.442846	1.68727	0.780393	46.2571	426.818	31.4717	0.354339	3.42128	0.474905	31.565	0.824161	15.0137	99.1758	1	
2092.59	0.860248	0.860248	1.48094	1.49069	0.445268	1.68884	0.781553	46.2818	427.295	30.478	0.343443	3.42053	0.475043	31.577	0.824961	15.0025	99.175	1	
2121.68	0.861509	0.861509	1.48525	1.49464	0.447593	1.68994	0.78245	46.3035	427.716	29.6034	0.333782	3.41987	0.475163	31.5875	0.825533	14.9927	99.1745	1	
2150.76	0.862721	0.862721	1.48939	1.49842	0.44982	1.69066	0.783118	46.3225	428.086	28.8344	0.325225	3.41929	0.475269	31.5967	0.82591	14.984	99.1741	1	
2179.84	0.863884	0.863884	1.49337	1.50202	0.45195	1.69104	0.783591	46.3393	428.411	28.1589	0.317656	3.41878	0.475362	31.6048	0.826121	14.9764	99.1739	1	
2184.34	0.864059	0.864059	1.49397	1.50257	0.452271	1.69108	0.783648	46.3417	428.457	28.0621	0.316568	3.4187	0.475376	31.606	0.82614	14.9753	99.1739	1	
2188.83	0.864233	0.864233	1.49457	1.5031	0.452589	1.6911	0.783702	46.344	428.503	27.9673	0.315499	3.41863	0.475389	31.6071	0.826157	14.9742	99.1738	1	
2193.32	0.864405	0.864405	1.49516	1.50364	0.452905	1.69112	0.783752	46.3464	428.548	27.8743	0.314452	3.41856	0.475402	31.6083	0.82617	14.9732	99.1738	1	
2197.82	0.864577	0.864577	1.49575	1.50417	0.453218	1.69113	0.783798	46.3486	428.591	27.7833	0.313424	3.41849	0.475414	31.6093	0.82618	14.9722	99.1738	1	
2202.31	0.864747	0.864747	1.49633	1.50469	0.45353	1.69114	0.78384	46.3508	428.634	27.694	0.312415	3.41842	0.475426	31.6104	0.826186	14.9712	99.1738	1	
2211.3	0.865084	0.865084	1.49749	1.50573	0.454145	1.69114	0.783915	46.3551	428.718	27.5208	0.310456	3.41829	0.47545	31.6125	0.826192	14.9692	99.1738	1	
2220.29	0.865417	0.865417	1.49863	1.50676	0.454752	1.69112	0.783976	46.3592	428.798	27.3546	0.30857	3.41817	0.475473	31.6145	0.826186	14.9673	99.1738	1	
2229.27	0.865744	0.865744	1.49975	1.50776	0.455349	1.69107	0.784025	46.3632	428.875	27.1949	0.306755	3.41805	0.475495	31.6164	0.826169	14.9655	99.1738	1	
2238.26	0.866067	0.866067	1.50086	1.50876	0.455938	1.69101	0.784062	46.367	428.948	27.0417	0.30501	3.41793	0.475516	31.6183	0.826143	14.9638	99.1739	1	
2252.1	0.866555	0.866555	1.50253	1.51025	0.456826	1.69087	0.784097	46.3725	429.056	26.8177	0.302451	3.41776	0.475547	31.6209	0.826085	14.9613	99.1739	1	
2265.93	0.867031	0.867031	1.50417	1.51171	0.457694	1.6907	0.784107	46.3777	429.158	26.6074	0.300041	3.4176	0.475576	31.6235	0.826007	14.9589	99.174	1	
2279.76	0.867496	0.867496	1.50576	1.51314	0.45854	1.69048	0.784094	46.3826	429.253	26.41	0.297771	3.41745	0.475603	31.6258	0.82591	14.9567	99.1741	1	
2293.6	0.867951	0.867951	1.50733	1.51453	0.459366	1.69024	0.784061	46.3872	429.342	26.2248	0.295633	3.41731	0.475628	31.6281	0.825797	14.9546	99.1742	1	
2313.81	0.868595	0.868595	1.50954	1.51649	0.460537	1.68983	0.78398	46.3934	429.462	25.9745	0.292731	3.41712	0.475663	31.6311	0.825606	14.9518	99.1744	1	
2334.02	0.869217	0.869217	1.51168	1.51839	0.461666	1.68937	0.783863	46.3991	429.572	25.7466	0.290074	3.41694	0.475694	31.6338	0.825387	14.9493	99.1746	1	
2354.24	0.869817	0.869817	1.51374	1.52021	0.462753	1.68886	0.783716	46.4042	429.672	25.5392	0.287643	3.41679	0.475723	31.6363	0.825146	14.9469	99.1749	1	
2374.45	0.870394	0.870394	1.51573	1.52196	0.4638	1.68831	0.783543	46.4089	429.763	25.3505	0.285417	3.41664	0.475749	31.6385	0.824885	14.9448	99.1751	1	
2394.66	0.870951	0.870951	1.51765	1.52365	0.464807	1.68773	0.783348	46.4131	429.846	25.179	0.283382	3.41651	0.475772	31.6406	0.824607	14.9429	99.1754	1	
2418.28	0.871574	0.871574	1.5198	1.52554	0.465936	1.68702	0.783096	46.4176	429.933	24.9983	0.281223	3.41637	0.475797	31.6428	0.824267	14.9409	99.1757	1	
2441.91	0.87217	0.87217	1.52185	1.52734	0.467014	1.68629	0.782824	46.4216	430.011	24.8369	0.279279	3.41625	0.475819	31.6447	0.823914	14.939	99.1761	1	
2465.53	0.872739	0.872739	1.52382	1.52906	0.468043	1.68553	0.782536	46.4251	430.081	24.6929	0.27753	3.41614	0.475839	31.6464	0.823551	14.9374	99.1764	1	
2489.15	0.873282	0.873282	1.52569	1.53069	0.469024	1.68477	0.782235	46.4283	430.143	24.5645	0.275956	3.41604	0.475857	31.648	0.823181	14.936	99.1768	1	
2500	0.873524	0.873524	1.52653	1.53142	0.46946	1.68441	0.782094	46.4296	430.169	24.5103	0.275287	3.416	0.475864	31.6486	0.82301	14.9354	99.177	1	
