# Time	[Z]	[mu2]	[mZ]	[mF]	[F]	[mP]	[PE]	[PG]	[PM]	[STAT]	
0	718037	1296.33	964.528	60	60000	140.773	7082.76	6610.58	79326.9	2.45454e+06	
1e-09	718037	1296.33	964.528	60	60000	140.773	7082.76	6610.58	79326.9	2.45454e+06	
2e-09	718037	1296.33	964.528	60	60000	140.773	7082.76	6610.58	79326.9	2.45454e+06	
1.0002e-05	718037	1296.33	964.528	60.0024	60000	140.773	7082.76	6610.58	79326.9	2.45454e+06	
2.0002e-05	718037	1296.33	964.528	60.0048	60000	140.773	7082.76	6610.58	79326.9	2.45454e+06	
3.0002e-05	718037	1296.33	964.528	60.0072	60000	140.773	7082.76	6610.58	79326.9	2.45454e+06	
0.000130002	718037	1296.33	964.528	60.0311	60000	140.773	7082.76	6610.58	79326.9	2.45454e+06	
0.000230002	718037	1296.33	964.528	60.055	60000	140.773	7082.76	6610.58	79326.9	2.45454e+06	
0.000330002	718037	1296.33	964.528	60.0789	60000	140.773	7082.76	6610.58	79326.9	2.45454e+06	
0.000430002	718037	1296.33	964.528	60.1028	60000	140.773	7082.76	6610.58	79326.9	2.45454e+06	
0.00143	718037	1296.33	964.528	60.3419	60000	140.773	7082.76	6610.58	79326.9	2.45454e+06	
0.00243	718037	1296.33	964.528	60.5808	60000.1	140.773	7082.76	6610.58	79326.9	2.45454e+06	
0.00343	718037	1296.33	964.528	60.8196	60000.1	140.773	7082.76	6610.58	79326.9	2.45454e+06	
0.00443	718037	1296.33	964.528	61.0583	60000.2	140.773	7082.76	6610.58	79326.9	2.45454e+06	
0.01443	718037	1296.33	964.528	63.4385	60002.5	140.773	7082.76	6610.58	79326.9	2.45454e+06	
0.02443	718037	1296.33	964.528	65.8069	60007.1	140.773	7082.76	6610.58	79326.9	2.45454e+06	
0.03443	718037	1296.33	964.528	68.1634	60014.1	140.773	7082.76	6610.58	79326.9	2.45454e+06	
0.04443	718037	1296.33	964.528	70.5083	60023.4	140.773	7082.76	6610.58	79326.9	2.45454e+06	
0.05443	718037	1296.33	964.528	72.8414	60035	140.774	7082.76	6610.58	79326.9	2.45454e+06	
0.15443	718037	1296.33	964.528	95.542	60276.5	140.8	7082.85	6610.58	79326.9	2.45454e+06	
0.25443	718037	1296.33	964.528	117.136	60735.9	140.893	7083.37	6610.63	79326.9	2.45454e+06	
0.35443	718037	1296.33	964.528	137.676	61400.3	141.091	7084.92	6610.82	79327	2.45454e+06	
0.45443	718037	1296.33	964.528	157.215	62257.5	141.427	7088.31	6611.35	79327	2.45454e+06	
0.55443	718037	1296.33	964.528	175.8	63295.7	141.934	7094.45	6612.52	79327.3	2.45454e+06	
0.65443	718037	1296.33	964.528	193.479	64504	142.639	7104.36	6614.73	79327.8	2.45454e+06	
0.76833	718037	1296.32	964.529	212.568	66074	143.718	7121.61	6619.14	79329	2.45454e+06	
0.88223	718037	1296.31	964.529	230.6	67836.4	145.123	7146.76	6626.39	79331.4	2.45454e+06	
0.996131	718037	1296.3	964.529	247.634	69777.3	146.886	7181.43	6637.49	79335.6	2.45454e+06	
1.11003	718037	1296.28	964.529	263.725	71883.8	149.032	7227.23	6653.49	79342.5	2.45454e+06	
1.22393	718038	1296.26	964.53	278.925	74143.5	151.583	7285.69	6675.57	79353.1	2.45454e+06	
1.35412	718038	1296.22	964.53	295.271	76899.3	155.018	7369.82	6709.76	79371.4	2.45454e+06	
1.48431	718038	1296.17	964.531	310.587	79824.2	159.022	7474.29	6755.25	79398.6	2.45454e+06	
1.6145	718038	1296.11	964.533	324.938	82903	163.602	7600.77	6813.81	79437.4	2.45454e+06	
1.74468	718039	1296.04	964.535	338.384	86121.7	168.757	7750.64	6887.14	79490.6	2.45454e+06	
1.87487	718040	1295.95	964.537	350.983	89467.1	174.476	7924.94	6976.84	79561.8	2.45454e+06	
2.03661	718041	1295.82	964.541	365.534	93781.3	182.334	8176.5	7113.18	79680.5	2.45454e+06	
2.19834	718043	1295.66	964.546	378.955	98250.5	190.972	8467.26	7279.24	79839.8	2.45454e+06	
2.36008	718045	1295.47	964.553	391.333	102855	200.315	8796.79	7476.7	80047.6	2.45454e+06	
2.52181	718047	1295.25	964.561	402.75	107576	210.274	9163.78	7706.64	80311.8	2.45454e+06	
2.68354	718051	1294.99	964.571	413.28	112397	220.753	9566.12	7969.43	80640.6	2.45454e+06	
2.84528	718055	1294.7	964.583	422.992	117304	231.649	10001	8264.77	81041.8	2.45454e+06	
3.01908	718060	1294.35	964.599	432.589	122655	243.704	10500.7	8617.33	81562.3	2.45454e+06	
3.19288	718066	1293.95	964.617	441.388	128072	255.996	11029.4	9004.38	82183.6	2.45454e+06	
3.36668	718074	1293.52	964.638	449.454	133541	268.407	11581.9	9423.27	82913.5	2.45454e+06	
3.54049	718083	1293.05	964.663	456.849	139049	280.829	12153	9870.72	83758.5	2.45454e+06	
3.71429	718094	1292.54	964.69	463.628	144584	293.166	12737.6	10343.1	84723.8	2.45454e+06	
3.88809	718106	1291.98	964.721	469.843	150136	305.333	13330.6	10836.3	85813.5	2.45454e+06	
4.06189	718120	1291.4	964.756	475.541	155695	317.26	13927.3	11346.3	87030.2	2.45454e+06	
4.23569	718136	1290.78	964.795	480.764	161251	328.887	14523.2	11868.9	88375.1	2.45454e+06	
4.40949	718153	1290.13	964.837	485.553	166798	340.168	15114.6	12400	89848.2	2.45454e+06	
4.60592	718176	1289.35	964.888	490.487	173047	352.455	15773	13005.5	91665.8	2.45454e+06	
4.80235	718201	1288.55	964.945	494.96	179266	364.215	16416.9	13611.7	93641.8	2.45454e+06	
4.99878	718229	1287.71	965.006	499.014	185447	375.423	17042.6	14213.7	95771	2.45454e+06	
5.19521	718260	1286.84	965.072	502.689	191583	386.066	17647.5	14807.4	98046.8	2.45454e+06	
5.39163	718294	1285.95	965.141	506.02	197667	396.14	18229.4	15389	100461	2.45454e+06	
5.58806	718331	1285.04	965.216	509.039	203695	405.648	18786.7	15955.6	103006	2.45454e+06	
5.86956	718390	1283.7	965.329	512.881	212225	418.307	19540.7	16736.4	106860	2.45454e+06	
6.15106	718456	1282.33	965.449	516.218	220618	429.869	20241	17475.8	110932	2.45454e+06	
6.43256	718528	1280.94	965.577	519.117	228865	440.391	20887.5	18170.3	115192	2.45454e+06	
6.71406	718607	1279.53	965.711	521.636	236957	449.938	21481.7	18818	119608	2.45454e+06	
6.99556	718693	1278.12	965.85	523.823	244891	458.58	22025.3	19418.4	124151	2.45454e+06	
7.27706	718785	1276.7	965.994	525.724	252660	466.387	22521.2	19972.1	128793	2.45454e+06	
7.43654	718841	1275.9	966.078	526.688	256988	470.467	22782	20265.7	131456	2.45454e+06	
7.59602	718898	1275.1	966.162	527.578	261263	474.313	23028.9	20545	134137	2.45454e+06	
7.7555	718957	1274.3	966.248	528.399	265483	477.938	23262.6	20810.5	136832	2.45454e+06	
7.91499	719019	1273.51	966.335	529.158	269649	481.354	23483.5	21062.6	139537	2.45454e+06	
8.07447	719083	1272.72	966.422	529.859	273760	484.571	23692.4	21301.7	142247	2.45454e+06	
8.31547	719182	1271.53	966.556	530.817	279870	489.081	23986.2	21639.6	146346	2.45454e+06	
8.55646	719287	1270.36	966.691	531.666	285856	493.199	24255.6	21950.8	150437	2.45454e+06	
8.79746	719395	1269.19	966.827	532.419	291718	496.958	24502.4	22236.9	154511	2.45454e+06	
9.03846	719508	1268.05	966.963	533.087	297458	500.389	24728.3	22499.7	158556	2.45454e+06	
9.36356	719666	1266.52	967.147	533.869	305008	504.547	25003.2	22820.1	163954	2.45454e+06	
9.68865	719831	1265.03	967.331	534.533	312339	508.225	25247	23105	169268	2.45454e+06	
10.0138	720003	1263.57	967.515	535.098	319456	511.479	25463.3	23358.2	174482	2.45454e+06	
10.3388	720181	1262.15	967.697	535.578	326362	514.36	25655.2	23583	179584	2.45454e+06	
10.6639	720365	1260.76	967.877	535.987	333061	516.913	25825.6	23782.6	184565	2.45454e+06	
10.9126	720509	1259.72	968.013	536.257	338048	518.67	25942.9	23920.1	188287	2.45454e+06	
11.1613	720656	1258.7	968.148	536.496	342920	520.274	26050.2	24045.6	191932	2.45454e+06	
11.41	720805	1257.7	968.281	536.707	347677	521.739	26148.4	24160.3	195495	2.45454e+06	
11.6587	720958	1256.73	968.413	536.893	352323	523.079	26238.2	24265.1	198976	2.45454e+06	
11.9698	721152	1255.53	968.574	537.095	357979	524.597	26340	24383.7	203213	2.45454e+06	
12.2808	721349	1254.37	968.733	537.269	363467	525.958	26431.3	24489.9	207318	2.45454e+06	
12.5919	721550	1253.25	968.889	537.417	368793	527.181	26513.4	24585	211291	2.45454e+06	
12.9029	721753	1252.15	969.041	537.544	373959	528.28	26587.3	24670.4	215132	2.45454e+06	
13.3905	722076	1250.49	969.273	537.707	381748	529.79	26688.9	24787.2	220890	2.45454e+06	
13.8781	722405	1248.91	969.497	537.835	389173	531.079	26775.7	24886.4	226333	2.45454e+06	
14.3657	722737	1247.4	969.712	537.936	396251	532.184	26850.2	24971	231469	2.45454e+06	
14.8533	723072	1245.95	969.918	538.014	402996	533.137	26914.4	25043.6	236310	2.45454e+06	
15.3409	723409	1244.57	970.116	538.076	409423	533.962	26970.2	25106.1	240866	2.45454e+06	
15.6211	723603	1243.81	970.226	538.105	412978	534.387	26998.9	25138.1	243361	2.45454e+06	
15.9013	723798	1243.06	970.334	538.13	416436	534.78	27025.6	25167.6	245768	2.45454e+06	
16.1815	723992	1242.34	970.438	538.152	419799	535.144	27050.3	25194.9	248089	2.45454e+06	
16.4617	724186	1241.63	970.541	538.172	423069	535.482	27073.2	25220.1	250329	2.45454e+06	
16.6541	724320	1241.16	970.609	538.183	425263	535.7	27088.1	25236.4	251820	2.45454e+06	
16.8465	724453	1240.7	970.677	538.194	427415	535.908	27102.2	25251.9	253274	2.45454e+06	
17.0389	724586	1240.24	970.743	538.204	429526	536.106	27115.7	25266.6	254692	2.45454e+06	
17.507	724909	1239.16	970.9	538.223	434495	536.55	27146	25299.5	257994	2.45454e+06	
17.975	725229	1238.13	971.05	538.239	439239	536.948	27173.2	25328.8	261098	2.45454e+06	
18.443	725548	1237.14	971.193	538.252	443766	537.305	27197.7	25355	264013	2.45454e+06	
18.911	725864	1236.2	971.331	538.262	448086	537.627	27219.9	25378.6	266752	2.45454e+06	
19.6171	726334	1234.85	971.527	538.273	454234	538.057	27249.7	25410.1	270570	2.45454e+06	
20.3232	726796	1233.58	971.712	538.28	459963	538.43	27275.6	25437.3	274039	2.45454e+06	
21.0292	727250	1232.39	971.884	538.286	465302	538.756	27298.5	25461.1	277190	2.45454e+06	
21.7353	727693	1231.27	972.046	538.29	470278	539.043	27318.7	25482	280051	2.45454e+06	
21.9118	727803	1231.01	972.085	538.291	471468	539.109	27323.4	25486.9	280724	2.45454e+06	
22.0883	727911	1230.74	972.124	538.291	472637	539.174	27328	25491.6	281382	2.45454e+06	
22.2649	728019	1230.48	972.161	538.292	473786	539.236	27332.5	25496.1	282023	2.45454e+06	
22.4414	728126	1230.23	972.199	538.293	474915	539.297	27336.8	25500.6	282649	2.45454e+06	
22.6179	728233	1229.97	972.235	538.293	476023	539.356	27341	25504.9	283260	2.45454e+06	
22.7922	728338	1229.73	972.271	538.294	477100	539.413	27345.1	25509	283849	2.45454e+06	
22.9666	728442	1229.49	972.306	538.294	478158	539.468	27349	25513.1	284424	2.45454e+06	
23.141	728545	1229.25	972.34	538.294	479197	539.522	27352.9	25517	284986	2.45454e+06	
23.3153	728647	1229.01	972.374	538.295	480219	539.574	27356.6	25520.8	285534	2.45454e+06	
23.5942	728810	1228.65	972.427	538.295	481816	539.655	27362.5	25526.8	286385	2.45454e+06	
23.873	728971	1228.29	972.479	538.296	483369	539.733	27368	25532.4	287203	2.45454e+06	
24.1519	729130	1227.94	972.53	538.296	484879	539.807	27373.4	25537.9	287990	2.45454e+06	
24.8604	729526	1227.08	972.653	538.297	488533	539.982	27386.2	25550.8	289860	2.45454e+06	
25.569	729910	1226.27	972.769	538.298	491937	540.141	27397.8	25562.5	291556	2.45454e+06	
26.2776	730282	1225.52	972.878	538.298	495108	540.285	27408.4	25573.2	293095	2.45454e+06	
26.9862	730642	1224.8	972.981	538.298	498063	540.416	27418.2	25583	294490	2.45454e+06	
27.8952	731087	1223.94	973.104	538.299	501559	540.568	27429.5	25594.3	296094	2.45454e+06	
28.8043	731512	1223.13	973.218	538.299	504752	540.703	27439.7	25604.5	297509	2.45454e+06	
29.0315	731616	1222.94	973.245	538.299	505506	540.735	27442.1	25606.9	297836	2.45454e+06	
29.2588	731718	1222.76	973.272	538.299	506242	540.765	27444.5	25609.2	298153	2.45454e+06	
29.4861	731819	1222.57	973.299	538.299	506963	540.795	27446.7	25611.5	298460	2.45454e+06	
29.7133	731919	1222.39	973.324	538.299	507667	540.824	27449	25613.7	298758	2.45454e+06	
29.9406	732018	1222.21	973.35	538.299	508355	540.853	27451.1	25615.9	299047	2.45454e+06	
30.1104	732091	1222.08	973.368	538.299	508859	540.873	27452.7	25617.4	299257	2.45454e+06	
30.2803	732163	1221.95	973.387	538.299	509355	540.894	27454.3	25619	299463	2.45454e+06	
30.4502	732235	1221.82	973.405	538.299	509843	540.914	27455.8	25620.5	299663	2.45454e+06	
30.62	732306	1221.7	973.423	538.299	510322	540.933	27457.3	25622	299859	2.45454e+06	
30.9341	732436	1221.47	973.455	538.299	511187	540.968	27460	25624.7	300210	2.45454e+06	
31.2482	732563	1221.24	973.487	538.299	512026	541.002	27462.7	25627.3	300546	2.45454e+06	
31.5623	732689	1221.02	973.518	538.299	512838	541.035	27465.2	25629.8	300868	2.45454e+06	
32.4658	733038	1220.42	973.603	538.299	515037	541.123	27472.1	25636.6	301721	2.45454e+06	
33.3693	733371	1219.86	973.682	538.299	517047	541.203	27478.4	25642.8	302476	2.45454e+06	
34.2728	733688	1219.34	973.756	538.299	518883	541.275	27484.2	25648.5	303144	2.45454e+06	
35.1763	733988	1218.85	973.825	538.299	520560	541.341	27489.4	25653.7	303736	2.45454e+06	
36.1384	734292	1218.36	973.894	538.299	522187	541.405	27494.6	25658.8	304293	2.45454e+06	
37.1004	734579	1217.91	973.958	538.299	523665	541.463	27499.3	25663.5	304782	2.45454e+06	
37.3409	734649	1217.8	973.973	538.299	524012	541.477	27500.4	25664.5	304895	2.45454e+06	
37.5814	734717	1217.69	973.988	538.299	524352	541.49	27501.5	25665.6	305004	2.45454e+06	
37.8219	734785	1217.59	974.003	538.299	524683	541.503	27502.6	25666.7	305110	2.45454e+06	
38.0624	734851	1217.48	974.017	538.299	525007	541.516	27503.6	25667.7	305213	2.45454e+06	
38.3466	734929	1217.36	974.034	538.299	525379	541.531	27504.9	25668.9	305330	2.45454e+06	
38.6308	735005	1217.25	974.05	538.299	525741	541.545	27506	25670.1	305443	2.45454e+06	
38.915	735080	1217.13	974.067	538.299	526093	541.559	27507.2	25671.2	305552	2.45454e+06	
39.5774	735249	1216.87	974.103	538.299	526876	541.59	27509.7	25673.7	305790	2.45454e+06	
40.2398	735412	1216.62	974.138	538.299	527608	541.619	27512.2	25676.1	306008	2.45454e+06	
40.9022	735569	1216.39	974.171	538.299	528294	541.646	27514.5	25678.3	306209	2.45454e+06	
42.1343	735845	1215.98	974.228	538.299	529453	541.693	27518.4	25682.2	306539	2.45454e+06	
43.3663	736100	1215.6	974.281	538.299	530478	541.734	27521.9	25685.7	306820	2.45454e+06	
43.6743	736161	1215.51	974.293	538.299	530716	541.744	27522.8	25686.5	306884	2.45454e+06	
43.9824	736221	1215.42	974.306	538.299	530946	541.753	27523.6	25687.3	306945	2.45454e+06	
44.2904	736280	1215.33	974.317	538.299	531169	541.762	27524.4	25688	307004	2.45454e+06	
44.5984	736338	1215.25	974.329	538.299	531385	541.771	27525.1	25688.8	307061	2.45454e+06	
44.8766	736389	1215.18	974.34	538.299	531575	541.779	27525.8	25689.5	307111	2.45454e+06	
45.1549	736439	1215.1	974.35	538.299	531759	541.787	27526.5	25690.1	307158	2.45454e+06	
45.4332	736489	1215.03	974.36	538.299	531939	541.794	27527.1	25690.7	307204	2.45454e+06	
45.9897	736585	1214.89	974.379	538.299	532283	541.808	27528.4	25692	307292	2.45454e+06	
46.5463	736678	1214.76	974.398	538.299	532609	541.822	27529.6	25693.1	307373	2.45454e+06	
47.1029	736768	1214.63	974.416	538.299	532917	541.835	27530.7	25694.3	307450	2.45454e+06	
48.6416	737001	1214.29	974.462	538.299	533684	541.868	27533.7	25697.1	307635	2.45454e+06	
50.1802	737213	1213.99	974.504	538.299	534342	541.896	27536.2	25699.6	307789	2.45454e+06	
50.5649	737263	1213.92	974.514	538.299	534491	541.903	27536.8	25700.2	307823	2.45454e+06	
50.9496	737312	1213.86	974.523	538.299	534635	541.909	27537.4	25700.8	307856	2.45454e+06	
51.3342	737360	1213.79	974.532	538.299	534773	541.916	27538	25701.3	307887	2.45454e+06	
51.7189	737406	1213.72	974.541	538.299	534906	541.922	27538.5	25701.9	307917	2.45454e+06	
52.0316	737443	1213.67	974.549	538.299	535011	541.926	27539	25702.3	307940	2.45454e+06	
52.3444	737479	1213.62	974.556	538.299	535112	541.931	27539.4	25702.7	307962	2.45454e+06	
52.6571	737515	1213.57	974.562	538.299	535210	541.935	27539.8	25703.1	307984	2.45454e+06	
53.2461	737580	1213.48	974.575	538.299	535387	541.944	27540.5	25703.8	308023	2.45454e+06	
53.8351	737642	1213.39	974.587	538.299	535554	541.951	27541.3	25704.5	308059	2.45454e+06	
54.424	737703	1213.31	974.599	538.299	535711	541.959	27541.9	25705.2	308093	2.45454e+06	
56.2761	737878	1213.07	974.632	538.299	536148	541.98	27543.9	25707.1	308185	2.45454e+06	
56.7391	737919	1213.01	974.64	538.299	536245	541.984	27544.4	25707.6	308206	2.45454e+06	
57.2022	737959	1212.95	974.648	538.299	536338	541.989	27544.8	25708	308225	2.45454e+06	
57.6652	737997	1212.9	974.655	538.299	536427	541.993	27545.2	25708.4	308243	2.45454e+06	
58.1282	738034	1212.85	974.662	538.299	536512	541.998	27545.6	25708.8	308261	2.45454e+06	
58.4462	738060	1212.82	974.667	538.299	536568	542	27545.9	25709	308272	2.45454e+06	
58.7643	738084	1212.78	974.672	538.299	536622	542.003	27546.2	25709.3	308283	2.45454e+06	
59.0823	738108	1212.75	974.676	538.299	536674	542.006	27546.4	25709.6	308294	2.45454e+06	
59.8077	738161	1212.68	974.686	538.299	536788	542.012	27547	25710.1	308317	2.45454e+06	
60.5331	738212	1212.61	974.696	538.299	536894	542.017	27547.5	25710.6	308338	2.45454e+06	
61.2585	738260	1212.54	974.705	538.299	536992	542.022	27548	25711.1	308358	2.45454e+06	
63.4458	738393	1212.36	974.73	538.299	537249	542.037	27549.4	25712.5	308410	2.45454e+06	
63.9926	738424	1212.32	974.736	538.299	537304	542.04	27549.7	25712.8	308421	2.45454e+06	
64.5394	738453	1212.28	974.741	538.299	537357	542.043	27550	25713.1	308431	2.45454e+06	
65.0863	738482	1212.24	974.747	538.299	537407	542.046	27550.3	25713.3	308441	2.45454e+06	
65.6331	738509	1212.2	974.752	538.299	537455	542.048	27550.6	25713.6	308451	2.45454e+06	
65.9467	738524	1212.18	974.755	538.299	537481	542.05	27550.7	25713.8	308456	2.45454e+06	
66.2602	738539	1212.16	974.758	538.299	537506	542.051	27550.9	25713.9	308461	2.45454e+06	
66.5738	738554	1212.14	974.76	538.299	537531	542.053	27551	25714.1	308466	2.45454e+06	
66.8879	738568	1212.12	974.763	538.299	537554	542.054	27551.2	25714.2	308471	2.45454e+06	
67.2019	738583	1212.1	974.766	538.299	537577	542.056	27551.3	25714.3	308475	2.45454e+06	
67.516	738596	1212.08	974.768	538.299	537600	542.057	27551.5	25714.5	308480	2.45454e+06	
68.2134	738626	1212.04	974.774	538.299	537647	542.06	27551.8	25714.7	308489	2.45454e+06	
68.9108	738655	1212.01	974.779	538.299	537691	542.063	27552	25715	308498	2.45454e+06	
69.6082	738682	1211.97	974.784	538.299	537732	542.065	27552.3	25715.3	308507	2.45454e+06	
72.307	738777	1211.84	974.802	538.299	537866	542.074	27553.2	25716.2	308534	2.45454e+06	
72.9818	738798	1211.81	974.806	538.299	537894	542.076	27553.4	25716.4	308540	2.45454e+06	
73.6565	738818	1211.78	974.81	538.299	537920	542.078	27553.6	25716.6	308545	2.45454e+06	
74.3312	738838	1211.76	974.813	538.299	537945	542.08	27553.8	25716.7	308551	2.45454e+06	
75.6806	738874	1211.71	974.82	538.299	537990	542.083	27554.1	25717.1	308560	2.45454e+06	
77.03	738907	1211.66	974.826	538.299	538029	542.086	27554.5	25717.4	308569	2.45454e+06	
78.3794	738938	1211.62	974.832	538.299	538063	542.089	27554.7	25717.6	308576	2.45454e+06	
79.7288	738966	1211.59	974.837	538.299	538093	542.091	27555	25717.9	308583	2.45454e+06	
80	738972	1211.58	974.838	538.299	538098	542.091	27555	25717.9	308584	2.45454e+06	
