# Values[S].InitialValue	[Z]	[mu2]	[mZ]	
207603	8517.37	17487	81.451	
213447	81642.1	9467.85	403.805	
206300	7924.05	17747.4	76.9007	
209369	72051.5	10089.5	381.639	
212259	78718.8	9648.42	397.316	
214811	85172.9	9259.12	411.36	
209464	72263	10074.8	382.156	
210189	73889.2	9963.6	386.089	
203930	7224.18	18127.9	71.5911	
214967	85589.7	9235.12	412.232	
205948	7798.69	17809.1	75.945	
205713	7720.46	17848.9	75.3496	
201158	6652.48	18515.4	67.2982	
214980	85626.2	9233.02	412.309	
213243	81129.9	9498.97	402.684	
207165	8286.81	17582.4	79.6775	
214678	84820.3	9279.53	410.619	
214943	85526.3	9238.76	412.1	
207473	8444.32	17516.5	80.8884	
200059	6465.45	18660.6	65.9014	
200513	6540.64	18601	66.4626	
211343	76544.7	9787.59	392.343	
213621	82082.2	9441.29	404.763	
212947	80395.8	9543.94	401.065	
200553	6547.33	18595.8	66.5125	
203935	7225.58	18127.1	71.6016	
212392	79039.1	9628.28	398.038	
202470	6901.83	18336.7	69.166	
201322	6682.04	18493.4	67.5194	
204860	7464.81	17986.7	73.4096	
211294	76430.5	9795.02	392.079	
207532	8476.96	17503.2	81.1397	
205081	7527.35	17951.9	73.8834	
212050	78217.4	9680.14	396.181	
201477	6710.21	18472.6	67.7301	
211813	77651.9	9716.18	394.892	
204425	7348.25	18053.7	72.5278	
203815	7196.79	18144.8	71.3845	
209112	71482.7	10129.2	380.24	
207373	8391.35	17538.3	80.4809	
204255	7304.63	18079.4	72.1982	
208009	8779.97	17386.4	83.4787	
201455	6706.1	18475.6	67.6994	
203586	7142.9	18178.3	70.9785	
209034	71310.6	10141.2	379.814	
211255	76338.5	9801.02	391.865	
214355	83970.4	9329.1	408.82	
203877	7211.44	18135.7	71.495	
210171	73848	9966.38	385.991	
214864	85313.4	9251.01	411.655	
200432	6526.98	18611.7	66.3606	
204760	7437.24	18002.3	73.2008	
213513	81807.4	9457.86	404.166	
200566	6549.53	18594.1	66.5289	
208240	8965.15	17320.2	84.9134	
206654	8061.54	17682.5	77.9512	
213291	81251.6	9491.55	402.951	
206480	7992.25	17714.8	77.4214	
211863	77772.1	9708.49	395.167	
208714	9569.2	17127.4	89.6183	
212937	80372	9545.41	401.013	
210978	75696	9843.11	390.367	
208774	9720.28	17084.1	90.8004	
202321	6871.67	18357.4	68.9398	
204288	7312.85	18074.5	72.2603	
201600	6732.95	18456	67.9003	
207871	8683.59	17422.4	82.7336	
204058	7255.4	18108.9	71.8266	
208618	9394.79	17179.7	88.2562	
203883	7212.83	18134.9	71.5055	
205827	7758.02	17829.7	75.6354	
205547	7667.55	17876.5	74.9474	
201514	6716.96	18467.6	67.7807	
203747	7180.64	18154.8	71.2628	
213992	83027.5	9384.77	406.805	
207043	8229.73	17607.1	79.2395	
213867	82707.4	9403.83	406.116	
214186	83529	9355.07	407.88	
212559	79445.4	9602.86	398.949	
211116	76015.8	9822.11	391.114	
202141	6836.23	18382.1	68.6741	
209473	72282.9	10073.4	382.205	
206337	7937.52	17740.9	77.0035	
202366	6880.69	18351.2	69.0074	
214238	83664.5	9347.09	408.169	
205650	7700.12	17859.5	75.195	
205254	7577.86	17924.3	74.2664	
206587	8034.42	17695.1	77.7437	
203758	7183.2	18153.2	71.2821	
205759	7735.62	17841.1	75.465	
201355	6687.9	18489	67.5632	
201713	6754.12	18440.6	68.0588	
214190	83540.5	9354.4	407.904	
209565	72488.4	10059.2	382.706	
204066	7257.47	18107.7	71.8423	
203653	7158.43	18168.6	71.0954	
203095	7033	18248.8	70.1513	
202447	6897.1	18339.9	69.1305	
204226	7297.4	18083.7	72.1437	
214949	85542	9237.86	412.133	
200955	6616.56	18542.5	67.0297	
210930	75583.6	9850.51	390.103	
214124	83369.5	9364.5	407.539	
212160	78480	9663.5	396.776	
212994	80511.6	9536.82	401.322	
214794	85127.6	9261.74	411.265	
207238	8322.38	17567.2	79.9507	
204886	7471.94	17982.7	73.4636	
206617	8046.52	17689.5	77.8362	
204215	7294.51	18085.4	72.1218	
204334	7324.77	18067.5	72.3504	
210051	73578.2	9984.66	385.343	
202576	6923.44	18321.9	69.3282	
206530	8011.84	17705.6	77.5711	
201833	6776.76	18424.3	68.2284	
205895	7780.83	17818.1	75.809	
200837	6596.01	18558.2	66.8761	
203231	7062.87	18229.4	70.376	
202648	6938.16	18311.9	69.4388	
206512	8004.56	17709	77.5155	
208793	9781.57	17067	91.2806	
209985	73429.8	9994.74	384.987	
202034	6815.38	18396.8	68.5178	
203156	7046.17	18240.3	70.2504	
210727	75117.4	9881.35	389.007	
210789	75259	9871.96	389.341	
200484	6535.8	18604.8	66.4264	
201611	6734.92	18454.5	67.915	
201623	6737.14	18452.9	67.9317	
207747	8603.58	17453.1	82.1158	
209266	71823.9	10105.3	381.08	
201905	6790.4	18414.6	68.3305	
214564	84518.3	9297.08	409.982	
201156	6652.11	18515.7	67.2955	
201787	6768.01	18430.6	68.1628	
209086	71426.8	10133.1	380.102	
202957	7003.21	18268.4	69.9274	
208551	9298.9	17209.6	87.5085	
202023	6813.15	18398.4	68.5011	
213376	81464.5	9478.62	403.417	
213132	80853.8	9515.83	402.077	
214686	84839.5	9278.41	410.659	
210766	75207.2	9875.39	389.219	
203426	7106.38	18201.5	70.7034	
214145	83424	9361.28	407.655	
205538	7664.74	17878	74.926	
214327	83895	9333.53	408.66	
207685	8565.66	17467.9	81.8233	
205490	7649.82	17885.8	74.8127	
212390	79035.1	9628.53	398.029	
211724	77442.5	9729.6	394.413	
205433	7632.15	17895.2	74.6785	
206975	8198.85	17620.6	79.0027	
210255	74039.7	9953.43	386.449	
214047	83169.7	9376.33	407.11	
209183	71639.2	10118.2	380.626	
212342	78918	9635.88	397.765	
208366	9084.75	17279.3	85.842	
214257	83712.7	9344.25	408.272	
213782	82491.2	9416.75	405.649	
205340	7603.84	17910.3	74.4636	
201931	6795.43	18411	68.3682	
206512	8004.57	17709	77.5156	
207410	8410.49	17530.4	80.628	
212997	80519.1	9536.36	401.338	
212534	79384	9606.69	398.812	
211153	76101.9	9816.47	391.315	
203146	7044.15	18241.6	70.2352	
211511	76938	9762.1	393.253	
200703	6573.02	18575.9	66.7044	
208812	9865.03	17044.2	91.9349	
208656	9457.7	17160.6	88.7472	
201458	6706.69	18475.2	67.7038	
207923	8718.55	17409.3	83.0037	
203546	7133.67	18184.2	70.9089	
209283	71861.7	10102.7	381.173	
202178	6843.39	18377.1	68.7277	
207923	8718.96	17409.1	83.0069	
203368	7093.36	18209.8	70.6054	
208730	9604.19	17117.2	89.8919	
209096	71447.1	10131.6	380.152	
205225	7569.45	17928.9	74.2027	
208725	9593.43	17120.3	89.8077	
206433	7974.02	17723.5	77.2822	
201935	6796.26	18410.4	68.3745	
211918	77902.2	9700.19	395.463	
213638	82123.2	9438.83	404.852	
211842	77720.7	9711.78	395.049	
201234	6666	18505.3	67.3994	
208081	8834.03	17366.7	83.8971	
205017	7509.04	17962	73.7446	
212481	79255.6	9614.72	398.524	
205541	7665.63	17877.5	74.9328	
202527	6913.34	18328.8	69.2525	
202934	6998.2	18271.7	69.8898	
209732	72860.9	10033.6	383.612	
206323	7932.28	17743.4	76.9635	
214238	83663.6	9347.14	408.167	
213096	80765.3	9521.25	401.882	
213360	81423.9	9481.08	403.328	
212203	78583.4	9656.97	397.01	
208304	9024.01	17299.9	85.3702	
209009	71255.1	10145.1	379.677	
204916	7480.53	17977.9	73.5286	
202127	6833.34	18384.2	68.6524	
202961	7003.96	18267.9	69.9331	
208706	9550.96	17132.8	89.4757	
214175	83501.3	9356.71	407.82	
206152	7869.87	17773.7	76.4874	
201097	6641.56	18523.6	67.2166	
211508	76932.4	9762.46	393.24	
201734	6757.97	18437.8	68.0877	
205635	7695.39	17861.9	75.1591	
202448	6897.28	18339.8	69.1319	
207995	8770.2	17390	83.4031	
201054	6633.99	18529.3	67.16	
203943	7227.3	18126	71.6146	
212579	79493.7	9599.84	399.058	
200821	6593.21	18560.4	66.8552	
203275	7072.51	18223.2	70.4485	
204403	7342.41	18057.1	72.4836	
208912	71043.7	10160	379.153	
212049	78214.9	9680.3	396.175	
204368	7333.41	18062.4	72.4156	
207247	8327.03	17565.2	79.9864	
202176	6843.11	18377.3	68.7256	
211085	75943.6	9826.84	390.946	
213157	80917	9511.96	402.216	
200214	6490.79	18640.3	66.0904	
210342	74236.6	9940.18	386.919	
206038	7829.83	17793.5	76.1822	
210099	73686	9977.34	385.602	
207949	8736.86	17402.4	83.1453	
203001	7012.53	18262.3	69.9975	
202597	6927.61	18319.1	69.3596	
200391	6520.12	18617.1	66.3093	
211896	77848.5	9703.62	395.341	
207896	8700.43	17416.1	82.8637	
214199	83563.3	9353.05	407.953	
203232	7063.05	18229.3	70.3773	
213646	82145.2	9437.5	404.9	
203347	7088.6	18212.8	70.5696	
211295	76432.7	9794.88	392.084	
203674	7163.43	18165.5	71.1331	
203132	7041.01	18243.6	70.2116	
206819	8130.24	17651.2	78.477	
212627	79610.9	9592.54	399.32	
209891	73218.6	10009.1	384.477	
202670	6942.8	18308.8	69.4736	
200846	6597.55	18557	66.8876	
201609	6734.56	18454.8	67.9124	
204471	7359.99	18046.8	72.6165	
204747	7433.66	18004.4	73.1738	
200117	6474.99	18652.9	65.9725	
208394	9113.78	17269.6	86.0676	
210732	75129	9880.58	389.035	
202829	6975.9	18286.6	69.7222	
213714	82316.4	9427.22	405.271	
204391	7339.3	18058.9	72.4601	
203328	7084.26	18215.6	70.537	
210807	75301.6	9869.14	389.441	
207316	8361.49	17550.7	80.2513	
203736	7177.89	18156.5	71.242	
202563	6920.62	18323.8	69.3071	
203695	7168.34	18162.4	71.1701	
212525	79362.5	9608.03	398.764	
203703	7170.29	18161.2	71.1848	
211919	77904.1	9700.07	395.468	
212364	78973.2	9632.42	397.889	
201306	6679.02	18495.6	67.4968	
207405	8407.97	17531.4	80.6087	
209390	72098.8	10086.2	381.755	
201742	6759.51	18436.7	68.0992	
207055	8235.07	17604.7	79.2804	
209653	72684.7	10045.7	383.184	
207502	8460.27	17510	81.0112	
206157	7871.76	17772.8	76.5018	
203842	7203.21	18140.8	71.433	
202952	7002.01	18269.2	69.9184	
201108	6643.63	18522.1	67.2321	
213532	81856.3	9454.91	404.272	
213755	82421.1	9420.94	405.498	
208896	71007.8	10162.5	379.064	
201468	6708.55	18473.8	67.7177	
206674	8069.64	17678.8	78.0132	
213845	82651	9407.19	405.995	
204394	7340.08	18058.5	72.4661	
214135	83398.4	9362.79	407.6	
214086	83270	9370.39	407.326	
212739	79885.6	9575.47	399.932	
209128	71517.8	10126.7	380.326	
202756	6960.58	18296.8	69.6071	
201834	6776.99	18424.2	68.2301	
205891	7779.27	17818.9	75.7971	
214243	83678.2	9346.28	408.198	
209328	71959.8	10095.9	381.414	
214265	83735.3	9342.92	408.32	
213176	80963.5	9509.12	402.318	
214343	83936.8	9331.08	408.749	
204228	7297.68	18083.5	72.1457	
202646	6937.72	18312.2	69.4354	
201570	6727.41	18460	67.8588	
204444	7353.11	18050.8	72.5645	
200222	6492.13	18639.2	66.1004	
209056	71359	10137.8	379.934	
205963	7803.87	17806.5	75.9844	
202539	6915.68	18327.2	69.27	
213476	81716.2	9463.37	403.967	
203565	7138.03	18181.4	70.9418	
208926	71074.3	10157.8	379.229	
210131	73759.2	9972.39	385.778	
201504	6715.24	18468.9	67.7678	
202486	6904.88	18334.6	69.189	
212652	79672.8	9588.69	399.458	
213499	81774.1	9459.87	404.093	
214675	84810.5	9280.09	410.598	
212416	79099.1	9624.51	398.173	
205748	7731.75	17843.1	75.4355	
202576	6923.32	18322	69.3273	
212631	79621.4	9591.89	399.343	
212036	78184.3	9682.24	396.105	
200848	6597.97	18556.7	66.8908	
208061	8819.03	17372.2	83.781	
209149	71565.7	10123.3	380.445	
203183	7052.22	18236.3	70.2959	
209775	72957.9	10027	383.847	
210469	74526.7	9920.72	387.609	
202548	6917.55	18325.9	69.2841	
210673	74992.6	9889.64	388.713	
206431	7973.38	17723.8	77.2773	
205490	7649.53	17886	74.8105	
203576	7140.63	18179.8	70.9613	
207985	8762.69	17392.8	83.345	
207578	8503.01	17492.8	81.3403	
208182	8915.67	17337.5	84.5297	
210136	73769.1	9971.71	385.802	
205530	7661.99	17879.4	74.9052	
213682	82236.6	9432.01	405.098	
214276	83764.4	9341.21	408.382	
207848	8668.27	17428.2	82.6152	
203961	7231.69	18123.3	71.6477	
210698	75050.6	9885.78	388.85	
205128	7540.85	17944.5	73.9857	
210481	74553.9	9918.9	387.674	
211071	75910.1	9829.04	390.867	
214603	84619.7	9291.18	410.196	
208512	9247.75	17225.8	87.11	
213970	82970.8	9388.14	406.683	
208719	9578.99	17124.6	89.6948	
204180	7285.72	18090.7	72.0555	
200500	6538.41	18602.8	66.4459	
205579	7677.42	17871.3	75.0224	
207867	8681.1	17423.4	82.7143	
201489	6712.4	18471	67.7465	
214527	84420	9302.81	409.774	
201012	6626.58	18534.9	67.1046	
209322	71948.2	10096.7	381.385	
208791	9773.96	17069.1	91.2209	
201117	6645.19	18520.9	67.2437	
210192	73896.5	9963.1	386.107	
204354	7329.74	18064.5	72.3879	
201892	6787.96	18416.3	68.3123	
204322	7321.5	18069.4	72.3257	
203235	7063.62	18228.9	70.3817	
213908	82812.2	9397.58	406.342	
207230	8318.46	17568.9	79.9206	
202353	6878.22	18352.9	68.9889	
203280	7073.66	18222.4	70.4572	
205356	7608.72	17907.7	74.5006	
211312	76471.3	9792.37	392.173	
210001	73464.7	9992.37	385.07	
200246	6496.06	18636.1	66.1297	
205320	7597.83	17913.6	74.4179	
211998	78093.7	9688	395.899	
211724	77440.9	9729.71	394.409	
209817	73052.2	10020.5	384.075	
212981	80481.1	9538.69	401.254	
211146	76084.9	9817.59	391.275	
214216	83607.9	9350.42	408.048	
204699	7420.71	18011.7	73.0758	
205809	7752	17832.8	75.5895	
204877	7469.45	17984.1	73.4447	
211443	76778.6	9772.41	392.885	
200908	6608.3	18548.8	66.968	
206374	7951.61	17734.1	77.1111	
204340	7326.18	18066.6	72.361	
207610	8521.56	17485.4	81.4833	
211247	76320.9	9802.17	391.824	
212829	80104.6	9561.91	400.42	
206121	7858.91	17779.1	76.4039	
200898	6606.66	18550.1	66.9557	
202168	6841.52	18378.4	68.7137	
202738	6956.88	18299.3	69.5793	
210666	74976.2	9890.73	388.674	
204836	7458.18	17990.5	73.3594	
207094	8253.15	17596.9	79.4192	
210539	74685.2	9910.12	387.986	
205889	7778.57	17819.3	75.7918	
212631	79620.1	9591.97	399.34	
202674	6943.57	18308.3	69.4794	
207625	8529.82	17482.1	81.5469	
209367	72046.5	10089.8	381.626	
204094	7264.23	18103.6	71.8933	
202985	7009.23	18264.5	69.9727	
209192	71659.1	10116.8	380.675	
208266	8989.11	17311.9	85.0993	
211884	77821.8	9705.32	395.28	
206934	8180.3	17628.8	78.8605	
208786	9756.75	17073.9	91.0861	
208617	9393.56	17180.1	88.2465	
213705	82295.5	9428.47	405.226	
214833	85230.1	9255.81	411.48	
204839	7458.89	17990.1	73.3647	
209764	72932.5	10028.7	383.785	
206567	8026.52	17698.8	77.6834	
201386	6693.48	18484.9	67.605	
203346	7088.29	18213	70.5673	
208139	8879.87	17350.3	84.2522	
208499	9231.97	17230.9	86.9871	
203705	7170.7	18160.9	71.1879	
209434	72196.9	10079.4	381.995	
214687	84843.2	9278.2	410.667	
209512	72369.1	10067.5	382.415	
205097	7531.91	17949.4	73.918	
208188	8920.76	17335.8	84.5691	
210646	74930.8	9893.74	388.567	
205507	7655.04	17883.1	74.8524	
212677	79733.6	9584.91	399.594	
212227	78642.4	9653.24	397.143	
204602	7394.66	18026.7	72.8786	
207070	8242.33	17601.6	79.3362	
203031	7018.99	18258	70.046	
205776	7741.16	17838.3	75.5071	
204181	7285.92	18090.6	72.057	
213224	81083.3	9501.81	402.582	
210068	73615.6	9982.12	385.433	
204700	7420.99	18011.6	73.0779	
206794	8119.67	17656	78.3961	
212638	79636.6	9590.94	399.377	
201022	6628.35	18533.6	67.1179	
202117	6831.49	18385.5	68.6385	
200490	6536.75	18604.1	66.4335	
205395	7620.42	17901.5	74.5895	
209459	72252.1	10075.6	382.129	
213428	81594.8	9470.72	403.702	
201463	6707.7	18474.4	67.7114	
207774	8620.2	17446.7	82.244	
209483	72306	10071.8	382.261	
211514	76946.3	9761.56	393.272	
213651	82158.3	9436.72	404.928	
213013	80559.4	9533.88	401.427	
205947	7798.46	17809.2	75.9433	
200236	6494.43	18637.4	66.1176	
213988	83017.2	9385.38	406.783	
200183	6485.76	18644.3	66.0529	
210796	75275.9	9870.84	389.381	
202792	6968.1	18291.8	69.6636	
206458	7983.55	17719	77.355	
208478	9207.27	17238.9	86.7948	
203901	7217.19	18132.2	71.5384	
210413	74398.2	9929.33	387.304	
201071	6636.99	18527.1	67.1825	
209722	72837.4	10035.2	383.555	
209271	71834.9	10104.5	381.107	
202271	6861.78	18364.3	68.8656	
206885	8158.88	17638.4	78.6963	
208463	9189.65	17244.6	86.6577	
213404	81533.3	9474.44	403.567	
204677	7414.78	18015.1	73.0309	
214859	85301.4	9251.71	411.629	
205398	7621.37	17900.9	74.5967	
211135	76058.9	9819.29	391.214	
210945	75618.5	9848.21	390.185	
202264	6860.42	18365.3	68.8554	
205449	7636.97	17892.6	74.7151	
214761	85038.2	9266.9	411.077	
201586	6730.33	18457.9	67.8807	
212436	79147.6	9621.48	398.282	
209008	71253.9	10145.2	379.674	
211550	77031.8	9756.04	393.469	
205268	7582.07	17922.1	74.2983	
212867	80198.9	9556.08	400.629	
200300	6505.05	18629	66.1968	
212376	79002	9630.61	397.954	
202000	6808.66	18401.6	68.4674	
211190	76188.4	9810.82	391.516	
210213	73943.6	9959.92	386.22	
201607	6734.3	18455	67.9104	
211607	77163.9	9747.52	393.773	
208064	8821.4	17371.3	83.7994	
214102	83310.7	9367.98	407.413	
213235	81111.9	9500.06	402.644	
211378	76626.2	9782.3	392.532	
211092	75960.5	9825.74	390.985	
212195	78563.9	9658.2	396.966	
211778	77568.2	9721.54	394.7	
214350	83956.8	9329.91	408.791	
214192	83545.9	9354.08	407.916	
213276	81212.4	9493.94	402.865	
200725	6576.65	18573.1	66.7315	
208881	70973.6	10165	378.979	
209803	73019.2	10022.8	383.995	
204936	7486.05	17974.8	73.5704	
203001	7012.69	18262.2	69.9987	
210643	74924.1	9894.19	388.551	
213279	81221.6	9493.38	402.885	
213421	81576.6	9471.82	403.662	
205778	7741.6	17838.1	75.5104	
205152	7547.87	17940.7	74.0389	
207651	8545.4	17475.9	81.6671	
213369	81445.4	9479.78	403.375	
212672	79720.6	9585.72	399.565	
204067	7257.74	18107.5	71.8443	
206476	7990.45	17715.7	77.4077	
200321	6508.56	18626.2	66.2231	
210996	75736.7	9840.43	390.462	
202493	6906.35	18333.6	69.2	
208346	9064.38	17286.2	85.6838	
204435	7350.82	18052.2	72.5472	
207755	8608.38	17451.2	82.1528	
201912	6791.76	18413.6	68.3408	
206440	7976.9	17722.1	77.3042	
201962	6801.47	18406.7	68.4135	
201576	6728.43	18459.3	67.8665	
204178	7285.13	18091	72.051	
213652	82159	9436.67	404.93	
203262	7069.75	18225	70.4278	
211147	76087.7	9817.41	391.281	
213720	82333.4	9426.2	405.308	
208374	9092.74	17276.6	85.9041	
203938	7226.08	18126.8	71.6054	
208134	8876.03	17351.6	84.2225	
207131	8270.84	17589.2	79.5549	
210950	75630.9	9847.39	390.214	
214004	83059.3	9382.88	406.873	
214535	84440.8	9301.59	409.818	
207920	8716.75	17409.9	82.9898	
201708	6753.18	18441.3	68.0518	
213658	82174	9435.77	404.962	
210861	75424.8	9860.99	389.731	
205415	7626.42	17898.3	74.635	
213619	82075.2	9441.71	404.748	
203961	7231.84	18123.2	71.6488	
211689	77358.1	9735.02	394.219	
203562	7137.49	18181.8	70.9377	
208334	9052.31	17290.3	85.59	
212338	78908.2	9636.5	397.743	
210365	74290.1	9936.59	387.047	
211898	77855.3	9703.18	395.356	
210277	74089.3	9950.1	386.568	
213809	82560.6	9412.6	405.799	
209267	71826.3	10105.1	381.086	
212866	80196.8	9556.21	400.624	
214746	84998.8	9269.19	410.994	
214206	83580.3	9352.05	407.989	
206417	7967.91	17726.4	77.2355	
202200	6847.65	18374.2	68.7597	
209397	72113.1	10085.2	381.79	
206361	7946.81	17736.4	77.0744	
202905	6992.02	18275.8	69.8433	
204619	7399.3	18024	72.9138	
202338	6875.23	18355	68.9665	
207415	8413.36	17529.2	80.6502	
201783	6767.23	18431.2	68.157	
201980	6804.86	18404.3	68.4389	
202522	6912.32	18329.5	69.2448	
206044	7831.91	17792.5	76.198	
208827	9961.42	17018.5	92.6912	
201352	6687.48	18489.4	67.56	
202211	6849.94	18372.6	68.7768	
214823	85204.4	9257.3	411.426	
212413	79091.5	9624.99	398.156	
200476	6534.41	18605.9	66.416	
202702	6949.48	18304.3	69.5238	
202649	6938.45	18311.7	69.4409	
212152	78460.3	9664.74	396.732	
210333	74215.8	9941.58	386.87	
213515	81814.5	9457.43	404.181	
209056	71360	10137.8	379.937	
210758	75187.5	9876.7	389.173	
207941	8731.12	17404.6	83.1009	
208191	8923.41	17334.8	84.5897	
208498	9231.15	17231.2	86.9807	
209961	73375.8	9998.42	384.856	
208675	9491.98	17150.3	89.0148	
211811	77648.2	9716.42	394.883	
201086	6639.77	18525	67.2032	
209220	71721.1	10112.5	380.827	
205226	7569.75	17928.7	74.2049	
209356	72023.3	10091.4	381.57	
206422	7969.93	17725.4	77.2509	
213872	82719.4	9403.11	406.142	
207676	8560.4	17470	81.7827	
214861	85306.3	9251.42	411.64	
203680	7164.76	18164.6	71.1432	
204660	7410.25	18017.7	72.9966	
201717	6754.82	18440.1	68.0641	
208654	9454.62	17161.5	88.7231	
214567	84524.7	9296.71	409.995	
206594	8037.02	17693.9	77.7636	
214449	84216	9314.72	409.342	
212727	79855.1	9577.37	399.864	
201892	6787.89	18416.4	68.3118	
209264	71818.4	10105.7	381.067	
209219	71720.2	10112.5	380.825	
203981	7236.58	18120.4	71.6846	
200589	6553.43	18591.1	66.5581	
209438	72205.4	10078.8	382.015	
205656	7702.23	17858.4	75.211	
214958	85565.4	9236.51	412.182	
212026	78159.8	9683.8	396.05	
200118	6475.09	18652.8	65.9732	
201502	6714.82	18469.2	67.7646	
205581	7678.18	17870.9	75.0282	
207245	8325.93	17565.7	79.978	
213155	80911.4	9512.31	402.203	
211596	77138.7	9749.14	393.715	
206073	7841.84	17787.6	76.2737	
211487	76882	9765.72	393.123	
206446	7978.88	17721.2	77.3193	
211416	76716	9776.47	392.74	
203782	7188.77	18149.7	71.3241	
212425	79120.5	9623.17	398.221	
211702	77388.4	9733.08	394.288	
209365	72042.9	10090.1	381.618	
200271	6500.18	18632.9	66.1605	
200895	6606.15	18550.5	66.9519	
200851	6598.43	18556.4	66.8942	
211731	77457.8	9728.62	394.448	
214048	83173.5	9376.11	407.119	
214496	84339	9307.53	409.602	
209969	73393.7	9997.2	384.899	
212613	79576.4	9594.69	399.242	
207868	8681.69	17423.1	82.7189	
206197	7886.28	17765.7	76.6125	
212964	80439.1	9541.28	401.161	
208700	9539.04	17136.3	89.3825	
207050	8232.88	17605.7	79.2637	
205819	7755.37	17831	75.6152	
207179	8293.95	17579.3	79.7323	
213377	81465.4	9478.56	403.419	
210413	74398.4	9929.32	387.305	
204683	7416.46	18014.2	73.0436	
206899	8165.15	17635.6	78.7443	
204286	7312.49	18074.7	72.2576	
210284	74106	9948.97	386.608	
208558	9308.56	17206.5	87.5837	
206087	7846.92	17785	76.3124	
206572	8028.41	17697.9	77.6978	
214292	83805.7	9338.78	408.47	
205754	7733.98	17842	75.4525	
205655	7701.81	17858.6	75.2078	
208104	8852.44	17360.1	84.0397	
207795	8633.94	17441.4	82.3501	
206333	7936.03	17741.6	76.9921	
209263	71815.7	10105.9	381.06	
206062	7838.05	17789.4	76.2448	
210524	74652.2	9912.32	387.907	
205369	7612.55	17905.7	74.5297	
201625	6737.5	18452.7	67.9344	
204491	7365.44	18043.6	72.6578	
209831	73082.8	10018.4	384.149	
205752	7733.05	17842.5	75.4454	
202688	6946.4	18306.4	69.5006	
202684	6945.55	18306.9	69.4943	
214910	85437.5	9243.87	411.914	
202597	6927.67	18319	69.36	
211989	78072.2	9689.36	395.851	
202083	6824.82	18390.2	68.5885	
202433	6894.23	18341.9	69.1091	
210468	74524.6	9920.86	387.605	
214020	83100.4	9380.44	406.962	
205739	7728.92	17844.6	75.414	
203248	7066.44	18227.1	70.4029	
211673	77320.1	9737.46	394.132	
210707	75071.1	9884.42	388.898	
204434	7350.36	18052.4	72.5438	
212930	80353.2	9546.57	400.971	
210515	74631.8	9913.69	387.859	
213724	82343.7	9425.59	405.33	
210907	75530.6	9854.01	389.979	
214294	83810.7	9338.48	408.481	
200621	6558.97	18586.7	66.5994	
211157	76111.3	9815.86	391.337	
206294	7921.64	17748.5	76.8823	
206986	8203.87	17618.4	79.0411	
213030	80601.8	9531.28	401.521	
211194	76196	9810.32	391.534	
208370	9088.85	17277.9	85.8738	
205445	7635.86	17893.2	74.7067	
214422	84144.6	9318.9	409.19	
203762	7184.21	18152.5	71.2897	
212071	78266.4	9677.03	396.292	
204261	7306.03	18078.6	72.2088	
204142	7276.14	18096.4	71.9832	
200513	6540.64	18601	66.4626	
205536	7664.05	17878.3	74.9209	
214875	85344.9	9249.2	411.721	
211199	76209.7	9809.43	391.566	
205413	7625.98	17898.5	74.6317	
214149	83432.4	9360.78	407.673	
200069	6467.14	18659.2	65.914	
208420	9141.59	17260.4	86.2839	
206486	7994.42	17713.8	77.438	
205194	7560.35	17933.8	74.1336	
202186	6844.94	18376	68.7393	
206107	7854.14	17781.5	76.3674	
201308	6679.43	18495.3	67.4998	
202862	6982.89	18281.9	69.7747	
205881	7775.97	17820.6	75.772	
208762	9684.07	17094.3	90.517	
208924	71069.1	10158.2	379.216	
205222	7568.36	17929.5	74.1943	
213879	82737.7	9402.02	406.181	
201057	6634.56	18528.9	67.1643	
206601	8039.91	17692.5	77.7858	
202265	6860.57	18365.2	68.8565	
201660	6744.13	18447.8	67.984	
204025	7247.43	18113.8	71.7665	
201366	6689.93	18487.5	67.5784	
200611	6557.18	18588.1	66.5861	
202237	6855.06	18369	68.8153	
211112	76005.9	9822.76	391.091	
203778	7187.92	18150.2	71.3177	
202549	6917.74	18325.8	69.2854	
201418	6699.42	18480.5	67.6494	
203881	7212.37	18135.2	71.502	
204285	7312.2	18074.9	72.2554	
214071	83231.1	9372.69	407.242	
213893	82772.9	9399.92	406.257	
210359	74276.1	9937.52	387.013	
202245	6856.61	18367.9	68.8269	
204924	7482.64	17976.7	73.5446	
204134	7274.36	18097.5	71.9697	
206806	8124.57	17653.8	78.4335	
206823	8132.02	17650.4	78.4906	
200027	6460.37	18664.6	65.8635	
211437	76766.1	9773.23	392.856	
212624	79602.8	9593.05	399.301	
214666	84787.1	9281.45	410.549	
201610	6734.78	18454.6	67.914	
202492	6906.28	18333.6	69.1995	
212558	79442	9603.07	398.942	
210734	75132.3	9880.36	389.043	
211773	77556.5	9722.29	394.674	
207607	8519.54	17486.2	81.4677	
211408	76696.5	9777.74	392.695	
212912	80310.3	9549.21	400.876	
207226	8316.62	17569.6	79.9064	
210549	74708.1	9908.59	388.04	
200566	6549.62	18594	66.5296	
209529	72408.1	10064.8	382.51	
208443	9166.94	17252	86.481	
210321	74189.7	9943.33	386.808	
204012	7244.12	18115.8	71.7415	
203726	7175.67	18157.8	71.2254	
201033	6630.4	18532.1	67.1332	
204411	7344.64	18055.8	72.5005	
210419	74413	9928.34	387.339	
214652	84750.3	9283.59	410.472	
211440	76771.6	9772.87	392.868	
212759	79932.6	9572.56	400.037	
207064	8239.21	17602.9	79.3122	
211279	76395.6	9797.3	391.998	
212663	79700	9587	399.519	
205005	7505.5	17964	73.7178	
213126	80840.1	9516.67	402.046	
211942	77959.6	9696.54	395.594	
212733	79869.9	9576.45	399.897	
200192	6487.27	18643.1	66.0642	
213389	81495.6	9476.73	403.485	
209236	71757.1	10110	380.916	
201915	6792.41	18413.1	68.3456	
212085	78300.8	9674.85	396.37	
205712	7720.26	17849	75.3481	
202329	6873.34	18356.3	68.9524	
208210	8939.18	17329.3	84.7119	
201191	6658.35	18511	67.3422	
210367	74294.2	9936.31	387.056	
214731	84958.6	9271.51	410.91	
205312	7595.18	17915	74.3979	
203910	7219.39	18130.9	71.5549	
200568	6549.94	18593.8	66.532	
214290	83799	9339.17	408.456	
211003	75753.9	9839.3	390.502	
213719	82331.1	9426.34	405.303	
209771	72948.2	10027.6	383.823	
200059	6465.42	18660.6	65.9011	
202743	6957.99	18298.6	69.5877	
201618	6736.33	18453.5	67.9256	
207117	8264.16	17592.1	79.5037	
214372	84013.3	9326.59	408.912	
212289	78791.7	9643.83	397.48	
206464	7985.82	17717.9	77.3723	
202377	6882.94	18349.7	69.0243	
208967	71164.3	10151.5	379.452	
205773	7740.1	17838.8	75.4991	
201595	6732.07	18456.6	67.8938	
213748	82404.3	9421.95	405.461	
202634	6935.34	18313.8	69.4176	
207799	8636.65	17440.3	82.371	
214329	83901.9	9333.13	408.675	
214555	84494.3	9298.48	409.931	
206473	7989.42	17716.2	77.3999	
207005	8212.21	17614.7	79.1051	
212736	79877.3	9575.99	399.914	
209443	72215.5	10078.1	382.04	
200791	6588.07	18564.3	66.8168	
213559	81923.3	9450.87	404.418	
210965	75666.7	9845.04	390.298	
207817	8647.89	17436	82.4578	
214571	84535.1	9296.1	410.017	
212083	78295.2	9675.2	396.357	
200373	6517.17	18619.4	66.2873	
210281	74098	9949.51	386.589	
213387	81491.5	9476.98	403.476	
214943	85524.6	9238.86	412.097	
201309	6679.53	18495.2	67.5006	
214450	84218.1	9314.6	409.346	
205100	7532.94	17948.8	73.9258	
207440	8426.33	17523.8	80.75	
209121	71502.5	10127.8	380.289	
202133	6834.67	18383.2	68.6623	
208076	8830.48	17368	83.8697	
214483	84304.4	9309.55	409.529	
206032	7827.74	17794.6	76.1663	
213195	81012	9506.16	402.425	
211113	76009.4	9822.53	391.099	
209044	71332.1	10139.7	379.868	
211127	76041.1	9820.45	391.173	
209723	72841	10035	383.563	
206089	7847.51	17784.8	76.3169	
207110	8260.92	17593.5	79.4788	
201043	6632.06	18530.8	67.1455	
200319	6508.14	18626.6	66.2199	
213474	81710.7	9463.7	403.955	
209104	71464.3	10130.4	380.194	
203521	7127.99	18187.8	70.8662	
202865	6983.54	18281.5	69.7796	
213681	82233.4	9432.2	405.091	
209855	73136.6	10014.7	384.279	
205228	7570.36	17928.4	74.2095	
213209	81045.3	9504.13	402.498	
200450	6530.08	18609.3	66.3837	
208169	8904.74	17341.4	84.4449	
205105	7534.32	17948.1	73.9362	
210703	75062.2	9885.01	388.877	
204129	7273.1	18098.3	71.9602	
206130	7862.11	17777.5	76.4282	
209653	72683.5	10045.8	383.181	
201767	6764.19	18433.4	68.1343	
209791	72992.7	10024.6	383.931	
203060	7025.32	18253.9	70.0936	
208076	8830.27	17368.1	83.868	
203004	7013.33	18261.8	70.0035	
202842	6978.66	18284.7	69.743	
205917	7788.12	17814.4	75.8645	
214020	83100.2	9380.46	406.961	
200579	6551.8	18592.3	66.5459	
214243	83676.8	9346.37	408.195	
206631	8052.03	17686.9	77.8784	
202997	7011.7	18262.8	69.9913	
201492	6712.92	18470.6	67.7504	
210058	73592.6	9983.68	385.378	
202884	6987.56	18278.8	69.8098	
204053	7254.23	18109.6	71.8178	
212074	78274.6	9676.51	396.311	
212087	78306.3	9674.5	396.382	
202547	6917.32	18326.1	69.2824	
208098	8847.06	17362	83.998	
214153	83443.1	9360.15	407.696	
208745	9639.32	17107.1	90.1667	
204412	7344.76	18055.7	72.5014	
200796	6588.96	18563.6	66.8235	
208637	9425.84	17170.2	88.4984	
210101	73690.3	9977.05	385.613	
212027	78163.2	9683.58	396.057	
201885	6786.6	18417.3	68.3021	
214993	85660.3	9231.07	412.38	
211457	76812.7	9770.21	392.963	
214540	84453.1	9300.88	409.844	
214050	83177.4	9375.88	407.127	
204815	7452.48	17993.7	73.3162	
211966	78017.2	9692.86	395.725	
207656	8548.5	17474.7	81.6909	
204312	7319.11	18070.8	72.3076	
213248	81143.5	9498.14	402.714	
210237	73999.3	9956.16	386.353	
206053	7834.98	17791	76.2214	
214299	83824.3	9337.68	408.51	
207728	8591.73	17457.7	82.0243	
210060	73597.4	9983.36	385.389	
212785	79996.8	9568.58	400.18	
212184	78537.9	9659.84	396.907	
208542	9286.61	17213.5	87.4127	
208253	8976.69	17316.2	85.0029	
210752	75175	9877.52	389.143	
209455	72243.8	10076.1	382.109	
213301	81274.9	9490.14	403.002	
201335	6684.25	18491.7	67.5359	
203915	7220.67	18130.1	71.5646	
206761	8105.73	17662.3	78.2893	
207455	8434.52	17520.5	80.813	
200838	6596.28	18558	66.8782	
205603	7685.04	17867.3	75.0803	
202511	6910.01	18331.1	69.2274	
211766	77539.8	9723.36	394.635	
205936	7794.51	17811.2	75.9132	
208731	9605.08	17117	89.8989	
205792	7746.47	17835.6	75.5475	
213972	82977.8	9387.73	406.698	
212049	78215.8	9680.24	396.177	
204647	7406.73	18019.7	72.97	
206258	7908.46	17754.9	76.7817	
203540	7132.35	18185	70.899	
205885	7777.2	17819.9	75.7814	
213716	82321.7	9426.9	405.283	
210470	74527.4	9920.67	387.611	
203912	7219.81	18130.6	71.5581	
205140	7544.36	17942.6	74.0124	
208342	9060.58	17287.5	85.6542	
212391	79036.5	9628.44	398.032	
212928	80349.7	9546.78	400.963	
212692	79770.2	9582.64	399.675	
202934	6998.29	18271.7	69.8905	
211425	76738.1	9775.04	392.791	
207411	8411.14	17530.1	80.6331	
212432	79137.7	9622.1	398.259	
202085	6825.2	18389.9	68.5914	
200263	6498.9	18633.9	66.1509	
207454	8434.12	17520.6	80.8099	
213804	82545.7	9413.49	405.767	
211887	77827.2	9704.98	395.292	
214369	84006.1	9327.01	408.896	
200977	6620.47	18539.6	67.0589	
205547	7667.35	17876.6	74.9459	
208956	71139.1	10153.3	379.39	
200407	6522.86	18615	66.3298	
207824	8652.84	17434.1	82.496	
212423	79115.9	9623.46	398.21	
206213	7891.94	17762.9	76.6557	
208618	9394.98	17179.7	88.2576	
206978	8200.17	17620	79.0128	
212559	79444.2	9602.93	398.947	
200875	6602.65	18553.1	66.9258	
204431	7349.63	18052.9	72.5382	
210526	74657.1	9912	387.919	
205896	7780.9	17818.1	75.8095	
206368	7949.45	17735.2	77.0945	
204842	7459.97	17989.5	73.3729	
207172	8290.55	17580.8	79.7062	
200292	6503.63	18630.1	66.1863	
210813	75315.7	9868.21	389.474	
200702	6572.84	18576	66.703	
203252	7067.39	18226.5	70.41	
203666	7161.59	18166.6	71.1193	
210300	74141.1	9946.6	386.692	
201901	6789.63	18415.1	68.3248	
200830	6594.75	18559.2	66.8667	
208420	9140.77	17260.7	86.2775	
204762	7437.86	18002	73.2055	
203764	7184.48	18152.4	71.2918	
200466	6532.74	18607.2	66.4035	
201401	6696.28	18482.9	67.6259	
203457	7113.35	18197	70.7559	
208280	9001.49	17307.6	85.1953	
203926	7223.18	18128.5	71.5835	
200475	6534.26	18606	66.4149	
203186	7052.94	18235.8	70.3014	
214908	85431.3	9244.22	411.902	
214410	84111.9	9320.81	409.121	
212656	79681.1	9588.17	399.476	
212278	78764.4	9645.55	397.419	
201537	6721.29	18464.5	67.813	
202407	6888.98	18345.5	69.0696	
210956	75644.5	9846.5	390.246	
207339	8373.26	17545.8	80.3417	
206752	8101.7	17664.1	78.2584	
202089	6825.98	18389.4	68.5972	
211545	77019.7	9756.82	393.441	
209163	71596.1	10121.2	380.52	
203510	7125.45	18189.4	70.847	
202670	6942.67	18308.9	69.4726	
214364	83991.5	9327.87	408.865	
209923	73289.3	10004.3	384.648	
210066	73611.8	9982.38	385.424	
208677	9495.64	17149.2	89.0434	
205816	7754.31	17831.6	75.6071	
210819	75328.4	9867.37	389.504	
212306	78830.9	9641.36	397.569	
200872	6602.08	18553.6	66.9215	
201459	6706.86	18475.1	67.705	
214254	83705	9344.7	408.255	
200990	6622.81	18537.8	67.0764	
212451	79182.8	9619.27	398.361	
214714	84914.1	9274.09	410.816	
207842	8664.6	17429.6	82.5869	
207877	8687.44	17421	82.7633	
205882	7776.5	17820.3	75.776	
200945	6614.94	18543.8	67.0176	
