# Time	[Z]	[mu2]	[mZ]	
0	52414.1	11690.1	326.103	
1e-09	52414.1	11690.1	326.103	
2e-09	52414.1	11690.1	326.103	
1.0002e-05	52414.1	11690.1	326.103	
2.0002e-05	52414.1	11690.1	326.103	
3.0002e-05	52414.1	11690.1	326.104	
0.000130002	52414.1	11690.1	326.106	
0.000230002	52414.1	11690.1	326.108	
0.000330002	52414.1	11690.1	326.11	
0.000430002	52414.1	11690.1	326.112	
0.00143	52414.1	11690	326.135	
0.00243	52414.1	11689.9	326.157	
0.00343	52414.1	11689.9	326.179	
0.00443	52414.1	11689.8	326.201	
0.01443	52414.2	11689.1	326.419	
0.02443	52414.2	11688.5	326.634	
0.03443	52414.3	11687.8	326.847	
0.04443	52414.5	11687.1	327.058	
0.05443	52414.7	11686.4	327.265	
0.15443	52418.5	11679.6	329.208	
0.25443	52425.5	11672.5	330.928	
0.35443	52435.4	11665.3	332.452	
0.45443	52447.9	11657.9	333.805	
0.55443	52462.7	11650.4	335.007	
0.65443	52479.5	11642.8	336.078	
0.876556	52523.2	11625.6	338.064	
1.09868	52574.2	11608.2	339.623	
1.32081	52631	11590.7	340.864	
1.54293	52692.6	11573.1	341.868	
1.76506	52758.1	11555.6	342.695	
1.98718	52826.9	11538.1	343.39	
2.25409	52913.3	11517.2	344.099	
2.521	53003.2	11496.6	344.708	
2.7879	53096.1	11476.1	345.248	
3.05481	53191.7	11455.9	345.739	
3.32172	53289.6	11435.9	346.197	
3.58863	53389.8	11416.2	346.631	
3.90289	53510.4	11393.3	347.122	
4.21715	53633.7	11370.7	347.599	
4.53141	53759.4	11348.5	348.067	
4.84567	53887.4	11326.6	348.53	
5.15993	54017.5	11305.1	348.989	
5.56664	54189.1	11277.7	349.58	
5.97334	54363.8	11250.8	350.169	
6.38004	54541.7	11224.4	350.758	
6.78674	54722.3	11198.6	351.346	
7.22425	54919.6	11171.3	351.978	
7.66177	55119.8	11144.6	352.61	
8.09928	55322.6	11118.4	353.241	
9.06041	55776.7	11062.5	354.623	
10.0215	56240.8	11009	355.996	
10.9827	56713	10957.5	357.357	
11.9438	57191.9	10908.1	358.704	
12.4194	57430.9	10884.3	359.364	
12.895	57670.9	10861	360.019	
13.3707	57911.8	10838	360.67	
14.2637	58366.3	10796.1	361.879	
15.1568	58822.4	10755.6	363.069	
16.0498	59279.5	10716.4	364.239	
16.9429	59736.7	10678.4	365.388	
17.4373	59989.6	10657.9	366.015	
17.9317	60242.2	10637.7	366.635	
18.4262	60494.3	10617.9	367.249	
19.5296	61055.2	10574.9	368.594	
20.6331	61612.3	10533.5	369.904	
21.7366	62164.9	10493.5	371.18	
22.8401	62712.1	10455	372.421	
23.3369	62956.6	10438.1	372.968	
23.8338	63199.7	10421.4	373.508	
24.3307	63441.5	10405	374.041	
24.8632	63699.1	10387.8	374.605	
25.3956	63955	10370.8	375.161	
25.9281	64209.1	10354.1	375.708	
27.5683	64980.7	10304.4	377.347	
29.2085	65734	10257	378.912	
29.6185	65919.4	10245.6	379.292	
30.0286	66103.6	10234.3	379.668	
30.4386	66286.5	10223.1	380.04	
30.8487	66468.2	10212	380.407	
31.3084	66670.5	10199.8	380.814	
31.7682	66871.2	10187.7	381.215	
32.228	67070.3	10175.9	381.611	
32.8052	67318	10161.1	382.101	
33.3824	67563.2	10146.7	382.583	
33.9596	67805.8	10132.5	383.057	
34.73	68125.6	10113.9	383.678	
35.5003	68440.8	10095.7	384.285	
36.2706	68751.4	10077.9	384.878	
36.9094	69005.5	10063.4	385.36	
37.5482	69256.4	10049.2	385.834	
38.1869	69504.1	10035.3	386.298	
38.8586	69761.2	10020.9	386.778	
39.5304	70014.8	10006.8	387.248	
40.2021	70265	9993.01	387.709	
40.9193	70528.2	9978.53	388.191	
41.6365	70787.5	9964.34	388.664	
42.3537	71042.9	9950.43	389.126	
43.119	71311.2	9935.9	389.61	
43.8843	71575.1	9921.69	390.082	
44.6496	71834.6	9907.77	390.545	
45.43	72094.8	9893.88	391.006	
46.2105	72350.5	9880.29	391.456	
46.991	72601.8	9866.99	391.897	
47.8126	72861.7	9853.3	392.35	
48.6342	73116.8	9839.92	392.793	
49.4557	73367.2	9826.84	393.225	
50.2862	73615.6	9813.92	393.651	
51.1167	73859.3	9801.29	394.068	
51.9472	74098.3	9788.95	394.475	
52.8284	74347	9776.16	394.896	
53.7096	74590.6	9763.67	395.307	
54.5909	74829.2	9751.48	395.707	
55.4698	75062.3	9739.61	396.097	
56.3487	75290.7	9728.02	396.477	
57.2276	75514.3	9716.71	396.848	
58.2958	75779.8	9703.32	397.286	
59.3639	76038.7	9690.31	397.711	
60.4321	76291	9677.67	398.124	
61.2145	76471.7	9668.64	398.418	
61.9969	76649	9659.8	398.706	
62.7793	76823.1	9651.15	398.988	
63.5493	76991.1	9642.81	399.26	
64.3194	77156.1	9634.64	399.525	
65.0895	77318	9626.63	399.785	
66.1055	77527	9616.32	400.12	
67.1216	77730.9	9606.29	400.445	
68.1377	77929.8	9596.52	400.762	
69.46	78181.3	9584.2	401.16	
70.7824	78424.8	9572.31	401.545	
72.1047	78660.5	9560.83	401.915	
72.8186	78784.6	9554.79	402.11	
73.5325	78906.5	9548.87	402.301	
74.2464	79026.2	9543.06	402.488	
74.6143	79087.1	9540.11	402.583	
74.9822	79147.5	9537.19	402.677	
75.3501	79207.3	9534.3	402.77	
75.9548	79304.4	9529.6	402.922	
76.5594	79400	9524.98	403.07	
77.1641	79494.2	9520.43	403.216	
80.6939	80016.9	9495.28	404.024	
81.5764	80140.6	9489.35	404.214	
82.4588	80261.6	9483.55	404.399	
83.3413	80379.9	9477.89	404.581	
84.2238	80495.7	9472.35	404.758	
84.6782	80554.3	9469.55	404.847	
85.1326	80612.3	9466.78	404.936	
85.587	80669.6	9464.05	405.023	
86.274	80755	9459.98	405.153	
86.9609	80838.9	9455.98	405.281	
87.6478	80921.5	9452.05	405.407	
91.7806	81389.1	9429.84	406.115	
92.8137	81498.7	9424.65	406.28	
93.8469	81605.4	9419.59	406.441	
94.8801	81709.5	9414.67	406.597	
96.9465	81909.6	9405.22	406.898	
99.0128	82099.7	9396.26	407.182	
101.079	82280.2	9387.76	407.452	
103.146	82451.5	9379.71	407.707	
107.185	82762	9365.15	408.168	
111.224	83042.5	9352.02	408.584	
115.264	83296	9340.18	408.958	
119.303	83525.1	9329.5	409.295	
123.343	83732.2	9319.86	409.598	
128.666	83974.9	9308.59	409.954	
133.989	84187.3	9298.74	410.264	
139.313	84373.2	9290.13	410.534	
144.636	84535.9	9282.61	410.77	
149.959	84678.3	9276.03	410.977	
157.224	84844.4	9268.36	411.218	
164.49	84982.9	9261.98	411.418	
171.755	85098.4	9256.66	411.584	
179.02	85194.7	9252.23	411.723	
186.286	85275.1	9248.54	411.839	
193.551	85342.1	9245.46	411.935	
200.816	85398	9242.89	412.016	
208.082	85444.6	9240.75	412.083	
215.347	85483.4	9238.96	412.138	
223.471	85519.3	9237.32	412.19	
231.595	85548.6	9235.97	412.232	
239.72	85572.6	9234.87	412.266	
247.844	85592.1	9233.98	412.294	
255.968	85608.1	9233.25	412.317	
266.932	85625.1	9232.47	412.342	
277.895	85638	9231.87	412.36	
288.859	85647.8	9231.42	412.374	
299.822	85655.2	9231.08	412.385	
310.786	85660.9	9230.82	412.393	
321.749	85665.3	9230.62	412.399	
335.161	85669.2	9230.44	412.405	
348.572	85672	9230.32	412.409	
361.984	85674	9230.22	412.412	
375.396	85675.4	9230.16	412.414	
388.807	85676.4	9230.11	412.415	
407.684	85677.4	9230.07	412.417	
426.561	85678	9230.04	412.418	
445.438	85678.4	9230.02	412.418	
464.315	85678.6	9230.01	412.418	
483.192	85678.8	9230	412.419	
500	85678.9	9230	412.419	
