# Time	[Z]	[mu2]	[mZ]	[mF]	[F]	[mP]	[PE]	[PG]	[PM]	[STAT]	(R5).Flux	
0	739275	1211.17	974.894	538.299	538299	542.115	27557.7	25720.5	308646	2.45454e+06	1.1551e-11	
1e-09	739275	1211.17	974.894	538.299	538299	542.115	27557.7	25720.5	308646	2.45454e+06	1.1551e-11	
2e-09	739275	1211.17	974.894	538.299	538299	542.115	27557.7	25720.5	308646	2.45454e+06	1.1551e-11	
1.0002e-05	739275	1211.17	974.893	538.299	538299	542.115	27557.7	25720.5	308646	2.45454e+06	1.1551e-11	
2.0002e-05	739275	1211.17	974.892	538.299	538299	542.115	27557.7	25720.5	308646	2.45454e+06	1.1551e-11	
3.0002e-05	739275	1211.17	974.891	538.299	538299	542.115	27557.7	25720.5	308646	2.45454e+06	1.1551e-11	
0.000130002	739275	1211.18	974.88	538.299	538299	542.115	27557.7	25720.5	308646	2.45454e+06	1.1551e-11	
0.000230002	739275	1211.18	974.869	538.299	538299	542.115	27557.7	25720.5	308646	2.45454e+06	1.15511e-11	
0.000330002	739275	1211.19	974.858	538.299	538299	542.115	27557.7	25720.5	308646	2.45454e+06	1.15511e-11	
0.00133	739275	1211.22	974.747	538.299	538299	542.115	27557.7	25720.5	308646	2.45454e+06	1.15516e-11	
0.00233	739275	1211.25	974.637	538.299	538299	542.115	27557.7	25720.5	308646	2.45454e+06	1.1552e-11	
0.00333	739275	1211.29	974.527	538.299	538299	542.115	27557.7	25720.5	308646	2.45454e+06	1.15524e-11	
0.00433	739275	1211.32	974.417	538.299	538299	542.115	27557.7	25720.5	308646	2.45454e+06	1.15529e-11	
0.01433	739274	1211.67	973.319	538.299	538299	542.115	27557.7	25720.5	308646	2.45454e+06	1.15573e-11	
0.02433	739272	1212.02	972.228	538.299	538299	542.114	27557.6	25720.5	308646	2.45454e+06	1.15617e-11	
0.03433	739270	1212.36	971.142	538.299	538299	542.114	27557.6	25720.5	308646	2.45454e+06	1.1566e-11	
0.04433	739266	1212.71	970.062	538.299	538299	542.114	27557.5	25720.5	308646	2.45454e+06	1.15704e-11	
0.05433	739262	1213.05	968.987	538.299	538299	542.114	27557.4	25720.5	308646	2.45454e+06	1.15748e-11	
0.15433	739172	1216.51	958.554	538.299	538299	542.106	27555.5	25720.3	308646	2.45454e+06	1.16187e-11	
0.25433	739001	1219.97	948.664	538.299	538299	542.09	27552.1	25719.8	308646	2.45454e+06	1.16624e-11	
0.35433	738754	1223.43	939.287	538.299	538299	542.068	27547.2	25718.7	308646	2.45454e+06	1.17059e-11	
0.45433	738435	1226.89	930.397	538.299	538299	542.04	27541.1	25716.9	308645	2.45454e+06	1.17494e-11	
0.55433	738049	1230.34	921.967	538.299	538299	542.005	27533.9	25714.4	308645	2.45454e+06	1.17927e-11	
0.748378	737124	1237.02	906.832	538.299	538299	541.921	27517.3	25707.3	308641	2.45454e+06	1.18763e-11	
0.942426	735989	1243.68	893.173	538.299	538299	541.818	27497.9	25697.3	308635	2.45454e+06	1.19594e-11	
1.13647	734669	1250.32	880.841	538.299	538299	541.697	27476.1	25684.6	308625	2.45454e+06	1.20418e-11	
1.33052	733187	1256.92	869.702	538.299	538299	541.561	27452.4	25669.3	308611	2.45454e+06	1.21236e-11	
1.52457	731563	1263.49	859.636	538.299	538299	541.411	27427.3	25651.8	308592	2.45454e+06	1.22048e-11	
1.71862	729815	1270.02	850.532	538.299	538299	541.248	27401	25632.4	308566	2.45454e+06	1.22853e-11	
1.91267	727958	1276.5	842.296	538.299	538299	541.075	27373.6	25611.3	308534	2.45454e+06	1.23651e-11	
2.10672	726007	1282.94	834.837	538.299	538299	540.893	27345.5	25588.8	308496	2.45454e+06	1.24443e-11	
2.30076	723976	1289.34	828.078	538.299	538299	540.702	27316.7	25565	308451	2.45454e+06	1.25227e-11	
2.49481	721874	1295.68	821.949	538.299	538299	540.504	27287.4	25540.3	308399	2.45454e+06	1.26004e-11	
2.68886	719714	1301.98	816.384	538.299	538299	540.299	27257.6	25514.7	308340	2.45454e+06	1.26774e-11	
3.08171	715195	1314.56	806.621	538.299	538299	539.869	27196.5	25461	308197	2.45454e+06	1.28311e-11	
3.47456	710535	1326.92	798.541	538.299	538299	539.424	27134.7	25405.4	308026	2.45454e+06	1.29818e-11	
3.86741	705784	1339.06	791.818	538.299	538299	538.967	27072.7	25348.6	307825	2.45454e+06	1.31295e-11	
4.26026	700983	1350.97	786.189	538.299	538299	538.504	27010.8	25291.3	307597	2.45454e+06	1.32744e-11	
4.65311	696163	1362.66	781.443	538.299	538299	538.037	26949.2	25233.8	307342	2.45454e+06	1.34165e-11	
5.04596	691351	1374.12	777.41	538.299	538299	537.569	26888.2	25176.5	307063	2.45454e+06	1.35558e-11	
5.21629	689272	1379.02	775.848	538.299	538299	537.367	26862	25151.7	306934	2.45454e+06	1.36153e-11	
5.38662	687199	1383.88	774.384	538.299	538299	537.164	26835.9	25127.1	306801	2.45454e+06	1.36744e-11	
5.55695	685134	1388.7	773.01	538.299	538299	536.963	26810	25102.5	306665	2.45454e+06	1.3733e-11	
5.72728	683078	1393.48	771.718	538.299	538299	536.762	26784.2	25078.1	306524	2.45454e+06	1.37911e-11	
5.89761	681031	1398.22	770.501	538.299	538299	536.562	26758.6	25053.8	306379	2.45454e+06	1.38487e-11	
6.11721	678407	1404.27	769.032	538.299	538299	536.305	26725.9	25022.6	306187	2.45454e+06	1.39223e-11	
6.33681	675803	1410.26	767.664	538.299	538299	536.049	26693.4	24991.7	305990	2.45454e+06	1.39951e-11	
6.55641	673219	1416.18	766.386	538.299	538299	535.796	26661.3	24961.1	305786	2.45454e+06	1.40672e-11	
6.77601	670656	1422.05	765.189	538.299	538299	535.544	26629.5	24930.7	305578	2.45454e+06	1.41385e-11	
7.04159	667586	1429.06	763.836	538.299	538299	535.242	26591.4	24894.3	305319	2.45454e+06	1.42239e-11	
7.30717	664551	1435.98	762.574	538.299	538299	534.943	26553.9	24858.4	305053	2.45454e+06	1.43082e-11	
7.57275	661551	1442.82	761.393	538.299	538299	534.647	26516.7	24822.8	304781	2.45454e+06	1.43915e-11	
7.83833	658586	1449.58	760.281	538.299	538299	534.354	26480.1	24787.7	304503	2.45454e+06	1.44739e-11	
8.3343	653150	1461.99	758.361	538.299	538299	533.815	26412.9	24723.3	303969	2.45454e+06	1.46252e-11	
8.83026	647843	1474.14	756.61	538.299	538299	533.288	26347.4	24660.5	303419	2.45454e+06	1.47735e-11	
9.32623	642668	1486.03	754.992	538.299	538299	532.773	26283.4	24599.1	302855	2.45454e+06	1.49189e-11	
9.82219	637624	1497.69	753.479	538.299	538299	532.268	26220.9	24539.1	302279	2.45454e+06	1.50615e-11	
10.3182	632709	1509.12	752.052	538.299	538299	531.775	26159.9	24480.6	301694	2.45454e+06	1.52015e-11	
11.0344	625836	1525.25	750.111	538.299	538299	531.08	26074.2	24398.5	300835	2.45454e+06	1.53994e-11	
11.7507	619222	1540.96	748.28	538.299	538299	530.407	25991.3	24319.1	299965	2.45454e+06	1.55925e-11	
12.467	612858	1556.3	746.537	538.299	538299	529.754	25910.9	24242.2	299088	2.45454e+06	1.57812e-11	
13.1833	606734	1571.27	744.863	538.299	538299	529.12	25832.9	24167.7	298208	2.45454e+06	1.59659e-11	
13.8995	600840	1585.92	743.246	538.299	538299	528.502	25757.2	24095.3	297328	2.45454e+06	1.61467e-11	
14.7034	594487	1602	741.49	538.299	538299	527.829	25674.6	24016.6	296343	2.45454e+06	1.63454e-11	
15.5073	588399	1617.71	739.786	538.299	538299	527.175	25594.5	23940.2	295365	2.45454e+06	1.654e-11	
16.3112	582560	1633.09	738.128	538.299	538299	526.538	25516.6	23866	294395	2.45454e+06	1.67308e-11	
17.115	576958	1648.16	736.511	538.299	538299	525.917	25440.8	23793.9	293435	2.45454e+06	1.69179e-11	
17.3691	575235	1652.86	736.008	538.299	538299	525.724	25417.2	23771.5	293135	2.45454e+06	1.69764e-11	
17.6232	573533	1657.54	735.508	538.299	538299	525.533	25393.9	23749.3	292835	2.45454e+06	1.70345e-11	
17.8773	571854	1662.18	735.012	538.299	538299	525.343	25370.7	23727.3	292537	2.45454e+06	1.70923e-11	
18.1572	570027	1667.27	734.469	538.299	538299	525.135	25345.4	23703.2	292210	2.45454e+06	1.71556e-11	
18.4372	568226	1672.33	733.93	538.299	538299	524.929	25320.2	23679.4	291884	2.45454e+06	1.72185e-11	
18.7172	566450	1677.35	733.395	538.299	538299	524.725	25295.3	23655.7	291560	2.45454e+06	1.72811e-11	
19.9567	558873	1699.22	731.072	538.299	538299	523.839	25187.5	23553.4	290147	2.45454e+06	1.75538e-11	
21.1962	551734	1720.53	728.815	538.299	538299	522.981	25083.3	23454.6	288769	2.45454e+06	1.782e-11	
22.4356	544996	1741.32	726.62	538.299	538299	522.15	24982.4	23359	287427	2.45454e+06	1.808e-11	
22.7455	543371	1746.44	726.08	538.299	538299	521.946	24957.7	23335.7	287098	2.45454e+06	1.81441e-11	
23.0554	541767	1751.53	725.543	538.299	538299	521.743	24933.2	23312.4	286770	2.45454e+06	1.82079e-11	
23.3652	540186	1756.59	725.01	538.299	538299	521.542	24908.8	23289.4	286445	2.45454e+06	1.82713e-11	
23.6751	538627	1761.62	724.481	538.299	538299	521.342	24884.7	23266.5	286122	2.45454e+06	1.83343e-11	
23.9079	537469	1765.38	724.085	538.299	538299	521.193	24866.7	23249.5	285881	2.45454e+06	1.83815e-11	
24.1407	536323	1769.13	723.691	538.299	538299	521.045	24848.7	23232.5	285641	2.45454e+06	1.84285e-11	
24.3736	535189	1772.86	723.299	538.299	538299	520.897	24830.9	23215.6	285402	2.45454e+06	1.84753e-11	
24.9741	532315	1782.41	722.295	538.299	538299	520.52	24785.3	23172.5	284793	2.45454e+06	1.85951e-11	
25.5745	529513	1791.87	721.304	538.299	538299	520.147	24740.4	23130.1	284191	2.45454e+06	1.87138e-11	
26.175	526781	1801.22	720.323	538.299	538299	519.78	24696.1	23088.2	283598	2.45454e+06	1.88313e-11	
27.5142	520927	1821.75	718.175	538.299	538299	518.976	24599.3	22996.7	282304	2.45454e+06	1.90894e-11	
27.849	519512	1826.82	717.646	538.299	538299	518.778	24575.6	22974.3	281987	2.45454e+06	1.91531e-11	
28.1838	518115	1831.85	717.12	538.299	538299	518.582	24552	22952	281672	2.45454e+06	1.92164e-11	
28.5186	516737	1836.86	716.597	538.299	538299	518.386	24528.6	22929.9	281359	2.45454e+06	1.92794e-11	
28.8534	515376	1841.84	716.078	538.299	538299	518.193	24505.3	22907.9	281049	2.45454e+06	1.93421e-11	
29.2668	513720	1847.96	715.44	538.299	538299	517.955	24476.8	22881	280669	2.45454e+06	1.94191e-11	
29.6802	512090	1854.03	714.807	538.299	538299	517.719	24448.5	22854.3	280293	2.45454e+06	1.94957e-11	
30.0936	510485	1860.07	714.179	538.299	538299	517.485	24420.5	22827.9	279920	2.45454e+06	1.95717e-11	
31.5345	505078	1880.82	712.021	538.299	538299	516.684	24324.7	22737.4	278647	2.45454e+06	1.98333e-11	
32.9754	499942	1901.14	709.914	538.299	538299	515.903	24231.4	22649.5	277413	2.45454e+06	2.00897e-11	
33.3356	498697	1906.15	709.395	538.299	538299	515.711	24208.5	22627.8	277111	2.45454e+06	2.01529e-11	
33.6958	497468	1911.14	708.879	538.299	538299	515.52	24185.7	22606.4	276811	2.45454e+06	2.02159e-11	
34.056	496253	1916.1	708.365	538.299	538299	515.33	24163.1	22585	276513	2.45454e+06	2.02786e-11	
34.4163	495053	1921.04	707.855	538.299	538299	515.141	24140.7	22563.9	276217	2.45454e+06	2.0341e-11	
34.5942	494465	1923.47	707.604	538.299	538299	515.048	24129.6	22553.4	276072	2.45454e+06	2.03717e-11	
34.7722	493881	1925.9	707.353	538.299	538299	514.956	24118.6	22543.1	275927	2.45454e+06	2.04024e-11	
34.9501	493300	1928.32	707.103	538.299	538299	514.863	24107.7	22532.7	275783	2.45454e+06	2.04329e-11	
35.2114	492453	1931.86	706.738	538.299	538299	514.728	24091.6	22517.6	275572	2.45454e+06	2.04777e-11	
35.4727	491614	1935.39	706.374	538.299	538299	514.594	24075.6	22502.5	275363	2.45454e+06	2.05223e-11	
35.734	490781	1938.91	706.011	538.299	538299	514.46	24059.7	22487.6	275154	2.45454e+06	2.05667e-11	
37.272	486015	1959.37	703.904	538.299	538299	513.684	23967.6	22400.7	273950	2.45454e+06	2.08255e-11	
37.6565	484858	1964.42	703.385	538.299	538299	513.493	23945	22379.4	273654	2.45454e+06	2.08894e-11	
38.041	483715	1969.45	702.869	538.299	538299	513.303	23922.5	22358.2	273361	2.45454e+06	2.0953e-11	
38.4255	482584	1974.46	702.355	538.299	538299	513.114	23900.1	22337.1	273070	2.45454e+06	2.10163e-11	
38.81	481466	1979.44	701.844	538.299	538299	512.926	23877.9	22316.2	272782	2.45454e+06	2.10794e-11	
39.0463	480785	1982.49	701.531	538.299	538299	512.811	23864.3	22303.4	272605	2.45454e+06	2.1118e-11	
39.2827	480109	1985.53	701.219	538.299	538299	512.696	23850.8	22290.6	272430	2.45454e+06	2.11565e-11	
39.519	479437	1988.56	700.909	538.299	538299	512.582	23837.3	22277.9	272255	2.45454e+06	2.11949e-11	
40.3143	477209	1998.71	699.871	538.299	538299	512.201	23792.3	22235.5	271672	2.45454e+06	2.13233e-11	
41.1095	475029	2008.76	698.844	538.299	538299	511.824	23747.8	22193.7	271098	2.45454e+06	2.14506e-11	
41.9048	472897	2018.72	697.827	538.299	538299	511.452	23703.9	22152.3	270533	2.45454e+06	2.15768e-11	
42.5901	471095	2027.24	696.96	538.299	538299	511.134	23666.5	22117.1	270052	2.45454e+06	2.16847e-11	
43.2755	469324	2035.69	696.1	538.299	538299	510.819	23629.5	22082.3	269578	2.45454e+06	2.17919e-11	
43.9608	467584	2044.08	695.247	538.299	538299	510.508	23592.8	22047.8	269109	2.45454e+06	2.18982e-11	
44.3817	466531	2049.21	694.727	538.299	538299	510.317	23570.4	22026.7	268823	2.45454e+06	2.19632e-11	
44.8025	465488	2054.31	694.21	538.299	538299	510.128	23548.2	22005.8	268540	2.45454e+06	2.20279e-11	
45.2234	464456	2059.39	693.695	538.299	538299	509.94	23526.2	21985.1	268259	2.45454e+06	2.20923e-11	
45.5045	463772	2062.77	693.352	538.299	538299	509.815	23511.5	21971.3	268072	2.45454e+06	2.21352e-11	
45.7857	463093	2066.15	693.011	538.299	538299	509.69	23496.8	21957.5	267886	2.45454e+06	2.2178e-11	
46.0668	462419	2069.51	692.67	538.299	538299	509.566	23482.3	21943.8	267701	2.45454e+06	2.22207e-11	
46.8028	460674	2078.28	691.785	538.299	538299	509.243	23444.4	21908.2	267221	2.45454e+06	2.23319e-11	
47.5387	458958	2086.98	690.906	538.299	538299	508.922	23406.9	21872.9	266747	2.45454e+06	2.24424e-11	
48.2747	457270	2095.63	690.035	538.299	538299	508.605	23369.7	21838	266278	2.45454e+06	2.25521e-11	
49.1755	455241	2106.14	688.977	538.299	538299	508.219	23324.7	21795.7	265712	2.45454e+06	2.26855e-11	
50.0763	453250	2116.58	687.93	538.299	538299	507.838	23280.2	21753.8	265153	2.45454e+06	2.2818e-11	
50.3015	452758	2119.17	687.67	538.299	538299	507.743	23269.1	21743.4	265014	2.45454e+06	2.28509e-11	
50.5267	452269	2121.76	687.41	538.299	538299	507.649	23258.1	21733.1	264876	2.45454e+06	2.28838e-11	
50.7519	451782	2124.35	687.151	538.299	538299	507.554	23247.1	21722.8	264739	2.45454e+06	2.29167e-11	
50.9949	451259	2127.14	686.872	538.299	538299	507.453	23235.3	21711.6	264591	2.45454e+06	2.29521e-11	
51.2379	450738	2129.92	686.593	538.299	538299	507.352	23223.5	21700.5	264443	2.45454e+06	2.29874e-11	
51.4809	450220	2132.7	686.315	538.299	538299	507.251	23211.7	21689.5	264297	2.45454e+06	2.30226e-11	
51.711	449731	2135.32	686.053	538.299	538299	507.155	23200.6	21679.1	264158	2.45454e+06	2.3056e-11	
51.9411	449245	2137.94	685.791	538.299	538299	507.06	23189.5	21668.6	264020	2.45454e+06	2.30892e-11	
52.1712	448761	2140.56	685.53	538.299	538299	506.965	23178.4	21658.2	263882	2.45454e+06	2.31224e-11	
54.2157	444553	2163.61	683.232	538.299	538299	506.13	23081.3	21567.1	262678	2.45454e+06	2.34153e-11	
56.0711	440868	2184.28	681.181	538.299	538299	505.385	22994.9	21486	261613	2.45454e+06	2.36778e-11	
57.9265	437299	2204.72	679.16	538.299	538299	504.652	22910.1	21406.4	260573	2.45454e+06	2.39376e-11	
59.7819	433835	2224.97	677.166	538.299	538299	503.93	22826.5	21328	259555	2.45454e+06	2.4195e-11	
61.6373	430466	2245.07	675.196	538.299	538299	503.216	22744.2	21250.9	258558	2.45454e+06	2.44503e-11	
63.8156	426622	2268.49	672.909	538.299	538299	502.389	22648.9	21161.6	257411	2.45454e+06	2.4748e-11	
65.9939	422885	2291.76	670.648	538.299	538299	501.571	22554.9	21073.6	256288	2.45454e+06	2.50439e-11	
68.1722	419244	2314.94	668.407	538.299	538299	500.761	22462.1	20986.6	255185	2.45454e+06	2.53386e-11	
70.3505	415688	2338.07	666.183	538.299	538299	499.957	22370.1	20900.6	254101	2.45454e+06	2.56325e-11	
72.5288	412209	2361.17	663.971	538.299	538299	499.159	22278.9	20815.3	253032	2.45454e+06	2.59261e-11	
75.723	407225	2395.11	660.743	538.299	538299	497.993	22146.2	20691.3	251489	2.45454e+06	2.63574e-11	
78.9171	402359	2429.24	657.523	538.299	538299	496.831	22014.2	20568	249969	2.45454e+06	2.6791e-11	
82.1113	397586	2463.69	654.297	538.299	538299	495.667	21882.5	20445	248466	2.45454e+06	2.72284e-11	
85.3055	392886	2498.6	651.055	538.299	538299	494.497	21750.4	20321.9	246972	2.45454e+06	2.76715e-11	
88.4997	388238	2534.12	647.784	538.299	538299	493.316	21617.6	20198	245483	2.45454e+06	2.8122e-11	
91.6939	383622	2570.4	644.472	538.299	538299	492.12	21483.4	20073.1	243993	2.45454e+06	2.85819e-11	
94.888	379020	2607.61	641.105	538.299	538299	490.903	21347.4	19946.4	242495	2.45454e+06	2.90531e-11	
98.0822	374413	2645.93	637.67	538.299	538299	489.661	21209	19817.7	240984	2.45454e+06	2.9538e-11	
101.895	368883	2693.4	633.461	538.299	538299	488.137	21039.8	19660.4	239155	2.45454e+06	3.01379e-11	
105.708	363290	2743.11	629.106	538.299	538299	486.559	20865.3	19498.3	237287	2.45454e+06	3.07652e-11	
109.52	357601	2795.49	624.577	538.299	538299	484.914	20684.3	19330.3	235368	2.45454e+06	3.14251e-11	
112.676	352797	2841.22	620.674	538.299	538299	483.494	20528.6	19185.9	233734	2.45454e+06	3.20002e-11	
115.831	347885	2889.45	616.607	538.299	538299	482.012	20366.7	19035.9	232050	2.45454e+06	3.26055e-11	
118.986	342844	2940.55	612.355	538.299	538299	480.458	20197.7	18879.4	230306	2.45454e+06	3.32456e-11	
122.142	337651	2994.96	607.89	538.299	538299	478.822	20020.6	18715.5	228494	2.45454e+06	3.39255e-11	
125.297	332283	3053.18	603.183	538.299	538299	477.092	19834.2	18543.1	226603	2.45454e+06	3.46511e-11	
128.453	326712	3115.8	598.202	538.299	538299	475.255	19637.1	18361	224622	2.45454e+06	3.54292e-11	
131.002	322044	3170.08	593.953	538.299	538299	473.682	19469.2	18205.9	222946	2.45454e+06	3.61015e-11	
133.552	317209	3228.11	589.48	538.299	538299	472.019	19292.6	18042.9	221196	2.45454e+06	3.68179e-11	
136.101	312190	3290.37	584.758	538.299	538299	470.257	19106.2	17871	219363	2.45454e+06	3.75838e-11	
138.65	306968	3357.43	579.763	538.299	538299	468.383	18909.2	17689.3	217437	2.45454e+06	3.84054e-11	
141.2	301523	3429.92	574.464	538.299	538299	466.385	18700.1	17496.7	215408	2.45454e+06	3.92897e-11	
143.749	295834	3508.61	568.832	538.299	538299	464.249	18477.9	17292.1	213266	2.45454e+06	4.02446e-11	
146.299	289879	3594.35	562.833	538.299	538299	461.957	18241.1	17074.1	210998	2.45454e+06	4.12789e-11	
148.417	284712	3671.65	557.545	538.299	538299	459.922	18032.2	16881.9	209007	2.45454e+06	4.2206e-11	
150.535	279332	3755.16	551.958	538.299	538299	457.757	17811.2	16678.6	206912	2.45454e+06	4.32013e-11	
152.653	273725	3845.61	546.05	538.299	538299	455.448	17577.1	16463.4	204703	2.45454e+06	4.4272e-11	
154.771	267878	3943.83	539.8	538.299	538299	452.984	17329	16235.4	202371	2.45454e+06	4.54256e-11	
156.889	261777	4050.74	533.187	538.299	538299	450.35	17065.9	15993.5	199905	2.45454e+06	4.66703e-11	
159.007	255411	4167.35	526.191	538.299	538299	447.531	16786.6	15736.9	197295	2.45454e+06	4.80147e-11	
161.125	248770	4294.78	518.799	538.299	538299	444.515	16490.4	15464.6	194530	2.45454e+06	4.94675e-11	
163.243	241848	4434.23	510.997	538.299	538299	441.287	16176.4	15175.9	191601	2.45454e+06	5.10376e-11	
164.979	235963	4558.34	504.297	538.299	538299	438.474	15905.4	14926.7	189071	2.45454e+06	5.24171e-11	
166.714	229888	4692.1	497.322	538.299	538299	435.505	15621.8	14665.8	186419	2.45454e+06	5.38847e-11	
168.449	223625	4836.24	490.08	538.299	538299	432.375	15325.7	14393.1	183640	2.45454e+06	5.54439e-11	
169.873	218353	4962.69	483.95	538.299	538299	429.685	15073.6	14160.8	181264	2.45454e+06	5.67924e-11	
171.296	212964	5096.95	477.661	538.299	538299	426.885	14813.4	13920.9	178800	2.45454e+06	5.82044e-11	
172.719	207467	5239.34	471.226	538.299	538299	423.975	14545.5	13673.7	176247	2.45454e+06	5.96792e-11	
174.143	201871	5390.1	464.665	538.299	538299	420.96	14270.5	13419.6	173607	2.45454e+06	6.12156e-11	
175.566	196187	5549.42	457.999	538.299	538299	417.843	13989.1	13159.3	170880	2.45454e+06	6.2811e-11	
176.989	190430	5717.39	451.253	538.299	538299	414.633	13702.2	12893.4	168070	2.45454e+06	6.44616e-11	
178.413	184615	5893.97	444.457	538.299	538299	411.338	13410.8	12623	165182	2.45454e+06	6.61623e-11	
179.836	178760	6078.99	437.642	538.299	538299	407.969	13116.2	12349.2	162220	2.45454e+06	6.79066e-11	
181.259	172886	6272.13	430.839	538.299	538299	404.541	12819.7	12073.1	159193	2.45454e+06	6.96868e-11	
182.683	167013	6472.9	424.084	538.299	538299	401.07	12522.8	11796.1	156110	2.45454e+06	7.14938e-11	
184.106	161163	6680.66	417.41	538.299	538299	397.573	12227.3	11519.7	152981	2.45454e+06	7.33177e-11	
185.529	155361	6894.6	410.848	538.299	538299	394.07	11934.5	11245.4	149818	2.45454e+06	7.51478e-11	
186.953	149628	7113.76	404.428	538.299	538299	390.579	11646.3	10974.6	146634	2.45454e+06	7.69732e-11	
188.376	143987	7337.06	398.175	538.299	538299	387.122	11364.1	10709	143444	2.45454e+06	7.87828e-11	
189.555	139400	7524.31	393.138	538.299	538299	384.297	11136	10493.8	140807	2.45454e+06	8.02622e-11	
190.734	134902	7712.89	388.238	538.299	538299	381.519	10913.7	10283.8	138184	2.45454e+06	8.17177e-11	
191.913	130504	7902.08	383.483	538.299	538299	378.797	10697.9	10079.5	135583	2.45454e+06	8.31443e-11	
193.092	126215	8091.18	378.877	538.299	538299	376.14	10489.2	9881.64	133013	2.45454e+06	8.45373e-11	
194.271	122044	8279.5	374.42	538.299	538299	373.556	10288	9690.55	130481	2.45454e+06	8.58926e-11	
195.45	117996	8466.37	370.114	538.299	538299	371.051	10094.7	9506.62	127995	2.45454e+06	8.72071e-11	
196.629	114077	8651.18	365.954	538.299	538299	368.631	9909.35	9330.12	125561	2.45454e+06	8.84779e-11	
197.807	110293	8833.36	361.937	538.299	538299	366.299	9732.25	9161.22	123187	2.45454e+06	8.97032e-11	
199.133	106200	9034.49	357.583	538.299	538299	363.785	9542.9	8980.43	120593	2.45454e+06	9.10252e-11	
200.459	102284	9231.04	353.394	538.299	538299	361.39	9363.9	8809.33	118086	2.45454e+06	9.2287e-11	
201.785	98543.3	9422.5	349.358	538.299	538299	359.112	9195.06	8647.78	115672	2.45454e+06	9.34883e-11	
203.111	94978.8	9608.47	345.465	538.299	538299	356.951	9036.1	8495.56	113355	2.45454e+06	9.46299e-11	
204.437	91587.8	9788.66	341.703	538.299	538299	354.905	8886.65	8352.37	111135	2.45454e+06	9.57129e-11	
205.918	87999.3	9982.91	337.641	538.299	538299	352.751	8730.41	8202.59	108774	2.45454e+06	9.68559e-11	
207.4	84616.9	10169.5	333.714	538.299	538299	350.732	8584.91	8063.06	106538	2.45454e+06	9.79308e-11	
208.881	81432.9	10348.5	329.91	538.299	538299	348.839	8449.49	7933.17	104426	2.45454e+06	9.89409e-11	
210.363	78439.1	10519.8	326.215	538.299	538299	347.067	8323.47	7812.29	102435	2.45454e+06	9.98898e-11	
211.845	75626.3	10683.7	322.619	538.299	538299	345.409	8206.17	7699.79	100563	2.45454e+06	1.00781e-10	
213.326	72985.1	10840.4	319.112	538.299	538299	343.856	8096.94	7595.04	98804.5	2.45454e+06	1.01619e-10	
215.018	70166	11010.8	315.205	538.299	538299	342.202	7981.22	7484.12	96928.9	2.45454e+06	1.02515e-10	
216.711	67543.7	11172.6	311.394	538.299	538299	340.665	7874.28	7381.66	95187.5	2.45454e+06	1.03351e-10	
218.403	65104	11326.2	307.67	538.299	538299	339.236	7775.3	7286.88	93571.7	2.45454e+06	1.04133e-10	
220.095	62833.2	11472.1	304.028	538.299	538299	337.904	7683.49	7199.03	92073.1	2.45454e+06	1.04864e-10	
221.787	60718.1	11610.9	300.46	538.299	538299	336.661	7598.15	7117.44	90683	2.45454e+06	1.05551e-10	
223.479	58746.3	11743.1	296.964	538.299	538299	335.498	7518.65	7041.48	89393.1	2.45454e+06	1.06195e-10	
225.529	56532.7	11895	292.818	538.299	538299	334.186	7429.34	6956.22	87953	2.45454e+06	1.06927e-10	
227.579	54493.1	12038.7	288.767	538.299	538299	332.969	7346.82	6877.54	86634.5	2.45454e+06	1.07609e-10	
229.629	52609.7	12175	284.805	538.299	538299	331.836	7270.32	6804.66	85425	2.45454e+06	1.08247e-10	
231.679	50866.7	12304.5	280.929	538.299	538299	330.778	7199.11	6736.9	84312.8	2.45454e+06	1.08847e-10	
233.729	49249.7	12427.9	277.134	538.299	538299	329.787	7132.6	6673.66	83287.5	2.45454e+06	1.09411e-10	
235.779	47745.7	12545.8	273.419	538.299	538299	328.854	7070.26	6614.45	82339.6	2.45454e+06	1.09945e-10	
237.829	46343.2	12658.8	269.779	538.299	538299	327.974	7011.61	6558.8	81460.6	2.45454e+06	1.10451e-10	
239.879	45031.8	12767.2	266.21	538.299	538299	327.141	6956.25	6506.33	80642.9	2.45454e+06	1.10932e-10	
241.929	43802.3	12871.6	262.708	538.299	538299	326.35	6903.84	6456.68	79879.8	2.45454e+06	1.11391e-10	
243.979	42646.4	12972.3	259.271	538.299	538299	325.597	6854.06	6409.57	79165.3	2.45454e+06	1.11829e-10	
246.029	41556.7	13069.7	255.893	538.299	538299	324.878	6806.63	6364.73	78494.1	2.45454e+06	1.1225e-10	
248.079	40526.7	13164.1	252.571	538.299	538299	324.189	6761.33	6321.92	77861.6	2.45454e+06	1.12654e-10	
250.129	39550.5	13255.8	249.301	538.299	538299	323.527	6717.93	6280.95	77263.7	2.45454e+06	1.13044e-10	
252.179	38622.9	13345.1	246.079	538.299	538299	322.891	6676.26	6241.62	76696.7	2.45454e+06	1.1342e-10	
254.229	37739.1	13432.2	242.9	538.299	538299	322.277	6636.13	6203.79	76157.4	2.45454e+06	1.13784e-10	
256.279	36895	13517.3	239.761	538.299	538299	321.683	6597.41	6167.3	75643	2.45454e+06	1.14137e-10	
258.329	36086.9	13600.6	236.658	538.299	538299	321.107	6559.96	6132.03	75150.9	2.45454e+06	1.14481e-10	
260.379	35311.2	13682.4	233.586	538.299	538299	320.548	6523.66	6097.87	74678.9	2.45454e+06	1.14815e-10	
262.636	34491.3	13770.7	230.237	538.299	538299	319.949	6484.89	6061.4	74180.1	2.45454e+06	1.15174e-10	
264.893	33703.4	13857.6	226.916	538.299	538299	319.367	6447.26	6026.02	73701	2.45454e+06	1.15525e-10	
267.15	32944.3	13943.3	223.618	538.299	538299	318.8	6410.63	5991.61	73239.3	2.45454e+06	1.15867e-10	
269.407	32211	14027.8	220.339	538.299	538299	318.245	6374.91	5958.07	72793.2	2.45454e+06	1.16203e-10	
271.664	31500.9	14111.4	217.074	538.299	538299	317.701	6339.99	5925.3	72361	2.45454e+06	1.16533e-10	
273.92	30811.6	14194.2	213.818	538.299	538299	317.168	6305.78	5893.22	71941.3	2.45454e+06	1.16858e-10	
276.518	30041.2	14288.9	210.076	538.299	538299	316.565	6267.2	5857.05	71472	2.45454e+06	1.17225e-10	
279.115	29292.6	14382.9	206.334	538.299	538299	315.972	6229.34	5821.58	71015.6	2.45454e+06	1.17588e-10	
281.712	28562.9	14476.7	202.584	538.299	538299	315.388	6192.1	5786.7	70570.3	2.45454e+06	1.17947e-10	
282.131	28446.9	14491.8	201.978	538.299	538299	315.294	6186.15	5781.12	70499.4	2.45454e+06	1.18004e-10	
282.55	28331.2	14506.8	201.372	538.299	538299	315.201	6180.21	5775.56	70428.8	2.45454e+06	1.18062e-10	
282.969	28216	14521.9	200.765	538.299	538299	315.108	6174.28	5770.01	70358.4	2.45454e+06	1.18119e-10	
283.387	28101.2	14537	200.158	538.299	538299	315.015	6168.37	5764.48	70288.3	2.45454e+06	1.18176e-10	
283.806	27986.8	14552.1	199.551	538.299	538299	314.922	6162.46	5758.95	70218.4	2.45454e+06	1.18234e-10	
284.644	27759.1	14582.3	198.334	538.299	538299	314.736	6150.69	5747.93	70079.2	2.45454e+06	1.18348e-10	
285.482	27532.9	14612.5	197.115	538.299	538299	314.552	6138.96	5736.96	69940.9	2.45454e+06	1.18462e-10	
286.319	27308.1	14642.7	195.894	538.299	538299	314.367	6127.27	5726.03	69803.5	2.45454e+06	1.18575e-10	
287.157	27084.6	14673	194.671	538.299	538299	314.184	6115.62	5715.13	69666.7	2.45454e+06	1.18689e-10	
287.994	26862.4	14703.3	193.444	538.299	538299	314	6104.01	5704.27	69530.7	2.45454e+06	1.18802e-10	
289.423	26486.2	14755	191.345	538.299	538299	313.688	6084.27	5685.81	69300.4	2.45454e+06	1.18995e-10	
290.852	26113.3	14806.8	189.237	538.299	538299	313.377	6064.62	5667.44	69071.8	2.45454e+06	1.19188e-10	
292.28	25743.3	14858.9	187.119	538.299	538299	313.067	6045.04	5649.14	68844.9	2.45454e+06	1.1938e-10	
293.709	25376.1	14911.1	184.989	538.299	538299	312.758	6025.52	5630.9	68619.5	2.45454e+06	1.19573e-10	
295.137	25011.3	14963.6	182.847	538.299	538299	312.448	6006.04	5612.71	68395.4	2.45454e+06	1.19765e-10	
296.566	24648.8	15016.3	180.691	538.299	538299	312.139	5986.61	5594.55	68172.5	2.45454e+06	1.19957e-10	
299.576	23891.3	15128.3	176.105	538.299	538299	311.488	5945.73	5556.39	67706	2.45454e+06	1.20364e-10	
302.586	23140.9	15241.9	171.451	538.299	538299	310.836	5904.89	5518.27	67242.7	2.45454e+06	1.20771e-10	
305.596	22396	15357.3	166.724	538.299	538299	310.182	5864.01	5480.12	66781.5	2.45454e+06	1.21182e-10	
308.606	21655.2	15474.8	161.921	538.299	538299	309.524	5823	5441.88	66321.3	2.45454e+06	1.21595e-10	
311.616	20917.5	15594.5	157.039	538.299	538299	308.861	5781.82	5403.47	65861.2	2.45454e+06	1.22013e-10	
314.626	20182	15716.6	152.078	538.299	538299	308.193	5740.42	5364.87	65400.4	2.45454e+06	1.22434e-10	
318.739	19179.4	15887.8	145.177	538.299	538299	307.27	5683.4	5311.72	64768.2	2.45454e+06	1.23018e-10	
322.853	18179.5	16064.3	138.15	538.299	538299	306.335	5625.85	5258.07	64131.9	2.45454e+06	1.2361e-10	
326.967	17183.3	16246	131.027	538.299	538299	305.388	5567.78	5203.94	63490.6	2.45454e+06	1.24211e-10	
331.081	16192.8	16433	123.852	538.299	538299	304.429	5509.28	5149.38	62844.2	2.45454e+06	1.2482e-10	
334.422	15395.2	16588.5	118.029	538.299	538299	303.645	5461.56	5104.86	62315.7	2.45454e+06	1.25318e-10	
337.763	14606.5	16746.8	112.251	538.299	538299	302.857	5413.79	5060.28	61784.7	2.45454e+06	1.25819e-10	
341.104	13830.1	16907.4	106.565	538.299	538299	302.068	5366.14	5015.78	61252.3	2.45454e+06	1.2632e-10	
343.88	13197.3	17042.2	101.948	538.299	538299	301.415	5326.8	4979.01	60809.9	2.45454e+06	1.26734e-10	
346.655	12578.2	17177.5	97.4593	538.299	538299	300.765	5287.82	4942.55	60368.5	2.45454e+06	1.27146e-10	
349.431	11975.4	17312.9	93.1306	538.299	538299	300.123	5249.36	4906.55	59929.4	2.45454e+06	1.27553e-10	
352.207	11391.8	17447.7	88.9903	538.299	538299	299.49	5211.57	4871.15	59493.9	2.45454e+06	1.27953e-10	
354.983	10829.8	17581.3	85.0642	538.299	538299	298.869	5174.62	4836.49	59063.7	2.45454e+06	1.28345e-10	
357.759	10292	17713	81.3742	538.299	538299	298.263	5138.67	4802.75	58640.2	2.45454e+06	1.28727e-10	
360.519	9783.63	17841.2	77.9566	538.299	538299	297.679	5104.09	4770.25	58227.8	2.45454e+06	1.29094e-10	
363.278	9303.2	17966.2	74.7993	538.299	538299	297.115	5070.79	4738.92	57825.5	2.45454e+06	1.29448e-10	
366.038	8852.14	18087.2	71.9071	538.299	538299	296.573	5038.91	4708.89	57434.9	2.45454e+06	1.29786e-10	
368.798	8431.4	18203.7	69.2788	538.299	538299	296.056	5008.55	4680.26	57057.6	2.45454e+06	1.30109e-10	
371.557	8041.44	18315.3	66.9082	538.299	538299	295.565	4979.79	4653.12	56694.9	2.45454e+06	1.30415e-10	
374.317	7682.21	18421.5	64.7845	538.299	538299	295.102	4952.68	4627.5	56348	2.45454e+06	1.30703e-10	
377.076	7353.24	18522	62.8937	538.299	538299	294.666	4927.26	4603.46	56018	2.45454e+06	1.30973e-10	
379.836	7053.64	18616.6	61.2192	538.299	538299	294.258	4903.54	4581	55705.4	2.45454e+06	1.31225e-10	
382.595	6782.18	18705.3	59.743	538.299	538299	293.879	4881.49	4560.11	55410.9	2.45454e+06	1.31459e-10	
385.355	6537.4	18788	58.4467	538.299	538299	293.527	4861.09	4540.76	55134.6	2.45454e+06	1.31676e-10	
388.114	6317.61	18864.8	57.312	538.299	538299	293.202	4842.28	4522.91	54876.5	2.45454e+06	1.31876e-10	
390.874	6121.04	18935.7	56.3213	538.299	538299	292.903	4825	4506.5	54636.4	2.45454e+06	1.32059e-10	
393.633	5945.83	19001.1	55.4579	538.299	538299	292.629	4809.18	4491.46	54414	2.45454e+06	1.32227e-10	
396.393	5790.14	19061.2	54.7066	538.299	538299	292.379	4794.74	4477.73	54208.7	2.45454e+06	1.32381e-10	
399.152	5652.17	19116.1	54.0536	538.299	538299	292.15	4781.58	4465.21	54019.7	2.45454e+06	1.32521e-10	
401.912	5530.18	19166.3	53.4863	538.299	538299	291.942	4769.63	4453.84	53846.5	2.45454e+06	1.32647e-10	
404.671	5422.54	19211.9	52.9937	538.299	538299	291.754	4758.81	4443.53	53688	2.45454e+06	1.32762e-10	
407.431	5327.71	19253.4	52.5659	538.299	538299	291.584	4749.01	4434.2	53543.4	2.45454e+06	1.32866e-10	
410.191	5244.28	19290.9	52.1945	538.299	538299	291.429	4740.17	4425.77	53411.9	2.45454e+06	1.3296e-10	
412.95	5170.97	19324.9	51.8718	538.299	538299	291.29	4732.2	4418.17	53292.5	2.45454e+06	1.33045e-10	
415.71	5106.62	19355.5	51.5914	538.299	538299	291.165	4725.02	4411.33	53184.4	2.45454e+06	1.33121e-10	
418.896	5042.06	19387.1	51.3129	538.299	538299	291.036	4717.64	4404.28	53072.3	2.45454e+06	1.33199e-10	
422.083	4986.6	19415.1	51.0758	538.299	538299	290.922	4711.12	4398.06	52972.8	2.45454e+06	1.33269e-10	
425.27	4938.98	19439.8	50.8739	538.299	538299	290.822	4705.38	4392.58	52884.5	2.45454e+06	1.3333e-10	
428.456	4898.11	19461.6	50.7016	538.299	538299	290.734	4700.32	4387.76	52806.5	2.45454e+06	1.33383e-10	
431.643	4863.03	19480.8	50.5546	538.299	538299	290.656	4695.88	4383.51	52737.6	2.45454e+06	1.3343e-10	
434.83	4832.92	19497.7	50.4291	538.299	538299	290.588	4691.98	4379.79	52676.8	2.45454e+06	1.33472e-10	
439.459	4796.61	19518.6	50.2784	538.299	538299	290.503	4687.15	4375.18	52601.2	2.45454e+06	1.33523e-10	
444.088	4767.51	19535.9	50.1583	538.299	538299	290.433	4683.17	4371.37	52538.5	2.45454e+06	1.33565e-10	
448.718	4744.17	19550.2	50.0622	538.299	538299	290.376	4679.89	4368.23	52486.6	2.45454e+06	1.336e-10	
453.347	4725.45	19561.9	49.9854	538.299	538299	290.328	4677.19	4365.66	52443.8	2.45454e+06	1.33629e-10	
457.977	4710.41	19571.5	49.9238	538.299	538299	290.29	4674.97	4363.54	52408.5	2.45454e+06	1.33652e-10	
462.606	4698.31	19579.5	49.8744	538.299	538299	290.258	4673.15	4361.8	52379.4	2.45454e+06	1.33671e-10	
467.236	4688.59	19586	49.8346	538.299	538299	290.232	4671.66	4360.37	52355.6	2.45454e+06	1.33687e-10	
471.865	4680.75	19591.3	49.8026	538.299	538299	290.21	4670.44	4359.21	52336	2.45454e+06	1.337e-10	
476.495	4674.43	19595.6	49.7769	538.299	538299	290.193	4669.44	4358.25	52319.9	2.45454e+06	1.33711e-10	
481.124	4669.34	19599.2	49.7561	538.299	538299	290.178	4668.63	4357.47	52306.8	2.45454e+06	1.33719e-10	
485.754	4665.22	19602.1	49.7393	538.299	538299	290.167	4667.96	4356.83	52296	2.45454e+06	1.33726e-10	
490.383	4661.9	19604.5	49.7258	538.299	538299	290.157	4667.41	4356.31	52287.2	2.45454e+06	1.33732e-10	
495.943	4658.73	19606.8	49.7129	538.299	538299	290.148	4666.89	4355.81	52278.7	2.45454e+06	1.33738e-10	
500	4656.89	19608.1	49.7054	538.299	538299	290.142	4666.58	4355.51	52273.7	2.45454e+06	1.33741e-10	
